15
38 253050473 94982
19 873235634 3331
34 96232154 99722
18 361560017 18236
1 43839514 70819
30 211957237 36759
21 276441039 97496
10 677009897 39625
43 899961447 35095
15 278681496 20167
16 777735821 93692
39 295651318 33500
40 814700985 79446
14 174272701 32273
33 149679268 37695
1900
23 831035603 24894
5 306200398 3943
8 234156998 72956
13 487095017 78710
36 867609417 65830
16 150417158 90837
15 763488488 15569
21 138407702 69000
26 504126587 78772
25 71881959 36341
21 319618140 69574
17 767844279 6303
34 34348133 75688
8 138373656 73580
32 404430767 59792
20 264657823 68267
50 163510322 97651
34 335879395 12469
25 68273994 88726
25 18472427 54602
23 896292890 87594
9 198937899 51228
25 364564436 61676
45 105737057 71774
11 737173713 34053
35 583722535 24606
34 499676695 57088
1 776409156 97419
38 179110463 97693
5 8204886 8561
9 538329940 22197
2 105653469 9988
40 901770495 88872
5 37935631 81796
43 445993936 55886
1 102445832 65475
14 417158490 25002
2 496355619 57413
5 830654224 45325
49 828281243 48796
48 313468564 97592
35 626473872 22797
7 513104590 99508
4 919764773 51734
15 130089615 57883
23 406968510 57714
14 518253981 82967
50 58912940 38361
45 110090888 90923
14 355038223 74192
5 298389708 6558
30 101866589 51139
38 943543696 6695
13 78501889 74913
28 87812214 50055
42 945289581 43068
43 491206521 70603
25 27082620 23592
36 448400096 87689
9 270247873 93672
40 134730804 39315
22 645530443 51225
10 936577011 66149
10 453598356 14968
7 364347097 90049
37 462875038 64277
3 199472416 16461
2 356986908 90107
16 80451522 4199
29 519417213 94688
2 453068117 63870
25 414886125 57483
20 31604324 52300
15 15273427 74534
25 60978153 28489
37 217768513 94258
46 74776976 47490
27 242492178 93451
17 314084644 7904
22 657395138 85549
27 567930244 76936
27 568672491 84189
2 871916354 82518
29 731687102 80688
10 233417262 51993
48 792717452 96871
10 28218955 8086
28 474264286 73081
11 385105843 19827
8 867296645 74201
49 906184037 44804
50 695631937 62595
38 140319701 23457
38 511747101 6560
50 866384436 46522
30 974620365 29266
2 50168273 3331
26 277416845 13858
45 731958571 39020
39 463850956 43337
9 649353883 68055
17 78668168 54365
30 51564015 68030
48 469948024 29193
32 780743697 4537
42 597178238 41125
3 69646527 54776
43 222363083 58002
11 622987160 58503
49 2804985 96221
24 547075650 71816
15 299227580 16277
32 757257119 13344
49 220453648 80174
47 930573320 41638
38 922132390 96825
35 53916825 74931
9 730274034 53522
46 940719581 37981
10 756358871 10928
23 704294632 65838
17 278471546 68605
13 332850930 39917
1 517707739 44554
40 144042266 49437
28 859384664 71763
6 184837820 67438
22 985602110 36289
15 897868551 92527
40 65462368 5277
33 207673199 34956
6 646317606 18035
2 1991268 60211
17 611794768 24699
13 490428379 94620
29 313567480 65611
44 494122252 32311
43 203001298 8803
18 26741955 39217
42 12173249 57665
29 345299516 28409
31 369353091 10185
11 675500314 16079
2 84704577 50478
2 239791590 98276
24 50326546 94022
49 700481560 19474
17 399196715 33613
33 267140200 59668
23 48273148 15790
30 944665621 39603
40 919300272 80815
27 970887267 18381
20 947012712 70521
30 424330494 48855
41 467189371 89202
28 516531245 93435
37 71038968 38053
43 594642424 72323
30 979981856 8943
45 869671404 84921
41 776090086 92180
19 5341852 94182
22 238482761 62073
49 633109853 52308
32 838797395 48542
17 339869746 15309
16 410216637 32425
23 815863587 45690
28 306035065 36673
22 82720839 83859
9 210511406 32807
10 986663542 88397
4 65570586 19529
31 987924152 18623
14 588017504 40808
2 238643545 99462
26 125950773 53190
24 484378799 1881
18 566545393 53039
24 240874940 85016
30 505859372 97412
46 445238084 30680
39 979012761 11158
32 367145606 74257
45 119695840 22462
10 326017581 16151
25 238453897 1097
25 808553589 48719
36 18053873 82694
11 674136000 3568
22 86514554 87698
44 102272074 58305
27 140083426 97164
47 633217574 9593
45 173057203 20709
39 499011976 83271
21 497509403 35500
42 838178334 53859
41 872473103 6027
43 175272977 36686
49 228229578 61863
17 364520327 7354
20 862117384 83078
40 522456837 31177
32 941010872 16019
20 36163543 33888
14 369467871 83482
44 419145949 40456
34 65014562 28235
27 94331612 32899
23 987797476 48050
1 456283496 97738
30 595439712 68088
41 16043250 50448
49 220140751 22879
24 391632725 1608
9 494828481 61680
6 890068821 28391
40 505765773 74253
25 897058965 94603
4 348166256 74817
24 977370135 68292
31 207910807 91587
5 637110594 27105
4 638515238 65095
18 344398130 56709
3 339273079 41655
6 375058978 99139
38 37341478 10603
46 870939705 4173
37 58311892 74236
3 4989862 23203
19 355753409 29942
18 825021069 45550
20 483341424 94388
25 853297662 32820
32 330948791 53760
27 92891875 40833
28 539253670 85771
43 391460121 29542
34 155320531 37526
45 654007971 19215
42 573151153 44525
40 373260831 69531
29 308190578 27525
40 940616308 62850
1 914844690 89791
1 257253943 8347
40 337196543 8634
50 41938274 31851
4 276619208 46940
2 199894249 38713
32 893599168 25595
25 221475440 77699
47 918346043 96416
11 969973564 25616
17 557722659 77676
20 614753957 33886
39 436334297 18864
21 121773237 61093
46 961083558 22832
1 514410222 54236
17 380817427 64869
44 377787178 23913
2 995704611 79378
21 766777431 21770
39 721153374 63649
23 170554371 18743
38 418018396 83137
36 215073554 89777
8 848993436 86776
15 52235531 30231
15 952483297 25584
35 923662405 65344
40 45769354 49782
13 676820909 24726
42 256318943 67044
43 252566157 32845
17 125723404 22134
13 333358010 30855
7 233721068 15922
35 151958317 75366
4 90176305 68880
42 301432950 76936
39 75540318 2683
25 988008688 82250
32 187431716 18730
41 469249973 87785
41 43467513 8095
14 829448859 98465
8 207010061 14312
48 202971739 60611
43 969028207 16973
21 209248496 81476
16 216231754 25888
28 218148850 33587
7 404937801 12807
7 947897195 98373
3 921373792 27325
40 332877008 39850
14 324484407 65475
10 799772445 4677
45 326409521 28430
15 98903249 66952
8 105046760 17063
14 454468286 34854
19 167572526 86894
43 879358381 13130
20 376440655 64995
10 575149665 27165
50 462637749 68448
42 22086553 98206
33 29170701 87217
27 436634806 93866
1 47830860 2596
22 701975152 68236
25 973834149 37505
16 868619742 23092
9 787246859 24392
28 653333325 13403
29 395310073 30078
15 413670854 42310
7 150277067 18901
2 120196971 47799
32 21259195 89514
41 68878860 2457
50 136473230 90029
33 107414645 75890
29 814226165 16510
13 188262499 20518
12 93860268 35378
45 328112244 30595
21 58395942 5862
46 558292519 9112
23 332000728 10320
10 616869886 98357
44 1836948 48314
12 318490300 11472
25 255469968 70401
34 98462457 36924
3 666884096 65862
17 831548009 80053
35 445014963 39547
3 314310131 18978
20 60142457 32299
9 738340868 74374
22 38413882 9567
29 488774326 96620
11 141216321 2533
20 452581762 97308
36 29668008 55702
44 995392629 50451
26 580275630 59775
24 668063523 32695
35 122892148 77748
23 368489418 72232
25 322246701 92524
25 412343316 74020
12 643952733 79772
3 221579902 2940
31 435514074 27077
46 42364421 41764
21 47735607 47815
30 980689407 52227
13 891423588 65954
28 375131099 47995
15 759064450 55385
2 132848153 56630
12 73500577 72382
34 324243880 89895
20 392859341 97730
34 46992450 36764
32 979737080 40798
20 761784823 83578
6 611940974 70198
33 685058970 36660
16 122635740 98110
27 261111860 57779
29 226765971 732
8 605971188 84301
2 900967096 38001
41 821262723 65529
42 11412731 87493
32 885653830 40844
17 351478826 4377
31 623709429 49463
32 191401512 40775
40 686797629 73590
28 432414510 11660
22 75043355 70194
33 558514133 59321
21 538194813 77206
21 52149291 64454
39 308045956 25866
35 625546237 34929
40 76059546 12843
18 642481640 66462
1 77466320 29008
25 760532136 43307
34 693585152 420
42 364793807 12208
36 915977434 50230
21 310360598 8391
48 77238968 20037
18 474451571 67587
38 43402491 59903
28 470302139 65164
41 750187225 62550
19 973468665 32275
13 652077111 6372
12 9774637 90282
2 648095534 88951
35 669379310 74961
16 587060994 69170
8 505565768 1771
23 993687032 37717
49 198551045 11862
46 708909433 31102
19 322886351 39989
47 75579118 70576
23 215059452 42360
28 260674664 10904
45 32922592 17863
26 19256245 78437
14 670260293 54269
47 864841333 11480
29 473933406 13188
32 138370368 74985
7 346734931 66448
37 579297371 90713
38 671312843 54493
16 849660152 76084
11 68489530 30920
36 634656706 15029
40 38000869 34497
25 952032038 31590
39 515723611 49068
32 932090143 81525
25 33953316 23480
42 927622099 76638
29 427142431 90854
47 45782594 68744
2 784891240 39736
21 394406552 87136
46 444865352 18194
12 401009314 46050
14 304074503 29313
48 429048383 65210
27 234001891 28312
13 658064674 6253
33 891535102 62
25 452818546 80246
33 78567792 50601
49 511402729 3635
3 752238538 9985
18 805867081 82667
6 209522711 65168
36 137764814 58754
29 146623870 46232
12 184593925 2707
27 333059480 66892
27 66600598 7767
40 559503404 25651
8 91547402 91772
26 342072815 11202
21 132841530 39255
3 623680131 97193
34 408614506 50465
3 577215125 11379
13 517212134 57212
33 478809053 29364
12 55686032 4156
13 238848456 39974
34 311535122 46770
32 704423797 33050
37 422624358 66760
15 227154237 33590
43 982118095 6918
24 645747646 73774
48 100066433 14654
21 264125645 47041
29 355923222 44491
43 505895067 694
6 795431559 78119
40 714551547 29288
34 686562436 77950
15 598425881 95597
42 873230221 21461
50 642246452 56941
39 391327739 6065
14 862472343 84202
35 683491357 29444
34 21496339 56649
41 158816969 98469
8 141411155 67061
39 30835904 81051
29 990304101 75935
6 14763747 38091
1 147238034 1525
48 95510254 78644
13 125019940 91016
50 926908444 3075
21 262975029 47315
9 202151033 93030
45 698626576 5992
3 717736098 48005
49 729610833 54059
22 472520586 26496
31 954842146 49458
31 485206892 82770
40 48182203 14946
18 76805833 27067
1 107706216 91847
25 506899864 55783
19 563637536 78672
46 741946346 58727
31 102791773 97279
25 742725247 15382
25 406023243 8628
13 334548959 46897
17 300729163 18980
8 251315270 90802
20 139032396 34281
15 517133516 64759
34 753920850 49422
31 470593729 51886
33 223199905 17200
13 246896697 23641
33 468422883 33385
44 425184110 39737
42 932174673 24446
34 675653090 22011
27 48193667 43399
14 560102122 20186
23 879271012 88010
10 557538356 30344
40 985109087 17796
12 688232021 57332
41 218168976 64480
16 846023373 70928
32 314665251 85822
11 596432068 4603
19 540170289 18184
39 838297655 22716
19 565090718 7250
23 630874547 82001
19 906137162 1554
13 23073393 86858
14 67193034 94342
39 747176302 5130
3 700078702 77452
43 435272083 2527
16 259125766 75029
9 582885335 95573
23 332626975 50205
8 219336594 99926
35 214991618 83561
45 627277295 67341
35 21407161 69933
5 453969763 32453
28 737211169 33104
8 79982610 30310
27 831901515 5193
23 127814585 52870
7 117833546 13411
21 852490636 22840
46 227223365 86028
32 68491102 62309
38 631487060 63467
28 653178170 22070
23 421988794 26127
20 86093091 71392
36 521809073 92427
32 177034805 9626
32 551920633 54289
24 40104764 65161
3 273187280 67374
1 386813358 56917
6 352000427 16157
27 740420690 85538
34 241419015 74106
15 742888564 66904
23 790814696 41491
48 98048212 74274
41 337472016 10011
38 311270089 20326
9 571728225 24269
8 79549195 40479
17 595214501 74663
39 732801449 9279
37 908383258 79761
30 924388090 8537
17 120335280 38770
44 574891968 7361
3 777957320 35285
49 149995626 91623
48 172813212 96359
29 791287273 31581
23 367156433 18115
36 957621285 2856
26 457198259 80155
8 486437272 21474
47 320572021 97814
37 433465571 71983
49 419807611 39369
49 444240821 80581
7 970501643 87447
50 975374687 96017
19 195272278 5330
18 284574841 57227
23 311944082 71868
21 737149664 19007
26 334190110 36720
32 485989207 56640
38 321407755 11953
9 795251749 18997
2 722345209 99249
28 404037073 12230
32 217164361 75506
37 901208687 40332
21 353721561 11535
2 959925448 1359
16 906229154 92919
36 109359993 78674
26 206281555 97902
23 258217459 88343
29 551276771 47061
27 303691915 43503
34 357892063 86045
19 42960719 74375
32 22581269 62401
26 739492291 72560
19 272135190 97976
36 420583001 76408
33 99488726 45307
10 416567401 79210
17 92429083 98543
38 857413111 74181
18 701431718 38510
47 437807129 16247
48 808502248 40880
42 47664850 69186
23 992278949 74176
41 47139341 23132
40 202841907 26949
24 703021396 11832
14 229345960 31925
47 112460497 86099
46 12369190 18740
31 110720849 66831
25 891444590 2151
24 694263550 675
45 409611840 87285
13 903179374 51199
10 614857339 65879
6 77653822 91707
20 551430268 60220
33 390464099 81427
9 149398137 80810
46 794362968 1179
37 477225284 9364
17 191698350 1019
48 401866423 74180
2 360255775 30270
28 486372429 51488
14 335142854 68030
16 110477941 23202
8 942768067 91010
2 693195183 92901
21 146668576 25391
9 81435568 19470
8 192875141 50375
34 429432780 99637
2 270057221 37484
28 511544985 4968
33 848493382 52291
16 821819845 51162
25 127316470 79874
20 956501972 46853
37 365560903 70380
39 541472392 64476
35 441926396 25837
27 995206790 18264
42 797105176 21075
6 488867536 54977
6 44700414 80680
39 664972696 39499
6 968615727 93859
47 605977397 69964
42 765335498 59429
19 213127910 89665
37 142502715 34328
19 750957352 76251
20 745003776 74686
20 731495651 40546
30 179523921 49305
10 974550497 49117
35 378337015 22465
17 296190729 45521
1 707985789 61324
9 299327041 74354
40 846016912 50625
1 651609209 30891
32 969561267 97405
34 92001147 397
17 958222918 55779
36 113318268 9446
40 866967546 99102
7 967700544 20837
4 789483563 70723
49 650166129 68819
19 431123464 78722
20 251060745 77608
34 31721777 24692
5 509990080 59565
29 544191818 25800
11 941907941 37048
1 420289712 6380
50 265838108 30576
30 460848389 75232
1 439684751 82290
35 487101427 86041
41 303241788 53313
32 492432727 62826
16 678786890 13438
45 401182970 19453
30 997707133 38068
22 284836812 35898
42 66844654 28950
13 566887346 88790
18 931231229 69486
50 32039444 20573
42 6164529 32236
28 369040615 66197
42 617792797 72295
43 482746450 40159
47 87724599 71801
35 281179033 34873
17 283606447 39689
11 646450430 31750
7 370014010 55433
2 90532424 66401
43 718085478 45466
26 973376186 75642
30 485419832 27219
7 737420203 86554
48 728464859 19788
22 597713424 57505
47 890769626 61432
36 603192531 24806
23 337815651 53239
27 350451071 62313
2 627344497 23091
10 199794461 51979
1 403358826 805
25 695584207 30194
7 106416908 69683
38 49805489 43545
29 88759089 71018
41 719531002 76415
31 744297192 855
39 457933641 80235
42 129121462 23591
10 31482800 93587
19 26942667 78787
45 752749422 88659
24 732524873 54382
49 532638041 31480
32 34171788 36559
42 119271397 35026
7 52053439 37641
30 566894759 45484
43 512767923 49403
15 493921855 77668
22 291656549 81903
24 144401662 42933
37 615899455 54462
39 753916803 53694
43 519681303 5123
9 144156270 66241
31 405738634 48869
2 765369883 67943
36 120575039 75253
7 332785891 41471
15 400374493 40855
42 767905085 63950
46 126512859 12282
34 299225089 43848
16 900257120 90937
23 257131701 49676
31 899915113 94967
9 118549496 95033
50 615580935 49279
32 173732578 4682
23 544293658 36237
46 243481702 67344
13 786458301 26517
8 6588985 68322
44 992827115 35768
43 288563919 83517
50 10124040 52511
5 6866489 91549
44 743583799 59369
1 587361771 95939
44 836468894 98306
44 413264860 33878
30 56393654 98603
37 832086068 61342
34 744748963 39653
30 585087287 80070
26 465171383 51957
30 192501861 78523
16 226422702 44031
39 750515915 17679
50 700407868 85649
11 557816260 6069
38 127985109 8981
13 556063386 39286
29 517855818 30353
19 873869435 47143
15 41318308 61189
48 470198079 11812
19 892842149 82309
29 693354639 41805
20 241422977 6124
1 143146633 29156
12 270939713 64661
41 448782862 93766
20 274273040 15588
23 991305223 15330
22 459244028 67608
35 716877666 40341
45 902551455 89330
39 781705113 25998
44 398789061 28426
23 191233197 46059
35 520215587 82856
46 658594812 94532
1 763601532 88924
42 109802735 83565
50 900251557 50091
47 107729603 90590
16 758533800 49809
44 822099828 26834
5 792369908 27451
25 29965999 32008
17 990457282 11807
5 973835949 70957
10 119921233 86930
26 66842981 40809
13 104373530 54516
35 499562747 93413
20 543191333 4719
20 469597234 36628
42 599924565 41489
41 957169837 37410
24 781811224 25365
42 121667525 38604
43 677258263 74817
23 301026174 4055
10 505754766 10106
19 135108481 43221
5 177106472 51723
35 629489011 23799
34 393551990 66432
24 653966567 45653
47 368716896 58521
46 118819934 67306
20 493591913 15100
47 61864207 91896
4 796861672 9340
1 406839253 87317
4 124389940 5850
4 914041296 83064
3 220217699 44320
26 862845226 74194
6 352176622 36786
30 855873867 46610
9 300577875 50007
45 677806227 48553
27 101771512 96866
30 328584609 55306
16 424115876 92109
34 830861221 26898
27 438750816 16845
38 276336319 82200
4 409204259 49669
1 334439349 75824
31 819588081 51159
18 23642667 51646
4 198521533 5980
44 413729380 29217
6 68542657 92506
39 822066773 28971
25 221788923 2566
7 306272745 56754
15 776144486 60050
11 810462083 62192
34 504091415 91321
27 277185258 25235
3 821229787 66196
26 911577861 32696
31 883298338 21769
17 937588545 46346
48 12132569 99441
16 129926483 483
6 229555947 2456
34 97035488 97491
22 473204872 15281
13 137674573 1965
23 799059050 40943
7 269379622 64815
48 903904016 68204
44 284632262 5073
6 215414290 51832
22 241822826 63244
5 864138113 69940
46 692989237 90187
13 80052827 76304
8 263695768 33758
8 184723099 11759
40 718940594 8404
30 442212861 42441
18 865640486 88595
25 56368878 41288
25 94103280 74975
30 626516977 17028
36 851155299 26336
43 296930542 7634
24 861321972 36310
17 820114591 39504
8 757722870 91272
3 823437356 27727
11 897554751 45398
23 93402273 76755
5 965761225 75174
41 284160913 54327
29 768584223 86453
2 616999633 58382
37 610397897 46012
7 136037824 81591
7 751847524 26323
20 602158938 49975
22 759810039 88999
30 245636827 68999
3 603934185 88556
26 200551878 75195
24 575706620 23964
36 144142667 41107
10 202188277 99373
50 491623642 50765
50 655780951 82053
30 692630050 723
27 304960428 36699
33 142571416 19439
16 563307271 40327
50 68970288 62045
25 143887769 52663
48 824639621 47121
3 683728067 63551
16 605743641 3176
24 561822344 83752
23 906324995 96394
20 930339550 14289
9 81524437 4834
34 522187966 99540
48 738306661 61549
1 140347914 33961
45 415964364 55549
16 701415870 89063
32 81823910 71354
27 723532841 17271
16 166987324 18209
42 66766541 29736
24 373178645 13755
27 766643106 49642
45 757449737 95371
8 448891936 15880
38 187995554 65604
25 801435436 14296
33 364099249 28393
7 954711963 54153
3 635996265 28803
8 131498227 9018
16 517875887 37470
49 995274524 64779
25 134698100 51547
22 779912636 49048
30 950481319 57181
34 298877288 2923
30 917732054 81897
44 308660313 61848
16 538046002 51773
22 489421034 16615
29 924293118 48725
29 92456012 71921
14 711975350 52595
47 284420649 43063
18 35166821 87401
16 747712164 6655
25 457412478 63999
17 636647213 8496
31 900168880 62135
43 187453325 71224
18 778709784 92392
36 13563750 54271
28 613834383 90840
35 444874836 84855
2 582409813 92419
41 15559549 63519
5 690209479 90547
47 703719090 85290
28 859198810 51255
39 719263502 35738
7 452336255 12468
28 581771402 4770
20 573123654 14348
28 725741532 52858
14 945508710 10395
30 956714564 89214
48 443270369 88169
7 72665775 45640
27 722258802 65716
19 703961845 27567
28 296316069 89312
9 668655150 99542
5 117906860 44746
23 353903286 22150
22 742987916 2613
14 391331431 328
24 701967277 21301
43 897268990 51045
28 166401893 59108
4 443274424 72687
20 839043165 82971
26 163851560 9369
47 619531594 96013
4 157920894 81241
29 978862932 63061
5 567932244 96856
50 354409179 15472
45 434193801 8704
40 751846490 30800
19 944926720 21304
33 832924915 94681
44 86858690 91903
5 86588816 99041
42 539022578 44347
28 572896383 13328
48 39567139 6608
7 80676404 1758
38 432274618 56995
35 870173931 20871
31 877376203 85780
33 172341871 1309
28 122576746 64212
49 49812586 94713
41 687609237 26213
42 863113887 58791
26 123706416 51457
19 71126349 79180
20 893704621 70790
14 628137167 14517
44 383913341 95880
31 18376654 48963
33 74102921 4732
47 7836691 13440
4 772045381 85711
34 794119880 3942
46 81848646 9382
20 758565342 8985
28 111522921 68294
43 14345753 16204
16 552392653 91327
17 445273749 82702
18 600637062 80517
22 820757178 20651
30 930946825 49251
25 915682723 50539
6 151467769 41404
41 47488169 34964
9 945078680 15746
19 789661465 24233
12 525845977 66208
14 212577713 69106
1 485819365 94633
40 996352433 24424
28 561574900 29547
30 288039570 50021
10 296959809 82114
34 671231501 63785
36 332937870 99881
49 262537699 33499
28 340641051 65664
22 421490863 94199
7 723340307 13687
35 191726007 82412
46 534271992 4652
44 405158102 24399
28 968131712 34616
50 762410126 47065
21 828134587 89555
7 614037953 4644
38 586378498 69305
35 371297983 97824
41 85613536 42180
40 95970438 3199
16 107548403 36907
50 783923059 30515
23 611401016 42671
25 55471437 10742
32 362605620 52404
17 843382911 32550
3 982257626 72960
32 431440011 16028
2 173961415 18100
1 963782723 87723
35 406968867 20129
7 263799342 12505
42 369401481 81399
1 27266511 3748
46 826877035 68514
34 950908926 4417
30 398175085 70586
1 743291071 9992
45 460961352 94918
8 683109038 73869
1 821407109 33005
17 252524113 81717
19 922915257 56761
14 479525783 19953
35 100983309 78461
18 903865992 1454
23 58389587 14716
33 424452936 10662
24 413368871 25938
48 479649283 83261
47 190132780 75640
42 972368496 76987
14 59136260 62667
14 479319652 27903
29 133280349 46503
38 328374771 14268
15 359178810 4248
23 60679767 65219
40 32404863 21479
47 999895669 85178
24 707224735 30375
47 353615464 53101
27 690109319 6698
22 741319764 33924
19 153104670 52191
40 426690373 14495
5 815206489 81000
44 804976752 43975
26 765312998 63290
38 103785254 74358
7 480852053 4640
26 275769902 83606
31 393441057 70340
49 703711476 74397
5 341541259 40601
32 58128992 2796
19 248782183 59191
36 545013046 35079
26 601078367 58822
39 422441810 29379
15 100343996 56002
10 51352069 52386
15 39502981 83965
10 44457358 56583
29 521903346 34099
23 9351221 25838
17 937042883 74063
29 869896245 95450
26 38537856 7814
26 178712915 89014
44 826705327 7743
46 456048127 8187
12 24858610 53083
34 13856671 56087
46 705754324 33275
19 368131948 34375
26 633872492 33451
22 844007955 6120
30 393791127 27184
17 971734775 55212
33 895797871 64071
25 9491333 76643
22 260922411 87681
32 304218501 83985
22 603895178 79001
38 685406036 15182
16 738719763 99234
9 940665476 41045
33 285613709 30156
4 743646324 24200
36 154974272 25192
44 84714317 84716
14 746531467 41732
35 396738736 17056
15 276028634 81499
44 67664750 24010
29 732643562 65024
42 700926530 68136
44 979665556 97723
39 162761025 31505
6 879559686 97580
10 625610669 12361
15 881969673 42546
36 672418418 12395
9 872817306 41206
22 340619206 663
12 49141040 48872
25 132027940 78400
48 262527494 79153
13 792355175 5430
16 3656440 80708
23 535686951 54811
27 415748845 75164
4 788085386 20325
25 945405072 48689
15 485950412 53010
27 783797987 29572
7 567308552 10644
19 283010391 74284
17 704115446 93403
37 702478835 10766
9 715785213 7460
22 557730225 4838
45 492511799 40834
36 150345336 48652
4 808247620 62526
25 377989747 22697
2 643548322 928
29 145933807 50609
5 754041396 24652
42 531105177 13505
6 457256226 4863
25 594262947 4868
1 775644948 4349
8 797266487 74841
23 989895349 39865
23 811611849 26136
48 906000919 47091
5 386169417 34626
44 866688190 84527
48 186394400 35403
35 448522357 7939
4 111972773 82315
37 693888503 97269
6 328417598 69004
43 158083081 33824
18 122093914 14220
29 857798582 41689
43 664121448 26209
5 522340738 17108
14 902101867 89698
37 390206792 5277
40 113489853 53785
20 255859789 45848
10 348248960 89693
4 727355638 56995
7 152524137 64559
46 606165990 90919
44 27469499 95722
24 508025173 59990
19 251402750 3449
11 405911478 17435
24 283854135 84609
48 662701921 23455
23 559741690 6117
43 38139883 50100
11 662587815 57738
38 790827013 44758
28 384260813 95842
38 125838601 74609
35 550158209 73124
43 183870381 48183
11 94375111 37169
40 848724135 50477
28 522943000 6956
4 645948271 26970
31 85684732 96102
44 744683384 16742
1 849464043 91407
38 332831514 49665
21 62470991 12431
22 405445495 22233
32 47451125 99656
20 36751226 72536
19 96551113 71703
41 129941158 69043
35 512846873 14122
1 618899205 46284
15 591850737 92187
18 1365802 29060
8 134668359 91154
31 495688079 20198
46 143707917 67876
24 993074173 47578
19 950604892 89527
21 95514112 70846
14 932360597 68696
43 900836312 33618
25 461925842 62483
33 267398421 36888
4 946407956 92201
30 510993381 21491
13 903943594 19390
28 502072176 72764
26 133536205 38837
6 931184998 91973
4 907109408 291
46 424417792 71459
17 600351356 11956
37 14591378 63875
31 696470232 14914
26 408702763 36152
44 284463524 52010
37 182729072 68501
16 183083548 12450
28 946313551 69002
16 152218963 50878
25 488488481 4208
19 417629343 36429
16 131918160 94914
7 206254005 98734
17 653772218 35808
6 714495836 7936
5 349491513 32154
40 719095863 8175
20 137560427 46473
22 300591590 78634
12 762052153 16097
43 123095622 4545
48 513570264 30586
49 176707443 78962
12 446468535 7919
10 140601131 52618
35 940838021 59360
24 108223316 91701
49 889232266 66098
9 884680138 91589
42 913576507 50618
18 214773988 27136
6 574043507 12517
9 5778392 8075
21 892492658 37716
25 840256173 47781
9 145304865 49601
49 948508089 43664
49 119645338 68715
30 484656981 4935
21 452319551 33248
47 115793171 89510
25 73802498 71029
44 978000594 95126
3 35797773 93800
9 42890507 71422
26 713777005 75281
8 389065280 36980
10 709475979 15545
42 419600167 20067
43 978934468 91117
23 332643284 57227
1 421725534 13768
3 809821007 90118
32 789185545 94292
15 312132370 78483
42 116829188 76999
2 731797689 47639
49 571809784 79445
44 102942468 10140
2 284679844 75623
7 642498396 87685
27 975801479 446
47 770144924 82422
33 350185084 23984
12 566383197 19786
6 314247394 80301
23 519413792 79328
5 944678975 98541
32 966020978 59124
11 863310975 16054
13 534391480 9504
39 813140781 45892
30 607055035 87581
4 411850854 7793
42 175173506 44469
3 77602413 59790
13 937804385 18153
1 458164387 57726
2 112679474 37835
27 204575532 87624
39 359501475 7985
6 982928997 75838
6 378616371 87822
35 725849347 71787
32 29149094 82791
39 387831350 34248
14 84377729 85413
33 162280596 20918
9 66895355 18977
31 106360191 96110
25 825683300 6403
28 337993360 73645
26 840212672 96607
46 65029146 62451
4 583357690 6155
42 449880638 21247
47 627769525 87568
30 579687344 47903
19 681523193 49908
8 674905427 19075
40 629760944 64803
48 843719570 90131
30 729684778 50784
50 743588746 83758
22 91615826 92843
40 85655375 37670
5 261178394 23150
21 469587126 23695
3 937678045 85548
17 806853849 25546
44 12152129 16940
18 518618815 18882
28 633307273 68180
28 643128474 37725
9 946095647 64517
30 616677507 26425
8 29349712 86427
31 966698336 64366
8 157921595 59881
31 649911972 68059
2 928740675 17870
38 126835256 88729
9 415235718 73005
3 337505973 74154
15 116351909 78673
42 131874688 22384
25 924594826 49177
49 832714548 63031
5 475882792 84140
23 896479829 98888
10 913316136 421
14 6251594 2357
23 606695480 20908
25 498224182 15854
34 647501261 38410
50 164893412 32276
23 122818360 50535
6 300872763 64946
16 87646257 24301
46 796144757 6902
21 9875554 94970
39 664652044 53265
33 592344644 38467
19 925613482 53324
8 98566457 88916
45 778713339 17398
15 465963515 29242
3 319584085 70161
1 196578770 88638
10 957218877 74751
9 205798839 71636
9 259062419 58986
47 27853208 45296
6 70497500 4967
50 267934443 34051
34 245906946 65690
10 293449159 65666
21 258146799 84482
27 537427528 7562
38 604371598 44043
33 355640727 1894
20 64357116 23415
24 508083635 2089
1 673256311 69706
23 139921184 55048
27 113695044 70443
50 121101339 61028
12 185965800 92396
4 729775111 50539
33 963204727 24548
44 997542706 2555
6 873562971 28717
3 310370731 99176
29 99085596 23603
1 395979924 63396
20 205991373 10777
32 665394925 48109
44 596806295 81505
2 860345657 56887
10 534183708 92951
23 837158891 97499
26 460080820 40267
44 190947472 11314
2 25818154 20175
12 230069203 604
16 836917382 67830
49 844365547 37035
36 478606600 10667
6 866159653 44748
40 763849382 69885
23 633804543 78503
44 338326607 6405
19 878813237 28124
41 106965770 80011
21 3688295 88996
36 278144777 32920
24 552939649 419
26 956226952 83994
29 847732809 80930
48 719114031 32688
49 680271530 83693
18 350774945 69173
37 22448005 62712
44 54894085 67731
6 540743163 29855
11 396061630 48330
23 622648692 8886
38 14133037 86623
14 695077171 23466
21 812212977 41922
25 834233579 46468
38 22406540 88657
23 779894186 56574
27 121748147 15271
20 60709285 91536
22 246789030 71581
24 719296518 52877
13 487475258 67862
48 354399102 79993
27 767539533 99527
27 523555542 59991
18 291587438 13872
12 786325819 70130
46 807523301 15664
13 675428983 95889
14 598725498 94965
24 662363831 79424
15 821942791 73831
34 777723956 24657
40 757734851 30506
26 793980600 91980
30 651978983 7833
9 845549029 17199
30 248463392 41784
23 996609839 52826
46 23395466 94391
23 983493470 82910
2 661892600 29112
5 726938997 73350
8 596771153 91282
3 66642043 80534
29 282704283 94690
40 806367958 55775
16 143760311 21625
28 824170253 35774
26 782771450 11241
5 736150770 97775
48 756531940 25212
48 251434918 57253
19 209674974 69397
6 681582346 71947
46 163793440 24846
49 661192877 86719
34 553781706 11553
17 40258467 95677
40 742356848 4212
12 91596966 29886
14 37685578 63078
6 911696339 16830
47 264115494 25830
17 625955573 79905
11 371523919 92549
26 230081663 33055
21 894723524 75175
1 880874027 84138
50 815032658 20595
35 57766501 14869
49 412156962 72467
7 624808730 11288
50 498858269 68292
22 255464409 9995
35 296433118 33787
4 872156920 68391
39 482564624 10658
21 31204067 33259
17 446704776 59078
31 842832392 70429
16 18215109 17019
26 44742801 10002
4 537967933 78777
30 577276170 49463
29 200363787 34417
49 984466633 1744
31 779723329 74159
15 167599420 32553
18 527781512 83136
5 440670194 79873
9 220838366 50071
19 39304876 22241
28 226484323 78682
16 604671550 13952
25 149778535 88686
47 546094938 34486
15 616985678 74591
10 736082958 28956
38 138829837 92116
37 397285726 44112
35 431059989 44894
34 917551710 50937
27 149026765 1952
25 106068165 67312
6 60511963 60444
14 432062837 18199
26 207336594 69906
10 23809993 72286
18 333128063 2798
12 659932191 59764
46 983858899 32894
49 606949036 46210
29 887762715 69806
35 617062260 91105
45 443218240 61992
47 597308682 75273
13 275637438 98924
9 912590827 37211
14 743549167 73445
50 343732241 16853
38 155483879 14421
35 460323267 79908
26 44927045 76164
49 536902057 21439
5 710820640 92266
19 661543026 36412
35 350902467 55730
18 14685911 71915
12 494544963 74635
45 82304611 42892
21 693904168 62108
47 494549518 54406
9 894214879 98480
27 180033729 92570
50 533474886 66395
23 214067629 85326
34 10952065 7196
15 447104828 91504
5 852271536 19956
17 177261673 40612
50 166795588 14017
19 598635252 42561
36 902328720 12702
20 641983266 16723
50 39836157 52874
28 889404608 98527
39 661389012 59733
20 765979237 4368
22 379587494 19396
29 515541386 66060
4 934126232 72723
46 126786929 47140
10 135800129 82546
49 91015467 3790
33 880199334 33383
44 785203427 39388
30 943809457 36326
43 752174719 15367
42 424296910 29138
46 104061712 9152
12 364301562 59201
48 2097260 60713
31 737805686 85690
7 767909940 77324
37 769368854 93257
39 916841554 21075
13 913626351 64550
50 518498388 92053
25 889055811 89897
36 192877141 46600
33 378594780 77061
39 419822001 40028
34 932968013 99637
9 321933984 36887
41 895494809 39705
47 585526591 56665
39 410237199 14427
21 133519726 66779
26 521376310 85673
10 685788666 2785
18 703478381 72627
31 124253188 39970
15 741256417 55055
20 899529396 66795
40 967318152 32512
32 47038329 94170
26 168987946 92877
33 892534053 46140
8 77205087 61604
28 62672560 39524
28 317402012 11258
50 214674718 6418
2 730937447 36753
48 146490313 78178
41 422718400 6228
5 938565855 40316
7 35783292 1032
25 181220157 14430
44 978400519 12518
16 128583940 77783
3 807854418 65471
31 329553037 29472
4 637759191 74656
40 470354065 61972
28 515323275 70971
10 39013177 35720
21 28872586 75030
16 783440793 46495
32 628970005 62547
26 51812509 69314
44 159331607 28693
42 682115287 99366
38 748797853 14126
20 711741154 61140
45 947765612 9299
44 200290028 65380
39 90708641 88275
11 442057880 66312
14 71073441 41368
34 449134303 66464
25 296825728 27768
7 549984166 91307
24 2715341 4850
49 699491638 11794
24 850114897 6269
16 776568157 95955
40 728919772 15307
46 79758103 68570
50 669138722 43368
46 17873407 2802
12 330439316 77313
48 621954580 99549
35 262196956 26609
25 249860139 80333
39 535161444 51388
2 773457030 10506
40 908363474 14897
7 610372316 53722
25 248389324 92295
14 628931938 6642
18 896223824 94286
17 296458275 83955
10 30732401 85648
43 563138250 58188
14 387151907 88145
1 71558771 7856
11 240742337 83805
17 946065988 1102
15 25005072 33976
12 330146610 824
14 502676366 81340
22 93100207 47584
46 721805951 96362
37 916193107 87719
6 980144591 56611
25 661911265 72282
44 937457655 57396
25 638340634 80908
23 242258769 44743
43 461548315 55168
25 145888487 4831
10 294738788 59875
22 40857297 90558
10 273786086 3658
43 484800545 65138
21 819840417 65902
11 253563848 84451
30 409286092 43532
21 575701413 66820
14 741841064 36813
39 715071288 30273
49 211742670 20012
32 695498671 93778
49 854710377 99428
50 998512465 5608
41 512729841 48625
35 539147399 88938
4 40630967 30898
9 377259136 94213
26 166733370 87770
44 397290410 42379
17 694949844 98953
7 261573923 36118
2 117327943 83393
39 649565650 55087
22 236143686 84838
4 119190135 29333
14 924155919 26959
22 898376620 73789
45 218767061 29718
36 700891089 84552
34 458635724 68850
10 226416913 39524
29 165090157 98512
5 952549304 45379
17 964883278 46322
11 860777609 93120
20 86453946 84152
34 451934723 85561
47 485726539 98843
26 508895792 79916
9 944812257 38691
26 363684750 56513
16 116824805 40900
4 103481370 62011
40 516598276 33228
20 277143944 51005
20 177082798 5929
28 893496681 72786
8 17348049 28608
20 534014256 63447
21 635225859 98690
31 334744261 94412
38 274086595 2951
11 473715152 48891
37 99707639 93010
16 384708562 93180
10 79419562 57485
22 372516035 45330
49 728976457 58923
5 800044374 18924
14 480225504 52097
41 822573646 27075
7 45601657 82067
28 604647175 93486
9 340403736 68305
35 760956609 63883
15 726762358 74887
12 143017574 88703
48 873266505 20451
10 158730389 1384
40 334727197 68900
17 471569884 37514
38 15490978 33985
19 737210754 19599
24 869806396 48089
22 696918950 80388
30 8660693 59704
16 583488554 83569
26 284785234 30325
1 739088075 36566
18 499369658 40099
36 879951162 17363
3 68047167 6406
46 861615873 2323
3 337163960 66941
3 263105276 15973
35 56145245 27416
27 312561678 46848
28 696168043 244
7 950178319 6812
35 331676479 61970
6 58805029 55434
45 310150681 75957
29 876318796 20384
12 502561675 33048
41 894983555 48442
38 157815445 83059
46 700221654 69205
31 672687261 89508
35 679789238 67894
4 406006804 96511
34 685580574 46738
1 660440722 85789
48 931416956 60942
40 24619211 42199
20 935012422 45331
13 471316406 12342
46 339552738 88601
36 242449157 26781
8 295348263 58760
28 136821300 23509
13 579595654 16258
17 152658719 33302
30 285631424 74877
39 499888375 85214
38 207384702 24081
5 475614154 69324
22 781234568 80401
5 797432499 10945
22 741316752 80649
10 58489594 42015
44 345295505 83545
12 36754959 26584
46 121702284 43661
42 786057225 52278
36 664693391 35110
