7
11 6380 2002853
5 6813 1069986
13 5521 2570534
12 5793 1980585
9 6767 423810
19 5421 2358687
3 6223 527470
200
2 5408 222070
2 5072 205933
1 5263 95185
2 4419 43779
2 4337 128477
1 4234 73697
2 3655 35020
1 3599 60877
1 3391 14190
1 4499 59363
3 5218 428777
1 3617 15308
1 3932 67554
1 3847 16460
2 5178 105502
3 3273 148647
3 4644 299087
2 4179 204984
3 4054 318646
1 3375 42334
2 4633 46283
3 4489 359227
2 3006 111309
2 4064 158692
3 4186 66176
3 5015 245536
1 3955 17004
1 3154 52124
2 3941 153059
2 3577 170714
2 3452 98232
1 3981 68545
2 3873 149958
3 3252 147526
1 3362 28095
2 4215 41412
1 5198 93804
2 5046 153519
2 3460 32833
3 3333 202476
1 5191 46827
1 4379 95842
2 4251 209144
2 3214 150527
1 4985 111625
2 4878 98350
1 4167 36163
3 4258 135034
1 3107 51212
3 4815 78020
3 4795 232917
3 3292 199550
2 3608 34491
1 4410 96641
3 4819 312386
3 5057 330608
2 3881 112741
2 4888 98587
2 3622 138594
1 5476 74798
3 3821 237774
3 3395 103456
3 3814 59315
2 3920 152100
3 3165 190527
3 4408 351616
2 4839 97426
1 3384 14155
1 3458 58081
1 5095 114527
1 4550 40103
3 3184 95936
1 3446 72306
3 4429 141434
2 4484 89076
2 3511 33403
1 4812 42833
2 3416 32342
2 3677 70536
3 3937 184714
2 4502 223741
1 5413 122979
1 3339 27869
3 4427 353399
1 5353 121378
3 4938 401847
1 5380 48839
3 4486 71788
1 4259 92761
2 4833 48642
2 5173 52691
2 4891 49329
2 3865 74796
3 5327 175732
1 3450 72404
1 4990 44702
1 3528 29733
2 3689 70807
1 5045 90565
3 4220 267236
3 4439 354526
1 3824 81721
1 3815 48897
1 3667 62232
3 4998 244557
1 3034 62249
2 3344 157713
3 4524 145009
2 4929 149341
1 3985 85783
2 3036 56308
1 4860 21668
3 5044 412011
1 3910 67110
2 3717 178599
3 4719 152388
2 4476 222222
1 5196 23440
2 4662 139873
3 3250 49139
1 3742 79664
3 4641 149430
3 4034 253438
3 4540 72806
1 5151 116009
2 4991 252589
1 4522 59720
1 3511 14782
1 4468 98137
3 5170 424142
1 3102 38336
1 3391 70950
3 4321 137387
1 5152 23207
1 5190 117043
3 3055 137072
1 4422 77560
3 3190 192298
3 5196 341321
3 3895 303999
2 4678 93625
1 5127 23074
3 3186 192014
2 3140 117167
2 3417 64707
2 3010 83612
3 5034 328840
3 4423 141209
2 3228 151298
3 5251 259181
1 3852 49455
2 4446 220472
3 4680 377269
3 4442 70961
1 4405 38604
2 5294 54143
3 4264 67629
2 5316 217633
1 5101 68811
2 4623 46166
1 4755 21118
2 3254 122186
1 4760 105723
3 4453 142336
2 5490 113017
2 5320 272283
3 4477 286478
2 4452 132493
3 3985 62455
2 4265 167963
2 4382 216744
3 4747 230178
2 5344 218982
2 3759 72390
2 4366 215813
1 4144 89822
3 3059 91522
1 3883 16641
3 4166 263219
1 4561 60326
2 4095 80058
1 3280 27290
2 4969 201024
3 5292 261562
2 3242 60828
1 4889 43640
2 5360 219754
3 4944 402421
1 4576 40373
1 4863 21683
1 3946 16959
3 4837 235319
2 3529 67209
1 3348 41936
2 4447 44106
1 3907 33524
1 5311 48103
2 3940 76506
2 5309 54324
2 4068 79438
