15
41 18252721 748361561
41 23829617 977014296
46 13332057 613274621
42 21746541 913354722
47 12012296 564577912
42 16440276 690491591
46 12022310 553026259
50 15767600 788380000
41 19620669 804447428
46 17824167 819911682
50 14624259 731212950
41 14693399 602429359
46 20592200 947241200
49 14448618 707982282
43 21348037 917965591
2000
42 19719796 828231431
41 11454338 939255715
43 12104190 520480170
43 13566747 583370121
44 21136350 929999399
47 11039586 518860541
45 15804570 711205650
43 11616548 499511563
43 22057362 948466566
41 10475205 429483404
46 10561906 485847675
40 15877258 635090320
40 10435524 834841919
44 15877792 698622847
47 18509770 869959190
41 18204103 746368223
46 10463661 962656811
42 17814935 748227269
45 14230043 640351935
43 21064240 905762320
45 10874869 489369105
47 19592152 920831143
49 19153700 938531300
44 11133649 979761111
43 20484082 880815525
40 18152695 726107800
42 18966248 796582415
44 19450448 855819711
44 10060538 442663672
43 15656384 673224512
42 10485010 440370420
40 16009330 640373200
45 16467893 741055184
46 15543108 714982967
45 10551151 949603590
47 19956512 937956064
47 15753749 740426203
49 19032359 932585591
41 13845753 567675872
50 12811617 640580850
47 12162524 571638628
45 13211926 594536670
40 19680227 787209079
44 13991302 615617287
47 16892150 793931050
40 20950444 838017760
44 20414106 898220664
49 19551818 958039081
41 22969022 941729901
46 14378565 661413990
42 15047533 631996386
50 15301423 765071149
42 12754459 535687278
46 14075360 647466559
47 15728867 739256748
43 21385579 919579896
50 16553794 827689700
48 17727202 850905695
43 17670441 759828962
45 10092670 454170149
42 13394918 562586556
45 10647662 958289579
50 14705918 735295900
41 23680912 970917392
47 11323760 532216720
41 20897186 856784625
47 13433718 631384746
48 18124337 869968176
40 14748937 589957479
50 10054842 502742099
42 12719146 534204131
45 17222496 775012320
48 20103831 964983887
44 18856207 829673107
42 15289181 642145602
47 10791356 507193732
45 10881133 979301969
41 12591949 516269909
43 16089844 691863291
50 11989014 599450700
47 12766461 600023666
40 16339473 653578919
48 10014943 480717264
47 13738664 645717208
47 16789102 789087794
40 12825427 513017079
40 20947892 837915680
47 15195046 714167161
49 14004920 686241079
50 17228431 861421549
49 19433704 952251495
43 19192355 825271265
46 10540980 484885080
50 19442311 972115550
40 20735181 829407240
46 20031936 921469056
42 10305127 432815333
40 20667044 826681760
50 17776087 888804349
47 10062632 472943704
41 19011932 779489211
47 17469619 821072092
42 10311336 433076112
43 12787340 549855620
42 17141995 719963790
50 17392593 869629650
44 17917662 788377128
41 12943774 530694733
45 12331530 554918849
41 22579101 925743140
40 21902880 876115199
49 18082854 886059845
42 17218880 723192960
45 16605159 747232154
46 11133482 512140171
49 11300106 553705194
40 14028279 561131159
42 21949020 921858840
42 12462417 523421513
44 13635966 599982504
47 14156492 665355124
40 12428076 497123040
47 19595226 920975621
43 18361401 789540243
43 16072438 691114834
43 17721023 762003988
43 18577662 798839466
41 12075996 990231672
40 18718808 748752320
42 13144424 552065807
42 23136039 971713638
41 15344341 629117981
45 19635357 883591064
48 10769059 516914832
42 19571060 821984519
42 14547790 611007180
44 10513441 925182807
40 11142487 445699479
50 16874950 843747500
47 13543156 636528332
40 13517422 540696879
41 11854683 972084005
45 11093137 998382330
46 19134710 880196659
41 16115305 660727504
41 22255576 912478615
41 11304703 463492822
42 22850867 959736414
44 21774804 958091376
40 11708337 936666959
41 22856286 937107725
48 17935533 860905583
47 15888523 746760581
41 11700990 479740589
46 13143002 604578092
50 16303919 815195949
43 16359911 703476173
40 22739920 909596800
40 13042416 521696639
47 19249455 904724384
50 10170335 508516749
40 24623227 984929080
41 14342365 588036965
48 20097992 964703615
40 20107794 804311759
47 20411095 959321464
42 22444627 942674333
48 15958676 766016448
41 10531381 431786620
47 15935351 748961497
48 15558246 746795807
44 19662802 865163287
45 17155388 771992460
48 16697772 801493055
46 10249360 942941120
46 14480535 666104610
46 10240433 942119835
47 18509273 869935830
40 21223913 848956519
40 12748650 509946000
42 14444674 606676308
43 13654609 587148186
41 24238795 993790594
41 18010531 738431770
41 13732427 563029507
40 16713995 668559799
46 10502206 483101476
42 13864918 582326556
44 21823626 960239543
46 10148327 466823042
47 14719478 691815465
43 12605993 542057699
47 16953114 796796358
41 12469465 511248065
42 17509870 735414539
45 15881372 714661739
47 13587046 638591162
41 23176058 950218378
42 19042592 799788864
44 19246807 846859508
49 15505250 759757249
41 16763230 687292429
40 15995714 639828560
45 13742667 618420015
40 12023244 961859520
44 11299127 994323176
42 11129570 467441940
42 11496128 965674752
48 18959009 910032432
41 13034846 534428686
46 11971546 550691115
42 15675151 658356342
42 20063361 842661162
40 23385217 935408680
45 18766798 844505910
48 14460363 694097423
49 15186364 744131835
49 15581689 763502761
49 13477236 660384563
50 11130446 556522300
40 19083811 763352440
46 17990519 827563874
46 13434164 617971544
45 16322245 734501025
50 15238110 761905500
50 12203164 610158199
42 15789517 663159714
43 18479341 794611663
45 10318109 464314904
48 12372997 593903855
40 11654560 932364799
41 20709187 849076666
45 17586049 791372204
45 21686956 975913019
42 11102277 466295634
43 16585064 713157752
42 19282365 809859330
42 21185990 889811580
50 10734290 536714499
47 14062544 660939568
45 17159814 772191630
49 19377288 949487112
47 10367991 974591153
49 13635717 668150132
42 19080882 801397044
46 18692238 859842947
45 14523658 653564610
40 19179434 767177359
40 16843854 673754160
45 16524762 743614289
43 23039940 990717420
42 19282554 809867268
43 22769464 979086951
45 10574165 475837425
45 19016533 855743985
48 16160422 775700255
42 13454320 565081440
49 13884552 680343047
46 18122072 833615312
50 11828871 591443549
49 11021457 540051393
40 18335121 733404840
41 10378853 851065946
42 21179671 889546182
44 21347809 939303596
43 17311018 744373773
50 18812353 940617650
48 13679909 656635632
43 12818232 551183976
40 12277461 982196880
48 10574946 507597407
42 17849759 749689878
48 20578521 987769007
44 16672039 733569715
49 11083505 543091745
43 17571338 755567534
41 21234521 870615361
44 12714461 559436283
44 16380948 720761711
42 11951407 501959094
47 15043549 707046802
46 10289075 946594900
50 12098336 604916799
43 20963315 901422544
44 22440505 987382219
43 10117227 435040760
41 23336906 956813145
47 17648269 829468643
43 16471234 708263062
43 14499124 623462331
41 18989025 778550024
40 18864175 754566999
45 13150850 591788250
49 15345267 751918083
40 14498562 579942480
42 13430618 564085956
41 14041990 575721590
48 13807728 662770943
41 14582476 597881516
49 18114278 887599621
47 10872216 510994152
44 12166511 535326484
50 17202052 860102600
48 13236806 635366687
47 14841483 697549701
42 22416631 941498502
49 14530104 711975096
47 20856854 980272137
44 10927315 480801860
47 18499452 869474244
41 19012519 779513278
40 23148725 925949000
41 20246794 830118554
45 10700771 481534695
44 22315212 981869327
44 11234981 988678328
48 17513144 840630911
46 15211681 699737326
49 11896101 582908948
42 19492558 818687436
46 12145299 558683754
47 10521877 989056438
46 20341291 935699385
44 16792966 738890503
41 20716447 849374327
44 14632643 643836292
44 20157571 886933124
42 20904070 877970940
40 13738828 549553120
45 14755802 664011089
43 22958102 987198386
50 12440579 622028949
48 19964988 958319424
50 10694449 534722450
47 10980016 516060752
46 21048093 968212278
40 22421519 896860760
44 21067902 926987687
44 16215635 713487940
44 13966538 614527671
42 19787289 831066138
41 12198440 500136039
43 14133518 607741274
49 17041496 835033303
42 11888129 499301417
40 11368122 909449760
41 16348342 670282021
41 13182375 540477375
46 10262017 944105564
43 14302193 614994298
44 11026834 485180696
40 22622553 904902120
43 10989085 945061309
50 14756210 737810500
42 12458076 523239191
44 13367774 588182055
44 10590845 465997180
40 11624559 929964719
46 12004656 552214175
46 19868844 913966823
48 15574640 747582720
41 22776105 933820305
42 22415904 941467968
42 13878331 582889901
43 10008305 860714230
45 21985484 989346779
49 18786303 920528846
47 17499451 822474197
49 10307184 505052015
44 22219494 977657736
45 12328080 554763600
42 12745082 535293444
50 13938916 696945800
43 12133847 521755421
46 17283969 795062574
46 19126802 879832892
40 14480121 579204839
47 10369998 974779811
44 10445257 459591308
44 11940471 525380723
47 19579701 920245947
50 17037980 851898999
41 14946095 612789894
41 18810127 771215206
44 10510580 462465520
47 10468113 984002621
41 19305276 791516316
47 11932056 560806631
44 12112672 532957567
47 19265400 905473799
40 22312104 892484159
42 10688583 897840972
46 10412235 478962810
43 19707723 847432089
44 18840409 828977996
49 13927013 682423637
40 15978188 639127519
41 18537582 760040862
49 19131419 937439530
49 18814292 921900307
45 14020847 630938115
48 17527525 841321200
49 10134489 993179922
44 10323843 454249092
44 14054766 618409704
45 17178894 773050230
49 16493578 808185321
48 17237811 827414927
40 14888957 595558280
44 13386119 588989235
47 21146300 993876100
42 11603066 974657544
46 19916640 916165440
50 16208474 810423700
42 12144250 510058499
48 18939489 909095472
48 15453119 741749711
50 17240371 862018549
45 12407333 558329984
41 18381243 753630962
41 18992637 778698116
42 13191409 554039177
44 17428956 766874063
43 16469521 708189403
42 12908225 542145450
42 23187396 973870631
46 20248452 931428791
43 14876352 639683136
40 24009626 960385040
40 16363975 654559000
43 20589252 885337835
45 22219790 999890549
41 17758002 728078081
45 13426046 604172069
46 12774969 587648574
45 21688761 975994244
47 16190659 760960973
41 12005602 984459363
46 20373616 937186335
42 10011100 420466199
41 11834850 485228850
49 11463984 561735216
47 18516746 870287062
45 11233758 505519110
48 12156334 583504032
50 16061812 803090600
50 11800622 590031100
48 10358777 497221295
42 18298196 768524232
45 15011176 675502920
50 11097670 554883499
47 14570679 684821913
41 13941013 571581532
48 12293109 590069231
42 10384319 436141397
41 14077976 577197016
49 10191569 998773761
50 13252131 662606550
40 16064016 642560639
45 13848663 623189835
44 10361050 911772400
40 21483003 859320119
41 20632564 845935123
50 19685866 984293299
40 14828124 593124960
41 16015926 656652966
50 12462791 623139550
46 12530099 576384554
50 16121347 806067350
47 20061799 942904552
44 17457505 768130220
42 10079769 846700596
46 19852928 913234687
40 10953467 438138679
47 12339365 579950155
49 15996338 783820561
48 14221810 682646879
41 17552877 719667956
48 10440836 501160127
44 10473745 921689559
40 13618043 544721720
46 12302208 565901568
42 13349105 560662410
46 20213402 929816491
43 20572927 884635861
50 17560344 878017199
49 16236216 795574583
48 18479335 887008080
45 10573262 475796790
41 11079283 454250603
46 18988305 873462030
43 14508036 623845548
50 11862027 593101350
42 12064075 506691150
46 14657190 674230740
47 20880445 981380914
49 17070218 836440681
40 14660031 586401240
42 15695073 659193065
47 13967348 656465355
47 16299792 766090223
49 13018590 637910910
45 15489267 697017015
41 14922678 611829797
43 12402392 533302856
48 14960963 718126224
47 18503747 869676108
49 13939484 683034716
50 12809864 640493199
40 18111902 724476079
47 18483386 868719142
48 16773491 805127567
43 16509195 709895385
47 19825033 931776551
41 21843212 895571692
48 17532259 841548431
41 12110112 993029184
43 22155806 952699658
50 14263724 713186200
41 11914084 976954888
42 10561707 443591694
40 19647989 785919559
45 10236784 460655279
45 10017619 450792855
44 21868198 962200711
47 17961186 844175742
42 12934228 543237576
43 21398264 920125352
47 19151845 900136715
43 10771293 926331198
47 14329316 673477851
50 16519776 825988800
44 11050976 972485887
41 12390303 508002422
50 15777424 788871200
50 15339115 766955749
45 18849322 848219489
42 14120511 593061462
46 16401124 754451704
43 12485709 536885486
43 17354540 746245220
44 17868098 786196312
48 20293760 974100479
43 20988219 902493417
46 13506765 621311190
42 10367718 435444156
40 24267835 970713399
50 14413915 720695749
50 15353552 767677599
44 10982786 483242583
41 23345030 957146229
43 11225435 482693704
40 14385517 575420679
43 10905912 937908431
44 19965454 878479976
45 21471178 966203009
44 12267071 539751123
45 13429128 604310759
47 13263862 623401514
43 11166672 480166895
50 10866098 543304900
45 19574051 880832294
46 19286636 887185255
40 22850547 914021880
42 22179343 931532406
46 20923592 962485232
42 19293128 810311375
41 13666953 560345072
50 14400024 720001199
42 12052598 506209116
40 18875134 755005360
50 19594265 979713250
43 10643150 457655450
42 19064235 800697870
43 20834580 895886940
45 10567522 951076980
42 13530135 568265670
48 12230964 587086272
46 17048254 784219684
44 11086010 487784440
50 18875900 943794999
49 16728561 819699488
47 10464428 983656232
44 11040974 485802855
41 20504060 840666460
48 15394107 738917135
46 17340841 797678686
48 18051061 866450928
42 14931682 627130643
45 15707281 706827644
41 10501706 430569946
43 17438884 749872012
44 12458281 548164364
45 20846356 938086020
41 21092362 864786841
41 21879704 897067863
50 13410190 670509499
41 15424724 632413683
44 20679392 909893247
40 17579085 703163400
48 14222162 682663776
50 10171688 508584400
48 14974737 718787375
47 18417205 865608635
45 19490444 877069980
40 14265925 570637000
47 11009521 517447487
49 17825047 873427303
44 19816438 871923271
46 16784887 772104801
44 16086549 707808156
42 20370980 855581160
43 16801458 722462694
50 16307266 815363299
47 15881638 746436986
45 20414393 918647684
46 11923743 548492177
42 12889636 541364711
42 23288216 978105071
42 15826872 664728623
45 11800444 531019980
44 15590543 685983892
48 17567755 843252240
45 12639671 568785195
50 12250179 612508949
47 11826606 555850482
40 12307665 984613199
48 14468884 694506431
49 18908478 926515422
48 11596999 556655952
47 14429370 678180389
41 22147360 908041759
50 18088940 904446999
44 11537317 507641948
41 10686939 438164498
48 14693381 705282287
49 14325997 701973852
46 18602116 855697336
44 14864008 654016352
41 16489457 676067737
48 20115059 965522832
42 20331207 853910693
41 17900062 733902542
46 14510041 667461885
46 13538601 622775646
44 15713938 691413272
41 11196735 459066134
44 10930119 480925235
41 12114114 993357348
43 21268237 914534190
43 15954380 686038339
41 11292033 925946705
48 16375665 786031920
44 18716317 823517948
45 18183914 818276129
44 17273421 760030523
40 11786128 942890240
47 10377249 975461406
45 15983287 719247915
44 16355876 719658544
48 14785757 709716335
40 23574926 942997039
48 20695313 993375024
44 10206520 898173760
42 11164101 468892242
40 16234763 649390520
50 13156330 657816499
43 10578844 909780584
43 11428246 982829156
44 10329667 909010695
49 16574180 812134820
47 19775648 929455456
49 14300443 700721706
48 13434614 644861471
43 10507602 451826886
40 12427503 994200240
45 19249992 866249640
45 11675514 525398130
48 11648463 559126224
41 11053372 906376503
41 16599207 680567486
50 15060137 753006849
50 13757140 687857000
43 11861091 510026913
41 10012083 820990806
41 23453227 961582307
50 11433145 571657250
42 21525130 904055460
47 19482398 915672706
44 10727162 471995128
42 22791557 957245393
49 11066301 542248748
40 11195059 447802360
49 16441055 805611694
45 15351500 690817500
40 11204354 896348320
45 14022987 631034415
50 19143169 957158450
43 10404537 894790181
41 10281611 421546051
45 13216304 594733680
42 14935009 627270378
49 19955813 977834837
50 13706438 685321899
40 21729149 869165960
47 13371101 628441746
46 13478586 620014956
49 18671340 914895659
45 15282012 687690540
46 10158497 934581724
41 16761105 687205304
50 17838504 891925199
48 18891109 906773232
46 21358220 982478120
49 15094289 739620161
50 13464709 673235450
42 22454928 943106975
46 10153713 467070798
48 11443014 549264671
45 14776840 664957799
47 12947115 608514405
47 10232512 480928064
41 13699859 561694218
50 10689987 534499349
46 11620784 534556064
43 13230063 568892708
44 11180795 983909960
47 18039683 847865100
43 15397813 662105959
43 21815837 938080991
40 24127990 965119600
50 10688311 534415549
48 17701029 849649392
44 14070857 619117708
44 19810609 871666795
45 11348958 510703110
42 14807645 621921090
42 21860807 918153893
45 18639041 838756844
41 18627901 763743941
47 16926416 795541551
49 14023156 687134643
48 16895167 810968015
42 14646925 615170850
47 17509695 822955664
47 19839533 932458050
44 21275848 936137312
41 21931586 899195025
46 16139001 742394045
44 14344534 631159495
50 11435149 571757449
43 23035501 990526543
47 11699374 549870578
46 15478356 712004375
48 19957993 957983664
48 19051480 914471039
45 17744361 798496245
41 17213236 705742675
43 11625210 499884029
47 20685753 972230391
40 16789354 671574160
49 15500778 759538121
43 11565578 994639708
48 13704528 657817344
46 19807233 911132717
49 19612078 960991821
40 22426942 897077680
48 14139199 678681551
47 18286897 859484159
41 11809247 968358254
44 17274943 760097492
40 23860619 954424759
42 16278839 683711238
42 11721569 984611796
43 18687726 803572218
49 13400515 656625234
46 12962817 596289581
40 16119807 644792280
43 19180511 824761972
46 15717491 723004585
42 11214579 942024636
42 19368678 813484475
49 15863710 777321790
48 13980880 671082239
43 19329694 831176841
40 20189372 807574880
43 18875894 811663442
50 15950135 797506749
48 20157207 967545935
40 16924473 676978920
47 13770379 647207812
47 17468969 821041543
40 19229450 769177999
43 10925906 469813958
41 15686203 643134322
47 18033596 847579012
46 13782476 633993895
41 11111110 911111019
48 19600953 940845743
40 20509801 820392040
40 14217829 568713160
41 10269833 842126306
50 12517806 625890299
43 18129477 779567510
45 14316468 644241060
43 22818604 981199972
41 13403286 549534725
40 20206644 808265759
46 10388310 955724520
47 18192899 855066253
41 13822073 566704992
41 18617594 763321354
44 16859657 741824907
48 16374650 785983200
43 16302599 701011757
47 10381222 975834867
47 11391813 535415211
40 14950127 598005080
47 13081535 614832144
40 10111192 808895360
50 12646022 632301099
49 13718714 672216986
41 12837703 526345822
46 14498458 666929068
47 18072031 849385457
45 11410736 513483120
50 18620925 931046250
40 22963631 918545239
46 12644682 581655371
45 18389113 827510085
50 12341129 617056450
50 15974559 798727950
45 19470522 876173490
41 17533600 718877600
50 14931025 746551250
49 17999614 881981086
41 24193322 991926201
44 15723701 691842843
40 22584101 903364040
46 17673218 812968027
45 10118489 455332005
40 20209443 808377720
45 19578878 881049510
42 11028428 926387952
48 14637855 702617039
49 19450311 953065239
42 10751922 903161448
42 21404917 899006514
42 11008473 462355866
40 24913053 996522120
40 11758423 470336920
48 13625633 654030384
43 21678263 932165309
45 13039865 586793924
43 19896893 855566399
46 10652252 490003591
41 18162385 744657784
40 21652987 866119480
41 23801819 975874579
40 13538108 541524319
44 18198347 800727268
45 15415914 693716130
49 19795809 969994640
41 23805248 976015167
42 15747703 661403526
44 18894538 831359672
45 12502277 562602464
46 11689421 537713366
45 16659757 749689064
44 18574221 817265724
50 19186677 959333849
41 13884494 569264253
46 10700881 984481052
43 15969203 686675729
41 17568073 720290992
44 20578898 905471512
44 21410955 942082019
48 15358362 737201375
47 16830041 791011927
50 17270052 863502600
44 19863934 874013095
45 20811865 936533925
45 11637730 523697850
41 21678062 888800541
41 10333501 423673540
40 11557378 462295120
45 12870934 579192030
47 14912061 700866867
45 11228543 505284434
41 21192277 868883356
49 13272405 650347844
41 23437133 960922452
41 13706735 561976134
48 14182314 680751071
44 11060290 486652759
41 11976628 982083495
42 11649059 978520956
46 15693545 721903070
47 12742909 598916722
43 10768044 463025892
40 11038566 883085280
49 20077436 983794363
40 10737520 859001600
46 20476817 941933581
41 12796368 524651088
47 16602142 780300674
49 15595384 764173816
41 16999710 696988110
42 21296730 894462659
44 22424547 986680067
50 14714366 735718299
47 19143416 899740552
47 13751522 646321533
45 12827657 577244565
43 15739277 676788910
46 11197923 515104458
44 22192231 976458164
40 13438509 537540360
44 12181890 536003159
44 11178575 491857300
50 16662272 833113600
48 14020763 672996624
42 16062427 674621933
41 13380537 548602017
47 15322639 720164032
46 10401461 478467205
50 17549771 877488550
50 17816529 890826450
47 19480052 915562444
48 15999254 767964191
50 16935123 846756150
44 10860005 477840220
45 21559844 970192979
46 10717120 985975040
42 11530756 484291752
41 22697313 930589832
42 10273749 862994916
45 13596669 611850104
42 11751394 493558548
45 17225232 775135440
42 22946030 963733259
40 21386937 855477480
42 13784087 578931654
50 14538926 726946300
40 16180706 647228240
43 19422910 835185130
40 15764360 630574399
49 10146179 497162770
48 11840454 568341792
48 20685112 992885375
45 15121942 680487389
48 17038594 817852512
40 11318544 905483520
44 12078332 531446608
40 22400868 896034720
45 15118411 680328495
44 13227753 582021132
47 15802618 742723045
49 10366256 507946544
41 11656402 955824964
41 10612443 435110162
44 11511302 506497287
49 15748086 771656214
47 17932898 842846206
44 15344586 675161784
48 18672806 896294687
41 12972140 531857739
42 20102779 844316717
43 23021361 989918522
44 12628604 555658575
47 14551051 683899396
41 18164990 744764589
48 16231942 779133215
43 19930631 857017132
49 19962549 978164901
45 19115061 860177745
48 13128295 630158160
46 10862630 999361959
40 18724376 748975039
47 15764437 740928539
45 10667144 480021480
42 22639869 950874498
42 23573998 990107915
50 16739798 836989899
46 11149948 512897608
44 11432741 503040603
49 19822022 971279078
43 22565944 970335592
42 11090652 465807384
41 17525839 718559398
45 15395854 692813430
49 20002985 980146264
46 16670882 766860572
42 10422140 875459760
41 20778618 851923338
40 24447829 977913159
45 10451016 470295720
42 11206061 470654562
44 13221362 581739928
46 13618981 626473125
43 21036706 904578358
41 13923788 570875307
41 23452964 961571523
42 10500979 882082236
40 13823091 552923640
42 10006217 420261113
46 18827354 866058283
50 12070315 603515749
45 13900947 625542614
47 19415615 912533904
45 21219694 954886229
42 10528687 442204854
43 21145440 909253920
44 16816710 739935240
46 19797816 910699536
41 21989527 901570607
50 18228852 911442600
45 15025837 676162665
50 18117765 905888249
44 19901452 875663888
41 16438391 673974030
45 15902505 715612725
43 14680113 631244859
44 10379367 456692147
47 10831041 509058927
41 15823686 648771126
45 20103777 904669965
48 16359372 785249855
41 21336068 874778787
48 16161848 775768703
49 15599211 764361339
41 12709917 521106596
50 17524017 876200849
42 11009437 462396353
45 12585490 566347050
40 11068659 885492719
45 21345496 960547319
45 16163570 727360650
42 15166058 636974436
43 10902373 468802038
49 20117104 985738095
46 11900702 547432292
43 11053001 950558085
41 20944459 858722819
50 13024819 651240950
46 13077807 601579122
48 11235034 539281631
40 16250476 650019039
47 18397827 864697869
46 18251487 839568402
48 17017110 816821280
48 14826403 711667343
43 22911014 985173601
42 18928932 795015143
45 14830124 667355579
45 12827384 577232280
41 15351044 629392804
41 17703398 725839317
41 12588981 516148220
43 10783421 463687103
43 22330328 960204104
44 14054936 618417184
43 10954713 942105317
47 17422211 818843917
44 14004578 616201431
45 20524605 923607224
47 12870071 604893336
42 20431324 858115608
42 17783638 746912796
44 17056072 750467167
44 10280430 904677839
40 10622303 424892120
41 17929646 735115485
44 18080538 795543671
44 17420252 766491087
44 15143343 666307092
49 10520706 515514593
42 19461083 817365485
48 10197394 489474912
43 20144843 866228248
44 22055514 970442616
41 11351379 930813077
45 10538997 474254865
46 18752739 862625994
44 21092506 928070264
50 16505545 825277250
49 12623666 618559633
41 15012189 615499749
42 15782548 662867016
47 17668600 830424199
41 16149417 662126096
43 20920540 899583220
46 20837138 958508347
43 16558561 712018123
42 18849114 791662788
46 18721865 861205790
43 11004650 946399900
43 21481999 923725957
45 10345853 465563384
43 12666688 544667584
49 10302663 504830486
43 14912862 641253066
43 20484890 880850270
48 15392785 738853679
42 20727672 870562223
41 12141941 995639161
48 18601076 892851647
48 12510709 600514031
47 19181084 901510948
48 16553187 794552976
40 14620632 584825279
40 16351088 654043519
40 12413769 496550759
45 15571683 700725734
49 17717731 868168819
45 13664893 614920185
48 19323293 927518063
41 14112507 578612787
40 13215641 528625639
44 12558004 552552175
43 20515238 882155234
44 12572964 553210415
40 17708677 708347080
46 12341895 567727169
49 17893125 876763125
42 10174356 854645904
41 11549446 947054572
44 14318187 630000227
42 19079510 801339420
46 15049344 692269823
47 17296066 812915101
45 15655292 704488140
45 14305201 643734045
42 12417207 521522693
42 15179698 637547315
45 11777944 530007479
40 23600019 944000760
42 10190859 428016078
43 20136863 865885109
41 22312129 914797289
50 10824720 541235999
43 20383376 876485168
43 21330790 917223969
42 23744448 997266815
44 22571597 993150267
43 16732599 719501756
50 17435046 871752299
42 21326246 895702332
45 10187087 458418915
41 12534035 513895434
40 16129338 645173520
42 13928901 585013841
40 24831705 993268199
46 16205572 745456312
40 10135962 810876960
40 15534623 621384920
43 18107326 778615017
49 11849194 580610506
48 12389351 594688847
50 16493122 824656100
42 21822586 916548612
40 22873793 914951720
50 11895681 594784049
47 10725011 504075517
44 19116928 841144832
42 11265447 946297548
42 10664446 447906732
40 10292679 823414319
44 10645744 468412736
42 20451669 858970098
50 12834859 641742950
47 14086620 662071140
42 13299111 558562662
41 11611593 952150626
49 12677272 621186327
49 18755519 919020430
45 15500881 697539645
48 18391422 882788255
48 13903730 667379039
44 16030685 705350140
42 10298572 865080048
42 19900624 835826208
44 12297517 541090747
44 13237600 582454399
43 10811506 464894757
45 19845755 893058974
44 19397310 853481639
46 12507365 575338790
47 16098681 756638007
47 15344678 721199866
50 16175700 808785000
43 18419829 792052647
40 23640880 945635199
46 10711508 985458735
40 10812689 865015120
44 18088276 795884144
48 18236700 875361599
43 11493696 988457856
43 13017367 559746780
49 10015017 490735832
40 20773768 830950720
44 19881226 874773944
47 10831558 509083226
43 10213108 878327288
45 16111348 725010659
40 24558804 982352160
40 23507836 940313440
41 14349480 588328679
41 16882693 692190413
43 11414893 981680797
48 19804720 950626560
45 14157346 637080570
41 16010161 656416600
40 13895848 555833919
41 12177288 499268807
41 19121249 783971209
40 17909707 716388280
50 17236875 861843750
41 11004256 451174496
44 18194318 800549992
48 19696568 945435263
40 14835678 593427120
50 15948226 797411300
43 22258986 957136397
44 13713568 603396991
48 17016388 816786623
48 12358675 593216400
45 20278874 912549329
50 19545953 977297649
46 10243927 942441284
47 11099801 521690646
41 23264733 953854053
41 12959516 531340156
41 10320613 423145133
41 21106367 865361046
44 14851364 653460016
43 12765660 548923380
42 17289675 726166350
42 21247061 892376561
45 16207483 729336735
47 10957284 514992348
45 21290417 958068764
49 18851096 923703703
42 23770575 998364149
45 17804516 801203219
41 16432191 673719830
42 14893310 625519020
49 14005416 686265383
44 12295259 540991395
45 14463698 650866409
48 11091866 532409567
44 10971905 965527639
41 22632569 927935329
41 20148062 826070541
46 15379583 707460817
42 10536693 885082212
48 17277936 829340928
46 14291075 657389450
40 24893636 995745439
42 23568670 989884140
50 10567413 528370649
42 10639327 446851734
47 14374764 675613908
43 16547931 711561033
47 17565192 825564024
44 10156529 893774552
43 22294633 958669218
45 21081185 948653325
44 15760309 693453596
49 12044286 590170013
48 15780381 757458287
40 12994932 519797280
46 15809306 727228075
42 13943504 585627167
43 22117568 951055424
44 12428192 546840447
42 16843069 707408898
41 13965832 572599111
46 18229305 838548030
43 18660262 802391265
40 14337092 573483679
48 19641339 942784272
47 17711867 832457749
43 11099091 954521826
41 22351489 916411049
42 10527619 442159998
47 16484870 774788890
47 17515970 823250589
49 11392399 558227550
46 13321244 612777223
40 10092570 807405600
41 19783548 811125468
42 14480102 608164284
41 22994943 942792662
50 14827137 741356849
45 10399782 935980379
50 14310152 715507600
50 18707941 935397049
45 12390335 557565074
49 12059151 590898399
46 18755001 862730046
42 22510951 945459941
40 24565651 982626040
42 10073246 846152664
41 10690191 876595662
50 18423257 921162849
47 10156264 477344408
40 24257208 970288320
41 22831442 936089122
40 24716835 988673400
42 13852725 581814450
47 15807267 742941549
46 15515294 713703524
48 19175679 920432591
50 14163511 708175550
44 19322474 850188855
45 11163381 502352145
41 22919948 939717867
43 18112453 778835479
46 20358557 936493622
42 10023310 841958040
41 21678119 888802879
42 10715218 900078312
50 16961945 848097249
49 15704849 769537600
45 15336424 690139080
49 13448009 658952441
48 15209609 730061231
48 15211306 730142688
50 14820104 741005199
42 10801960 907364640
48 10983376 527202047
42 22261572 934986024
44 15246674 670853656
45 18993699 854716454
40 16574032 662961279
47 13636426 640912021
45 13952719 627872355
44 19194081 844539563
50 14077436 703871799
44 10916168 480311392
47 13695788 643702035
45 15667717 705047264
40 15852761 634110440
49 10118380 495800619
44 15104944 664617536
43 16734625 719588875
41 19647975 805566975
41 11270344 462084104
40 13968860 558754399
48 13865341 665536368
49 17557275 860306475
47 19236082 904095854
44 15214439 669435316
47 20779536 976638192
43 12223700 525619100
40 21307100 852284000
45 16208564 729385380
50 15491423 774571149
50 12929560 646477999
45 20261887 911784914
45 20063206 902844270
43 10791848 928098927
48 11240016 539520767
49 12325497 603949353
48 18580863 891881424
50 12691373 634568649
47 20839702 979465994
44 11199302 985538576
40 10698425 855874000
46 10252579 471618634
48 19461365 934145519
41 20563194 843090953
42 23244719 976278198
42 12772206 536432651
49 14316264 701496936
48 11627578 558123743
50 11182333 559116649
41 10079162 413245641
40 23371289 934851560
46 16049936 738297056
48 17671296 848222207
42 17673679 742294518
43 15762036 677767548
40 21271524 850860960
46 10154299 934195508
48 10612099 509380751
45 21112667 950070014
45 13853932 623426940
41 11082869 908795257
41 24009572 984392451
49 10607808 519782592
40 20386376 815455040
46 11697115 538067290
47 15116340 710467980
43 12187397 524058071
41 20765623 851390542
40 11531049 922483920
43 10335982 888894452
42 12824747 538639373
43 11591473 996866678
47 20734463 974519761
49 17914538 877812362
45 13165405 592443225
43 13276850 570904549
42 12971299 544794558
49 15421916 755673883
44 17662895 777167379
41 19619433 804396752
43 21464904 922990872
44 10661324 938196511
45 10152681 456870644
41 22308272 914639152
43 22343470 960769210
44 14933852 657089488
42 22907719 962124198
50 12186467 609323349
42 10837959 455194278
50 12285892 614294599
42 12637486 530774411
41 19436665 796903265
50 15170015 758500750
48 20127216 966106368
41 11020813 903706665
41 20514754 841104914
40 15132432 605297280
40 23578702 943148079
45 10142587 912832830
40 16460098 658403919
40 15331073 613242919
42 17053247 716236374
43 18473038 794340634
40 21511020 860440800
44 14021001 616924044
44 10343472 910225535
43 19582764 842058852
46 13656531 628200426
47 15474536 727303192
48 18184349 872848751
41 18256782 748528062
42 15075481 633170202
40 22958767 918350680
48 19938807 957062735
42 17952329 753997818
40 16395210 655808400
45 19133096 860989319
42 10998234 461925828
42 17971077 754785234
48 10157524 487561151
42 21497954 902914068
46 15154090 697088140
45 19609636 882433619
41 16183786 663535225
50 10119740 505986999
48 11221739 538643472
40 20335320 813412800
49 12846629 629484821
47 20563518 966485346
43 21130423 908608189
49 18891550 925685949
42 22205501 932631041
43 12653443 544098049
41 22181322 909434201
41 14838080 608361279
46 11593316 533292535
45 12864075 578883374
40 10689183 855134639
40 23696389 947855560
47 13550146 636856862
43 13580141 583946063
45 18930309 851863905
40 19226275 769051000
46 16479011 758034505
42 12697739 533305038
40 19823211 792928440
43 10735428 923246808
50 11638137 581906849
44 12794112 562940927
48 13961308 670142783
40 10211962 816956960
49 10020991 491028559
50 11051416 552570800
49 13318607 652611743
46 16897063 777264898
42 23713816 995980271
45 13805139 621231255
48 13087464 628198272
42 19295464 810409488
46 16635079 765213633
41 22435005 919835204
48 20265102 972724895
42 23487195 986462190
42 18648714 783245987
41 24367110 999051509
45 14443451 649955295
48 15680214 752650271
42 12615574 529854107
41 23615720 968244520
43 10719878 460954754
42 16641250 698932500
43 13111172 563780396
42 21615343 907844406
40 22590602 903624079
50 19895412 994770600
40 24921039 996841559
40 10949502 875960160
42 12189054 511940267
48 10080751 483876047
44 14407305 633921419
43 10374421 892200206
49 17686007 866614343
47 19804950 930832650
47 10341366 486044202
47 10613355 498827685
47 12738135 598692345
47 20904935 982531945
43 22325411 959992673
48 13925044 668402111
47 20128883 946057500
40 11193723 447748919
50 16025951 801297549
45 21702650 976619250
46 13276428 610715688
43 23185445 996974135
40 21261462 850458480
42 19922296 836736432
46 19617740 902416040
41 18613165 763139764
46 16548280 761220880
40 20528824 821152960
49 19946569 977381880
49 13762321 674353729
45 12255791 551510594
40 20747403 829896120
45 14537619 654192855
43 18658324 802307932
40 14602349 584093960
43 13143352 565164136
42 13700703 575429525
45 12861716 578777220
43 22825519 981497317
44 12845445 565199580
41 17682983 725002302
42 14821235 622491869
48 16313532 783049535
42 23787380 999069960
43 14257866 613088238
40 23017671 920706839
44 20094426 884154744
41 13014142 533579821
40 22426812 897072480
44 14684460 646116239
40 13753980 550159199
45 21446840 965107800
42 21276861 893628161
42 12035130 505475460
50 13478225 673911250
43 23239813 999311959
41 13929760 571120159
45 20065757 902959064
42 21554603 905293325
48 11414079 547875791
49 13896609 680933841
48 16135935 774524879
49 10604282 519609817
50 17946239 897311950
47 15056911 707674816
46 10556531 971200852
47 19051267 895409549
42 11956080 502155359
41 18267693 748975412
47 17540504 824403688
46 10752646 989243431
50 16683517 834175849
46 17920025 824321150
41 22956358 941210678
44 16178830 711868519
47 19189959 901928073
44 16585853 729777532
41 13993051 573715091
47 14193628 667100516
46 10727132 986896143
43 16332905 702314915
50 14197126 709856299
50 16955033 847751650
45 19363258 871346609
45 12716200 572229000
44 18769462 825856328
49 16475000 807274999
47 14543421 683540786
40 10438424 835073920
49 10756437 527065412
46 19724772 907339511
42 20074261 843118962
47 19214611 903086717
41 10756960 441035360
44 20939523 921339011
45 22203632 999163439
40 15947387 637895480
48 18715571 898347408
41 17731405 726987604
50 12878052 643902599
40 19214854 768594160
46 21592029 993233333
48 17215945 826365359
42 13211418 554879555
40 13849677 553987080
42 14343210 602414819
46 16803743 772972178
41 11264468 923686375
41 10456343 428710063
48 14604281 701005487
40 10982010 878560800
50 19623110 981155500
41 24345629 998170788
41 15047995 616967794
40 20649176 825967040
43 10727508 461282844
46 21038976 967792895
42 13048855 548051909
50 16700862 835043099
49 18295952 896501648
43 10081083 866973137
50 13256580 662828999
49 15721986 770377313
43 10122679 870550394
40 22746823 909872920
41 10449280 428420479
41 11477271 470568111
43 16097245 692181535
41 14409469 590788229
50 13356325 667816250
41 10647175 873068349
49 10557923 517338227
50 19990425 999521250
43 11165406 960224916
50 13800119 690005949
42 17273695 725495190
43 11566496 994718656
50 13430999 671549950
43 21985364 945370652
49 13492620 661138379
44 16907216 743917503
43 11034011 474462473
44 21780088 958323872
45 13252125 596345624
45 10224886 920239740
49 17592427 862028923
41 11758618 964206675
42 19780315 830773230
48 14158162 679591776
48 13068961 627310127
43 12138714 521964702
45 17419342 783870390
46 18856972 867420711
43 15893620 683425659
46 16928253 778699638
44 20218850 889629399
45 17823850 802073250
46 11570932 532262872
44 10896747 479456867
49 12236109 599569341
44 14286894 628623335
42 23553339 989240237
50 12611460 630572999
44 16319112 718040927
45 21819715 981887174
47 16387807 770226928
46 14735915 677852090
49 14574104 714131095
50 19038126 951906299
46 13556753 623610637
49 17882694 876252006
48 17666549 847994351
50 19008724 950436199
41 10300642 844652643
41 22639363 928213883
46 10405328 478645088
41 19558073 801880992
41 23622090 968505690
44 16907311 743921684
44 21014573 924641211
42 12594810 528982019
50 14699738 734986900
50 19287113 964355650
49 15245575 747033175
42 11804340 991564560
47 10578256 994356064
44 10066418 442922391
49 16763507 821411842
40 23890410 955616400
41 16868359 691602718
46 12613775 580233650
41 12182401 499478441
40 10722073 428882920
46 10372500 954270000
41 10170572 416993452
49 16690089 817814360
43 13582467 584046080
40 11490517 919241359
49 20356604 997473595
40 10085858 403434319
40 23081708 923268320
49 13714458 672008441
40 24549298 981971920
44 12985747 571372868
50 15127804 756390199
49 17996478 881827421
49 13126220 643184779
48 20690107 993125135
50 11239828 561991399
40 20616949 824677960
46 15440298 710253707
42 21852731 917814702
41 13370771 548201610
48 17829627 855822096
49 17113279 838550670
45 16437749 739698704
42 11973094 502869948
41 16170931 663008170
50 12939940 646997000
42 22926907 962930094
46 17284677 795095142
45 20946706 942601769
50 12999083 649954149
43 20060835 862615905
40 15259125 610365000
46 19578082 900591771
40 12462000 498480000
50 11532036 576601799
40 20935217 837408679
48 13180173 632648303
44 16429231 722886164
41 22193736 909943175
50 19461645 973082249
40 23072700 922908000
40 12960714 518428560
44 12267370 539764280
40 23183491 927339640
48 18626111 894053327
43 18716529 804810747
49 15155940 742641060
42 19707276 827705592
47 15889249 746794703
44 12896377 567440588
40 20972027 838881080
45 17955197 807983865
48 10982927 527180496
45 19602142 882096390
44 15807482 695529208
44 14086666 619813304
40 24331878 973275119
47 15370221 722400387
45 10137293 912356370
40 22073723 882948920
43 10114965 869886990
48 16306695 782721359
43 21798184 937321912
48 17661810 847766879
50 18512704 925635199
49 19546409 957774041
40 16248601 649944040
44 13246933 582865051
45 10909098 490909410
44 20034443 881515491
40 11423590 456943599
42 18297683 768502686
41 14191291 581842930
44 10534787 463530628
47 15737750 739674249
44 16647940 732509360
45 16033480 721506600
41 12837959 526356319
50 16550543 827527150
45 13952299 627853455
48 10469976 502558848
45 20670539 930174255
46 11313279 520410833
49 10403735 509783015
43 11107689 955261253
40 22703734 908149360
45 21947576 987640920
42 11765270 494141340
41 23342657 957048937
45 12854988 578474460
43 21932341 943090663
46 21028257 967299821
41 10005059 410207419
43 17949197 771815470
44 21777689 958218316
40 20858764 834350560
44 13132072 577811168
40 23820375 952815000
45 14555411 654993494
50 13687328 684366400
45 15387381 692432144
41 15284791 626676430
47 19002722 893127934
48 10300640 494430720
48 11349165 544759920
50 14393013 719650650
46 11237911 516943905
44 12315609 541886795
47 18258578 858153166
46 10347663 475992497
48 10630057 510242735
40 12654647 506185880
41 17524884 718520243
46 21479504 988057183
43 11787154 506847621
43 20031053 861335279
46 14447134 664568164
40 24416103 976644119
50 11368521 568426050
42 10372265 435635129
43 15884972 683053796
47 15750525 740274675
40 15318218 612728720
48 14162058 679778784
48 15980687 767072976
47 11549562 542829413
40 15051090 602043600
48 10595505 508584239
40 23243544 929741759
47 13167898 618891205
46 12758387 586885802
50 18920331 946016549
43 13806221 593667502
48 16396861 787049328
49 10641621 521439429
50 11797922 589896100
42 18275241 767560122
43 21821922 938342646
49 18397903 901497246
47 20212519 949988393
45 16446286 740082870
40 10153294 406131760
42 10003912 840328607
40 19808464 792338560
45 17730243 797860935
41 14151547 580213427
43 10652896 916149056
46 18223610 838286059
46 11045039 508071793
44 12899183 567564051
48 13886903 666571344
41 17455450 715673449
44 20613544 906995935
49 14150235 693361515
49 10457789 512431660
44 10563463 929584744
41 11425690 468453290
42 21569268 905909255
47 12285816 577433351
42 15738217 661005114
47 13136622 617421234
43 15652917 673075431
42 14698960 617356320
45 18139302 816268589
49 12133077 594520773
45 15446155 695076975
44 14721214 647733416
41 11620246 952860171
46 11252919 517634274
48 10771509 517032431
41 10639217 872415794
43 19790506 850991758
41 21796192 893643872
48 17981730 863123039
50 12878595 643929750
42 10729424 450635808
42 10032861 842760324
43 11574123 497687289
48 15218746 730499808
43 18457356 793666308
47 12060725 566854075
41 19890889 815526448
41 11444550 938453099
44 21644117 952341148
42 17074855 717143910
45 10751446 483815069
46 10137408 932641535
45 16145541 726549344
46 10778567 991628163
45 13667788 615050460
50 15208307 760415349
42 11054464 464287488
47 20477276 962431972
44 21165916 931300304
45 15562261 700301744
42 11429530 960080519
45 10037361 903362490
44 16396413 721442172
49 10979485 537994764
43 10143516 436171187
49 19312535 946314215
50 14010888 700544400
48 18612954 893421792
41 12103406 496239646
42 19079733 801348786
44 12872537 566391627
46 13253727 609671442
45 20961503 943267634
44 15967397 702565468
49 12442345 609674904
47 20668431 971416256
50 13423446 671172299
43 13761550 591746650
50 17579461 878973049
44 12302577 541313388
42 19890158 835386636
40 22494454 899778159
40 18313629 732545160
40 24871457 994858279
40 15065654 602626159
40 11215928 448637120
45 10496672 472350240
48 15623878 749946144
40 11165519 446620760
41 11188460 917453719
50 13322375 666118750
43 11573423 497657188
45 20241578 910871010
41 11243961 461002400
48 19920114 956165471
44 10725467 943841096
48 19041204 913977792
40 19195301 767812040
46 13525854 622189283
44 21838335 960886739
48 10547785 506293679
41 24306953 996585073
47 10820227 508550668
45 15287925 687956625
41 10455678 857365596
49 20251111 992304438
43 18690982 803712226
46 17406813 800713397
42 10095384 848012255
40 18734742 749389680
50 14590103 729505149
43 21448388 922280684
40 24277032 971081280
41 12345558 506167878
49 18137044 888715156
48 16966297 814382255
42 18601086 781245611
48 19839001 952272048
47 10257588 964213272
46 12204366 561400835
44 12758679 561381876
43 22595372 971600996
47 20527238 964780185
46 20646069 949719174
42 12833945 539025689
43 21474481 923402682
40 10525410 842032799
40 10504322 420172880
50 16935346 846767299
43 10940364 940871303
45 18933138 851991209
40 24863663 994546520
40 10754310 860344800
44 17608794 774786935
40 11060676 884854079
41 23340677 956967757
43 22208057 954946451
43 12920851 555596593
46 10730444 493600423
41 10531299 863566517
47 20967904 985491487
50 15574843 778742150
42 21795736 915420912
44 18697645 822696379
42 20514347 861602573
40 12867490 514699599
42 23671614 994207787
44 17394988 765379471
40 16452968 658118720
48 20607606 989165087
40 16921807 676872280
42 20659456 867697152
41 17141195 702788994
49 19531179 957027770
40 23973797 958951880
47 17036869 800732843
49 14732741 721904309
41 21242293 870934013
50 14317808 715890399
40 18854192 754167680
44 13458114 592157016
45 17063537 767859165
43 21948440 943782919
40 19865828 794633120
47 17851125 839002875
42 11591802 973711367
42 23606829 991486817
43 11280149 485046407
40 16366509 654660359
44 14767254 649759175
