8
18 5754 6872
11 5543 1464
6 6940 9405
10 5152 4196
13 5784 7499
18 6787 260
14 5922 218
17 5037 7983
100
3 5482 4812
1 3922 7167
3 3566 8041
2 3532 3839
3 3948 4490
2 5301 6616
3 4216 796
2 4583 5021
1 3311 3984
3 3044 2702
2 4529 288
2 3352 6474
2 3102 4548
3 3784 2968
2 5054 2143
2 5385 1542
3 3259 1509
1 3772 56
2 5067 6178
2 5300 9474
1 4382 4626
2 5432 3833
1 3352 6338
1 4138 315
3 4844 9114
2 4683 3008
3 5251 252
2 4633 3328
3 5274 4740
1 4205 7427
1 5162 1269
2 5389 8754
2 4107 7997
1 4736 8552
2 4668 8332
3 3618 3618
2 5421 9024
3 4766 7475
3 4117 7909
2 5170 5383
1 5095 2618
1 3620 6546
3 4647 2504
2 5045 969
1 3442 703
3 3302 4039
2 3111 7606
1 3542 9808
3 4878 7336
2 5496 3689
1 4690 3623
2 3688 3062
1 3462 7804
2 5329 8479
3 3791 7631
1 3170 5663
3 4679 759
2 3972 1759
2 5310 9876
3 4433 253
2 5268 3286
1 4153 6305
2 4960 5673
1 3038 1104
3 3673 6143
2 3363 4883
1 3412 9070
1 4934 2684
3 5473 1226
1 5101 2417
3 3062 7060
3 5424 9489
1 3007 3266
2 5364 7160
3 3123 2123
2 3135 18
1 4230 7680
3 4602 7636
3 4486 7905
3 3097 1357
3 4648 6596
1 3942 3141
1 5009 3607
3 4747 2217
1 3376 375
2 5490 4573
2 4755 5779
1 5110 7731
2 3967 9858
3 4550 9810
1 3369 101
2 3798 7541
2 3355 909
1 4040 6079
1 3467 1224
1 4553 9627
1 3826 6902
2 4132 7057
2 3369 8172
2 4437 5348
