1937
41 1 4
44 1 20
46 1 7
46 1 7
47 1 12
44 1 18
41 1 3
48 1 2
48 1 19
43 1 11
48 1 6
40 1 4
40 1 1
48 1 19
45 1 2
49 1 3
47 1 19
48 1 11
50 1 17
46 1 13
49 1 3
48 1 15
46 1 18
48 1 11
48 1 12
40 1 3
41 1 6
40 1 11
44 1 2
47 1 12
41 1 2
47 1 12
40 1 6
45 1 6
41 1 16
41 1 6
48 1 5
41 1 15
50 1 19
47 1 10
47 1 17
50 1 18
41 1 9
41 1 16
43 1 3
49 1 15
46 1 16
43 1 2
45 1 12
40 1 2
49 1 14
43 1 11
49 1 2
42 1 20
47 1 5
48 1 11
40 1 17
44 1 14
41 1 9
48 1 6
40 1 3
44 1 14
45 1 17
42 1 1
44 1 2
41 1 4
42 1 3
44 1 6
41 1 13
49 1 19
44 1 7
43 1 15
48 1 6
44 1 1
43 1 3
47 1 9
49 1 11
46 1 19
45 1 10
41 1 15
49 1 16
47 1 13
49 1 3
43 1 12
43 1 7
47 1 1
42 1 8
40 1 5
48 1 6
45 1 10
42 1 14
48 1 8
46 1 4
44 1 13
48 1 3
40 1 13
44 1 11
40 1 14
49 1 13
45 1 4
46 1 10
50 1 11
46 1 17
48 1 13
47 1 11
45 1 3
46 1 19
46 1 1
42 1 17
43 1 10
46 1 17
45 1 11
50 1 19
46 1 11
50 1 5
42 1 1
49 1 3
48 1 4
48 1 4
40 1 6
45 1 10
50 1 5
47 1 17
49 1 4
45 1 4
43 1 1
48 1 15
48 1 12
50 1 5
47 1 15
40 1 1
43 1 18
48 1 15
48 1 11
45 1 2
43 1 12
48 1 10
50 1 9
44 1 15
42 1 7
46 1 1
48 1 2
45 1 3
45 1 15
45 1 4
45 1 16
49 1 1
41 1 17
50 1 7
40 1 1
48 1 2
47 1 4
46 1 4
47 1 8
41 1 17
43 1 1
49 1 2
46 1 3
43 1 16
44 1 4
47 1 5
49 1 11
43 1 14
42 1 14
49 1 11
48 1 19
42 1 17
46 1 9
48 1 10
50 1 5
47 1 16
42 1 3
40 1 15
43 1 6
50 1 5
46 1 6
40 1 1
44 1 8
49 1 2
47 1 1
43 1 17
41 1 10
44 1 12
48 1 8
44 1 8
43 1 17
47 1 4
42 1 1
42 1 15
47 1 17
42 1 10
50 1 6
46 1 3
43 1 20
41 1 12
43 1 12
48 1 10
42 1 11
49 1 9
50 1 13
44 1 7
49 1 8
44 1 8
49 1 19
48 1 9
42 1 5
44 1 17
49 1 5
40 1 17
48 1 11
44 1 7
42 1 17
46 1 7
44 1 5
43 1 4
42 1 5
50 1 6
42 1 2
45 1 15
49 1 1
43 1 3
41 1 9
40 1 18
49 1 1
41 1 20
44 1 3
40 1 15
50 1 12
42 1 7
48 1 7
40 1 15
49 1 10
41 1 7
46 1 13
48 1 14
43 1 2
49 1 6
40 1 8
43 1 6
49 1 13
50 1 3
47 1 13
43 1 4
42 1 13
41 1 19
47 1 5
43 1 2
43 1 1
47 1 5
41 1 13
48 1 17
47 1 9
43 1 7
49 1 3
49 1 18
43 1 6
46 1 20
50 1 6
46 1 5
50 1 20
44 1 6
45 1 2
40 1 2
45 1 7
45 1 5
49 1 11
45 1 10
42 1 15
47 1 1
49 1 8
41 1 1
44 1 17
50 1 12
49 1 20
41 1 17
44 1 14
47 1 9
47 1 8
43 1 14
44 1 2
48 1 15
47 1 3
42 1 9
43 1 18
44 1 7
49 1 7
41 1 12
43 1 5
45 1 17
42 1 7
44 1 14
50 1 10
46 1 5
47 1 14
46 1 2
40 1 2
43 1 13
42 1 3
40 1 3
40 1 6
40 1 9
48 1 15
40 1 11
50 1 13
44 1 2
40 1 2
42 1 7
47 1 6
49 1 5
40 1 9
47 1 1
42 1 6
45 1 3
41 1 16
45 1 5
43 1 16
50 1 11
45 1 6
41 1 9
48 1 8
48 1 10
41 1 15
48 1 4
48 1 11
42 1 11
42 1 6
49 1 18
43 1 6
45 1 16
45 1 9
43 1 4
43 1 13
44 1 8
48 1 14
40 1 7
44 1 20
50 1 5
45 1 1
50 1 9
50 1 7
42 1 14
44 1 2
50 1 18
43 1 15
41 1 12
46 1 15
44 1 8
42 1 5
41 1 19
49 1 14
43 1 10
50 1 13
41 1 13
50 1 8
40 1 13
46 1 13
44 1 8
42 1 3
48 1 16
46 1 5
48 1 16
48 1 3
48 1 8
45 1 17
49 1 10
45 1 14
50 1 15
45 1 18
45 1 7
41 1 5
40 1 11
44 1 7
48 1 5
48 1 19
47 1 1
45 1 17
43 1 16
46 1 17
50 1 7
48 1 8
41 1 20
42 1 11
46 1 13
43 1 19
48 1 3
49 1 17
47 1 14
41 1 15
45 1 2
47 1 5
43 1 13
41 1 9
46 1 20
44 1 3
45 1 15
50 1 13
47 1 19
45 1 18
48 1 5
42 1 7
47 1 14
45 1 18
49 1 20
44 1 15
42 1 8
41 1 15
46 1 17
47 1 13
45 1 13
42 1 8
45 1 18
49 1 14
49 1 9
42 1 20
42 1 12
43 1 3
45 1 5
46 1 7
48 1 8
44 1 5
46 1 19
50 1 3
50 1 6
44 1 20
43 1 9
40 1 7
47 1 19
48 1 18
43 1 1
46 1 5
49 1 20
44 1 1
41 1 19
49 1 1
47 1 14
40 1 4
42 1 11
43 1 16
48 1 15
43 1 5
48 1 5
50 1 13
46 1 10
45 1 10
47 1 4
50 1 11
44 1 15
43 1 10
40 1 4
40 1 11
48 1 18
40 1 11
43 1 11
41 1 15
44 1 5
45 1 17
42 1 2
45 1 8
40 1 19
46 1 18
40 1 1
48 1 12
40 1 4
49 1 20
43 1 15
44 1 14
50 1 15
48 1 9
40 1 19
44 1 15
45 1 3
40 1 9
45 1 17
44 1 13
40 1 6
49 1 16
45 1 16
44 1 3
47 1 8
42 1 18
50 1 13
41 1 14
47 1 10
48 1 18
50 1 3
49 1 17
40 1 11
50 1 4
48 1 11
44 1 5
42 1 19
46 1 1
50 1 1
45 1 18
43 1 2
42 1 10
44 1 9
42 1 18
42 1 6
49 1 11
41 1 2
49 1 3
41 1 4
47 1 8
41 1 18
50 1 18
47 1 4
46 1 13
47 1 14
44 1 20
49 1 4
40 1 2
49 1 15
50 1 3
47 1 5
45 1 17
41 1 8
42 1 6
49 1 19
48 1 6
41 1 1
42 1 18
47 1 6
43 1 19
44 1 15
44 1 19
43 1 4
49 1 1
45 1 5
46 1 17
43 1 19
49 1 10
43 1 8
46 1 4
45 1 12
48 1 16
43 1 2
42 1 9
43 1 9
41 1 6
41 1 6
40 1 13
47 1 15
44 1 11
41 1 16
48 1 7
40 1 2
47 1 7
41 1 10
46 1 8
50 1 18
46 1 5
41 1 4
50 1 1
46 1 14
42 1 12
41 1 9
47 1 19
44 1 2
46 1 14
44 1 3
50 1 11
50 1 19
49 1 4
42 1 17
43 1 20
43 1 18
49 1 19
41 1 18
41 1 17
49 1 4
41 1 12
42 1 13
41 1 16
43 1 5
43 1 10
40 1 12
50 1 20
44 1 20
46 1 14
40 1 2
43 1 11
44 1 3
41 1 9
47 1 14
44 1 9
43 1 6
47 1 9
50 1 17
45 1 5
44 1 11
41 1 17
41 1 2
46 1 5
46 1 4
49 1 11
47 1 8
47 1 5
42 1 14
40 1 1
42 1 15
41 1 1
41 1 1
41 1 15
49 1 9
45 1 20
41 1 1
50 1 5
40 1 12
50 1 16
41 1 9
43 1 14
43 1 10
40 1 10
45 1 13
44 1 11
45 1 12
47 1 10
49 1 2
45 1 18
49 1 3
46 1 15
46 1 15
45 1 20
48 1 1
40 1 13
45 1 6
47 1 18
45 1 11
49 1 10
40 1 15
41 1 11
46 1 15
44 1 20
44 1 6
47 1 15
50 1 15
41 1 12
49 1 3
49 1 7
47 1 5
50 1 17
50 1 6
49 1 18
45 1 8
45 1 10
44 1 12
40 1 8
45 1 7
41 1 20
47 1 16
48 1 7
40 1 4
42 1 10
46 1 2
49 1 19
41 1 4
42 1 19
45 1 16
49 1 9
44 1 12
48 1 9
50 1 9
49 1 1
45 1 15
49 1 12
45 1 9
41 1 3
46 1 12
50 1 2
41 1 13
44 1 14
46 1 10
43 1 11
40 1 16
47 1 14
43 1 11
46 1 16
49 1 14
42 1 17
49 1 14
40 1 1
46 1 10
40 1 4
44 1 14
40 1 11
41 1 6
43 1 15
44 1 6
42 1 7
49 1 5
50 1 9
40 1 18
46 1 16
47 1 13
44 1 9
50 1 12
40 1 8
45 1 10
48 1 2
48 1 16
46 1 11
50 1 12
47 1 2
48 1 5
47 1 15
48 1 5
48 1 11
49 1 7
48 1 18
42 1 8
42 1 2
48 1 5
50 1 15
42 1 16
44 1 3
45 1 5
45 1 19
42 1 2
47 1 11
48 1 3
49 1 1
43 1 8
41 1 17
42 1 20
42 1 14
43 1 1
42 1 3
47 1 12
46 1 5
44 1 8
49 1 6
40 1 13
47 1 11
48 1 4
47 1 20
42 1 1
45 1 11
48 1 1
50 1 2
44 1 12
47 1 5
49 1 12
45 1 5
47 1 18
45 1 17
42 1 17
44 1 6
43 1 6
43 1 4
42 1 1
49 1 6
50 1 17
48 1 6
42 1 14
43 1 10
48 1 7
45 1 20
46 1 6
50 1 19
43 1 6
48 1 3
50 1 14
40 1 3
46 1 14
41 1 20
42 1 6
47 1 10
40 1 15
42 1 16
46 1 15
50 1 7
45 1 11
42 1 16
40 1 8
45 1 14
46 1 16
46 1 5
46 1 16
40 1 3
46 1 10
50 1 15
41 1 5
45 1 12
41 1 17
49 1 14
50 1 13
43 1 17
48 1 6
40 1 18
45 1 1
47 1 6
43 1 6
49 1 5
44 1 8
44 1 9
50 1 11
50 1 12
41 1 15
47 1 3
50 1 9
44 1 4
42 1 9
49 1 18
50 1 16
48 1 5
40 1 12
50 1 18
42 1 3
50 1 19
41 1 1
47 1 7
45 1 4
42 1 16
41 1 18
41 1 17
43 1 12
41 1 12
43 1 6
40 1 1
42 1 16
41 1 9
50 1 18
43 1 1
48 1 16
47 1 5
48 1 8
40 1 4
47 1 11
50 1 12
47 1 18
43 1 11
44 1 15
48 1 10
43 1 7
48 1 8
49 1 12
49 1 1
47 1 15
41 1 16
49 1 19
46 1 7
41 1 2
42 1 9
45 1 15
43 1 18
43 1 20
48 1 16
43 1 15
48 1 13
45 1 8
40 1 2
46 1 14
43 1 4
50 1 15
45 1 6
44 1 13
49 1 2
48 1 20
47 1 4
42 1 15
43 1 13
46 1 4
41 1 1
46 1 7
46 1 7
40 1 6
49 1 16
44 1 4
44 1 8
47 1 6
40 1 2
49 1 13
43 1 8
41 1 13
43 1 2
46 1 4
43 1 13
48 1 14
40 1 2
44 1 3
41 1 8
44 1 3
50 1 14
43 1 10
46 1 20
47 1 10
45 1 4
40 1 10
42 1 19
47 1 17
50 1 11
46 1 10
46 1 13
44 1 4
44 1 13
50 1 6
41 1 2
47 1 20
41 1 2
49 1 18
48 1 5
47 1 3
41 1 1
50 1 6
45 1 15
46 1 4
46 1 14
43 1 9
47 1 17
43 1 11
50 1 9
43 1 10
43 1 19
40 1 16
44 1 10
43 1 4
40 1 16
50 1 13
49 1 17
47 1 18
41 1 9
45 1 8
47 1 14
48 1 4
48 1 11
47 1 12
49 1 13
46 1 7
44 1 17
49 1 5
42 1 14
40 1 10
42 1 3
46 1 5
41 1 1
44 1 17
50 1 11
49 1 18
48 1 4
40 1 8
45 1 4
40 1 6
48 1 7
40 1 11
45 1 13
47 1 10
48 1 18
42 1 6
49 1 12
40 1 8
50 1 13
43 1 11
47 1 4
41 1 20
48 1 15
47 1 11
47 1 7
40 1 13
45 1 20
43 1 11
44 1 17
46 1 9
48 1 1
43 1 3
42 1 1
48 1 4
40 1 12
46 1 1
43 1 4
42 1 3
48 1 18
50 1 5
46 1 16
40 1 3
48 1 8
46 1 14
41 1 17
50 1 1
50 1 4
44 1 1
40 1 19
41 1 19
44 1 8
50 1 3
48 1 12
49 1 10
49 1 5
49 1 14
50 1 14
43 1 16
43 1 4
47 1 20
42 1 14
40 1 7
41 1 20
48 1 14
44 1 1
45 1 17
44 1 10
46 1 15
48 1 19
40 1 3
43 1 3
41 1 19
46 1 20
46 1 16
44 1 9
43 1 20
47 1 1
50 1 3
48 1 12
42 1 18
49 1 16
40 1 10
45 1 3
44 1 7
43 1 1
49 1 10
45 1 9
44 1 14
46 1 7
50 1 2
42 1 5
42 1 15
40 1 17
43 1 18
50 1 15
48 1 10
47 1 9
40 1 14
43 1 4
46 1 9
42 1 17
41 1 19
45 1 4
46 1 13
50 1 9
41 1 13
47 1 15
50 1 11
44 1 14
43 1 20
40 1 14
41 1 4
48 1 2
48 1 3
43 1 16
40 1 16
48 1 13
48 1 20
44 1 13
40 1 14
40 1 8
45 1 1
40 1 11
47 1 11
50 1 4
44 1 9
50 1 8
45 1 15
42 1 16
46 1 5
50 1 13
47 1 5
48 1 6
41 1 3
45 1 16
49 1 17
40 1 14
45 1 1
45 1 7
42 1 3
47 1 11
44 1 18
43 1 20
41 1 16
50 1 20
42 1 13
50 1 7
42 1 6
41 1 11
50 1 16
48 1 2
46 1 6
41 1 17
42 1 6
43 1 10
43 1 14
45 1 18
40 1 12
49 1 7
45 1 12
43 1 12
47 1 3
48 1 18
47 1 10
42 1 15
46 1 9
43 1 18
49 1 4
49 1 11
41 1 14
44 1 11
42 1 10
50 1 20
45 1 18
47 1 2
41 1 10
44 1 6
48 1 18
41 1 14
48 1 1
50 1 18
46 1 19
41 1 4
44 1 17
50 1 2
44 1 10
46 1 20
47 1 3
41 1 17
46 1 15
48 1 17
41 1 13
49 1 2
43 1 3
42 1 2
46 1 3
42 1 9
46 1 11
50 1 19
46 1 7
43 1 11
47 1 20
42 1 13
45 1 7
49 1 9
47 1 15
49 1 20
46 1 13
40 1 15
47 1 9
45 1 8
49 1 18
46 1 20
44 1 16
48 1 1
50 1 2
44 1 2
50 1 5
42 1 15
44 1 12
49 1 1
49 1 12
50 1 20
41 1 8
42 1 8
49 1 17
41 1 3
47 1 7
41 1 7
41 1 6
44 1 3
46 1 13
44 1 6
46 1 6
47 1 19
43 1 19
44 1 5
48 1 18
40 1 3
45 1 6
43 1 3
40 1 9
48 1 10
49 1 9
48 1 5
40 1 5
46 1 2
45 1 6
40 1 1
40 1 11
47 1 19
41 1 12
43 1 5
45 1 3
48 1 19
43 1 7
46 1 3
47 1 13
44 1 7
50 1 20
44 1 13
48 1 15
48 1 9
44 1 16
45 1 1
44 1 4
43 1 11
48 1 20
43 1 1
48 1 8
40 1 1
45 1 11
41 1 10
50 1 4
43 1 6
45 1 10
48 1 13
47 1 18
47 1 17
43 1 9
45 1 20
48 1 3
45 1 17
50 1 6
46 1 5
47 1 15
40 1 12
41 1 12
43 1 6
44 1 20
44 1 8
41 1 20
48 1 1
42 1 10
46 1 20
50 1 6
46 1 19
49 1 8
44 1 17
41 1 14
42 1 17
49 1 1
41 1 14
44 1 1
43 1 3
50 1 9
49 1 4
43 1 1
40 1 18
46 1 9
45 1 5
48 1 4
45 1 18
45 1 1
43 1 3
46 1 17
48 1 17
40 1 7
48 1 9
45 1 2
44 1 1
44 1 14
42 1 12
45 1 20
50 1 16
42 1 4
46 1 3
44 1 15
45 1 8
41 1 11
41 1 4
48 1 19
46 1 14
50 1 9
44 1 20
44 1 16
49 1 19
48 1 6
42 1 8
48 1 1
46 1 8
47 1 11
41 1 14
44 1 11
48 1 19
48 1 8
42 1 2
50 1 4
42 1 7
44 1 14
48 1 19
40 1 12
46 1 7
44 1 17
49 1 14
46 1 7
47 1 16
40 1 9
45 1 10
44 1 9
48 1 1
43 1 5
45 1 19
49 1 5
50 1 19
50 1 13
46 1 12
42 1 13
50 1 7
49 1 12
47 1 1
43 1 18
46 1 18
43 1 13
50 1 19
47 1 7
41 1 14
41 1 19
45 1 8
46 1 5
45 1 20
47 1 3
46 1 1
42 1 14
41 1 19
50 1 15
40 1 1
43 1 2
44 1 9
50 1 11
45 1 8
44 1 18
43 1 13
43 1 2
42 1 14
49 1 2
41 1 17
42 1 19
46 1 9
42 1 8
41 1 1
48 1 17
42 1 20
50 1 12
48 1 10
46 1 14
46 1 12
45 1 12
44 1 10
42 1 8
46 1 15
42 1 5
45 1 18
50 1 3
42 1 14
48 1 5
45 1 11
45 1 8
46 1 10
45 1 4
48 1 11
47 1 8
42 1 2
41 1 5
42 1 19
48 1 1
48 1 16
43 1 4
46 1 16
42 1 4
46 1 20
40 1 17
45 1 3
49 1 5
49 1 12
50 1 11
43 1 6
45 1 18
43 1 11
46 1 20
50 1 18
44 1 11
42 1 15
50 1 16
40 1 5
46 1 15
44 1 8
41 1 14
46 1 10
47 1 3
41 1 4
42 1 12
46 1 7
41 1 7
44 1 11
49 1 13
46 1 2
41 1 6
44 1 12
50 1 14
42 1 6
40 1 9
45 1 14
48 1 6
40 1 11
43 1 18
45 1 8
43 1 10
41 1 2
42 1 2
41 1 2
50 1 12
41 1 1
48 1 3
48 1 16
44 1 19
41 1 5
49 1 1
50 1 16
45 1 12
44 1 14
50 1 1
45 1 13
49 1 4
40 1 9
45 1 15
48 1 4
45 1 9
41 1 17
50 1 16
47 1 16
45 1 3
46 1 10
45 1 4
42 1 20
45 1 3
47 1 5
42 1 9
50 1 15
49 1 1
47 1 1
46 1 17
46 1 2
40 1 16
43 1 20
43 1 2
41 1 11
48 1 14
47 1 9
46 1 4
46 1 18
46 1 6
43 1 10
45 1 13
49 1 1
44 1 8
41 1 9
45 1 20
48 1 7
43 1 20
47 1 9
43 1 10
48 1 12
44 1 16
48 1 4
42 1 5
46 1 18
45 1 12
41 1 9
49 1 4
45 1 1
48 1 15
43 1 13
49 1 14
40 1 7
40 1 14
48 1 15
46 1 3
40 1 9
41 1 1
44 1 15
46 1 15
44 1 16
46 1 7
44 1 11
48 1 18
45 1 2
47 1 11
50 1 18
43 1 9
42 1 19
41 1 11
42 1 11
47 1 6
50 1 11
40 1 14
44 1 4
40 1 12
43 1 11
50 1 19
40 1 19
42 1 11
44 1 20
44 1 13
45 1 5
40 1 13
40 1 3
41 1 9
42 1 16
50 1 18
45 1 19
44 1 9
46 1 18
46 1 1
47 1 3
49 1 9
41 1 11
41 1 3
41 1 18
47 1 19
49 1 6
44 1 12
49 1 9
45 1 15
49 1 3
45 1 16
49 1 9
43 1 10
50 1 5
48 1 13
42 1 5
48 1 19
44 1 2
48 1 11
46 1 10
49 1 15
41 1 12
48 1 20
47 1 5
43 1 15
49 1 3
47 1 1
41 1 1
45 1 4
50 1 1
46 1 4
43 1 6
44 1 19
43 1 17
46 1 17
45 1 9
40 1 8
43 1 5
47 1 5
48 1 8
46 1 16
49 1 17
42 1 1
46 1 2
47 1 8
41 1 7
46 1 17
42 1 13
47 1 18
46 1 4
47 1 9
47 1 10
45 1 1
48 1 13
49 1 20
49 1 11
48 1 19
40 1 10
48 1 13
41 1 7
47 1 1
41 1 19
42 1 14
49 1 9
43 1 11
47 1 13
41 1 2
43 1 13
41 1 17
42 1 20
43 1 12
43 1 10
44 1 6
47 1 5
44 1 18
44 1 16
46 1 14
45 1 10
40 1 18
42 1 5
42 1 15
42 1 3
49 1 5
47 1 20
49 1 8
50 1 12
48 1 10
46 1 17
48 1 4
42 1 2
43 1 19
40 1 13
47 1 16
45 1 3
48 1 2
44 1 10
46 1 18
47 1 19
46 1 8
50 1 19
46 1 11
44 1 9
48 1 11
40 1 9
48 1 5
42 1 14
43 1 4
46 1 1
45 1 19
48 1 1
42 1 14
42 1 12
40 1 14
48 1 15
50 1 1
41 1 1
44 1 16
46 1 5
49 1 20
42 1 10
41 1 7
47 1 7
41 1 17
45 1 20
48 1 5
50 1 15
41 1 6
50 1 2
46 1 14
41 1 20
41 1 16
47 1 18
41 1 19
44 1 11
43 1 6
44 1 11
44 1 12
41 1 12
48 1 3
45 1 6
40 1 19
49 1 18
41 1 1
43 1 1
43 1 11
46 1 11
45 1 18
42 1 14
47 1 15
49 1 15
43 1 20
44 1 2
41 1 4
40 1 10
40 1 4
40 1 11
48 1 20
40 1 5
44 1 7
43 1 13
46 1 4
43 1 6
40 1 15
47 1 19
48 1 1
41 1 5
48 1 5
41 1 20
41 1 9
50 1 20
47 1 19
41 1 20
48 1 18
41 1 5
50 1 2
42 1 18
50 1 18
46 1 7
41 1 7
46 1 4
42 1 18
42 1 12
42 1 16
49 1 5
45 1 7
45 1 4
40 1 16
48 1 14
50 1 11
41 1 4
43 1 18
47 1 17
42 1 12
40 1 7
42 1 10
43 1 15
42 1 20
48 1 18
42 1 8
48 1 16
49 1 4
49 1 14
40 1 16
44 1 18
50 1 6
47 1 3
44 1 3
50 1 8
45 1 5
43 1 3
47 1 9
49 1 11
49 1 14
46 1 6
50 1 4
41 1 20
50 1 15
42 1 5
41 1 11
49 1 13
47 1 10
44 1 1
40 1 19
50 1 4
44 1 6
49 1 19
47 1 18
42 1 20
43 1 8
50 1 6
46 1 16
49 1 10
42 1 13
44 1 15
48 1 7
40 1 5
47 1 6
50 1 7
44 1 15
45 1 1
43 1 19
42 1 10
50 1 4
40 1 1
50 1 4
49 1 3
40 1 5
49 1 1
47 1 19
49 1 2
46 1 20
42 1 5
49 1 14
42 1 3
43 1 10
41 1 12
47 1 1
42 1 9
50 1 1
43 1 9
46 1 7
44 1 9
45 1 1
47 1 19
41 1 6
47 1 6
43 1 9
42 1 7
48 1 19
40 1 1
40 1 3
40 1 19
49 1 15
47 1 12
42 1 4
43 1 13
44 1 11
47 1 6
44 1 7
48 1 1
40 1 7
40 1 2
49 1 4
45 1 19
49 1 10
42 1 8
47 1 19
47 1 18
48 1 19
46 1 14
43 1 15
41 1 20
49 1 16
40 1 15
40 1 15
42 1 18
42 1 16
41 1 6
42 1 1
47 1 2
45 1 8
46 1 2
41 1 12
48 1 3
48 1 17
40 1 11
46 1 1
43 1 6
50 1 12
45 1 13
40 1 5
46 1 4
42 1 5
41 1 17
47 1 4
46 1 11
46 1 3
45 1 16
45 1 6
48 1 4
41 1 3
45 1 7
42 1 4
42 1 6
44 1 10
48 1 13
44 1 18
48 1 11
45 1 13
47 1 4
47 1 6
46 1 7
46 1 15
45 1 4
50 1 16
46 1 20
40 1 5
50 1 12
48 1 19
46 1 4
50 1 18
42 1 18
43 1 3
40 1 12
41 1 17
43 1 14
41 1 10
45 1 1
41 1 2
48 1 15
40 1 10
50 1 10
49 1 1
42 1 4
42 1 10
45 1 18
46 1 3
41 1 5
45 1 14
49 1 20
47 1 13
44 1 10
49 1 18
43 1 17
49 1 5
42 1 15
45 1 10
50 1 16
42 1 14
50 1 12
42 1 10
50 1 3
45 1 11
48 1 7
45 1 13
49 1 15
42 1 6
46 1 14
41 1 6
49 1 1
45 1 1
49 1 12
46 1 19
48 1 20
44 1 13
41 1 4
45 1 8
50 1 13
42 1 17
40 1 8
43 1 7
50 1 2
49 1 14
50 1 19
42 1 11
47 1 11
47 1 18
44 1 4
45 1 11
40 1 5
48 1 16
44 1 18
48 1 3
43 1 17
43 1 6
44 1 3
43 1 8
46 1 12
42 1 4
43 1 12
44 1 10
41 1 4
41 1 2
46 1 12
40 1 8
47 1 12
45 1 8
48 1 9
42 1 7
40 1 15
41 1 9
47 1 8
48 1 10
42 1 15
45 1 5
41 1 5
50 1 19
50 1 4
48 1 13
15
42 1 791394208
48 1 790871549
47 1 534289479
49 1 221133657
41 1 835996926
44 1 948211476
45 1 572243175
50 1 410818624
46 1 401333667
49 1 405216601
49 1 528526540
49 1 735285574
43 1 850808136
40 1 248257869
40 1 741959593
