100
5 3988 363
4 3239 709
2 4302 878
1 4138 455
1 3928 337
3 4006 417
2 4785 946
4 4737 648
2 3833 723
5 4562 477
1 3226 456
5 3568 277
1 3069 602
5 3364 874
4 3724 370
5 4720 939
3 3135 449
5 4700 552
4 3607 314
2 4779 217
1 4655 611
2 4878 551
5 3228 356
3 4458 625
1 4768 634
2 4896 798
2 3822 845
5 3467 665
1 4614 524
1 4940 830
3 3071 239
2 3635 366
1 4261 598
2 3879 718
2 4191 699
3 4471 985
3 4753 663
2 4276 578
3 3556 321
2 4357 544
5 4012 785
4 4058 895
2 3159 572
4 4577 812
1 4590 202
2 4951 521
3 4217 737
3 4245 507
3 3703 380
5 3434 435
2 4278 831
4 3595 691
1 4198 252
4 3267 635
4 4550 705
4 3976 682
3 4774 747
5 4442 818
4 4470 470
2 4455 674
4 4341 925
2 3873 441
5 3026 780
4 4799 342
2 3264 770
4 3353 878
4 4211 603
5 3810 868
1 4554 437
2 4547 794
4 3416 509
4 4452 882
4 3894 824
4 4431 274
3 3173 552
3 4723 782
3 4826 853
1 4349 204
1 3036 574
5 4905 573
4 3554 848
4 4549 259
5 4022 901
3 3325 343
2 3146 291
5 3695 841
2 4138 328
5 3741 307
1 4077 505
5 4726 885
2 4875 613
3 3660 598
2 4030 221
2 4739 770
2 4466 468
5 3324 900
5 3329 961
4 4955 929
1 4700 882
4 3315 942
6
32 2646 496
21 3593 380
29 2632 451
36 3426 489
24 4213 921
24 3119 995
