900
1 12538 73489
1 14027 83274
1 13786 81682
2 13114 83609
1 26371 84117
1 27061 86572
1 28859 93003
1 13256 78192
1 18003 54981
1 11495 33356
1 26985 86301
1 15525 46619
1 11442 66369
1 18010 55004
1 12575 73730
1 20680 64162
1 29344 94746
1 12976 76354
1 11220 64937
2 10053 62181
1 11445 99583
1 14510 43237
1 10069 57561
1 21812 68086
1 26274 83772
1 16218 97887
1 19096 58712
1 25856 82289
2 10577 65802
2 13567 86832
2 14251 91723
1 24520 77567
1 20082 62098
1 12794 75162
1 10914 94451
1 12894 75817
1 29053 93700
1 25980 82729
1 14068 41773
1 29668 95912
1 21367 66540
1 28654 92268
2 15391 99932
3 10157 98808
1 14256 42395
1 29999 97105
1 11157 64531
1 10362 59430
1 27674 88759
1 10886 62787
1 27187 87021
2 11806 74374
1 25240 80108
1 13568 80245
1 20148 62326
1 16138 97350
1 22716 71237
1 30421 98628
1 22230 69541
1 25285 80267
1 14198 42203
1 16290 49185
1 26889 85959
1 16324 98600
1 27800 89210
1 24875 78819
1 15547 93387
1 25907 82470
1 11678 67896
1 29408 94976
1 13399 79132
2 11190 70064
1 10470 90180
1 16816 50958
1 16281 49155
3 10242 99730
2 13253 84596
1 30660 99491
1 30645 99437
1 18627 57108
1 12066 35207
1 15504 46549
1 11196 64782
1 17871 54532
1 25167 79850
1 25741 81881
1 13691 81055
1 19448 59918
1 18983 58325
1 18336 56115
1 10632 30578
1 14878 44460
1 22370 70029
2 14476 93337
1 13326 78652
1 16268 49112
1 11791 68628
2 11265 70587
2 14834 95912
2 10822 67502
1 12692 74495
2 13483 86234
1 20873 64829
2 10425 64749
1 30721 99712
1 15390 92337
1 14855 44384
1 17586 53564
1 13000 38256
2 14314 92174
1 15235 45650
2 12093 76390
1 10891 94229
1 14227 84598
1 14293 85035
1 10588 30437
2 13213 84312
1 26231 83619
1 26755 85482
1 15356 46054
1 30300 98191
1 10748 30950
1 17883 54572
1 13385 79040
1 23687 74637
1 20045 61971
1 24398 77137
2 12108 76496
1 27043 86508
1 21208 65989
1 15730 94612
1 25472 80929
1 13276 39161
1 12866 37817
2 10123 62663
1 20605 63902
1 10873 94055
1 12685 74449
1 26375 84131
1 13625 40310
1 13083 38528
1 15707 94458
1 14105 83790
2 12971 82594
1 11076 32004
1 13372 78954
1 19655 60629
1 13555 80159
1 30565 99148
1 12481 36558
1 10972 63340
1 25302 80327
2 15152 98205
1 28542 91866
1 15489 46499
1 15570 46770
1 11363 65859
1 11126 32165
1 13480 79665
2 14002 89939
1 14870 44434
1 25012 79302
1 27228 87167
1 22774 71439
1 30703 99647
1 23579 74258
1 16496 49879
1 15453 92758
1 12304 35981
1 15300 45867
1 14014 83188
2 14317 92196
1 10010 28592
1 21758 67898
1 17572 53516
1 14800 88402
1 25364 80546
1 13208 38938
1 23693 74658
1 17770 54188
1 14008 83149
1 27937 89699
1 25691 81704
1 10100 86638
1 11832 34447
2 12980 82658
1 11387 33007
1 22268 69673
1 24350 76968
1 19352 59589
1 15230 91268
1 28322 91078
2 12607 80016
2 15308 99332
1 15116 90507
1 24436 77271
1 19393 59730
1 27802 89217
2 10752 67016
1 19343 59558
1 22936 72006
1 19616 60495
1 29213 94275
2 14817 95790
1 21617 67408
2 13675 87603
2 14585 94120
1 21010 65303
2 13018 82927
1 30520 98985
1 12407 36317
1 10838 31239
1 25763 81959
2 10778 67196
1 17906 54651
2 13985 89818
1 19579 60368
1 13178 38839
1 11597 33686
1 14795 44184
1 13387 39526
1 28912 93194
1 15597 93721
1 15146 90707
1 17507 53296
1 14435 42988
1 28074 90190
2 10286 63788
1 21033 65383
1 11425 99390
1 26421 84294
1 29060 93725
1 10919 94499
1 10267 29411
1 17888 54589
1 16004 96450
1 14929 44630
1 23650 74507
1 11952 34836
1 16243 49027
1 11422 99361
1 12452 72928
1 11172 32313
1 14451 43041
1 10727 61766
2 10836 67599
3 10183 99090
1 18948 58205
1 15694 47185
1 19188 59027
1 25717 81796
1 29299 94584
1 23951 75564
1 22749 71352
1 11838 34466
2 13875 89031
1 13203 77844
1 14068 83546
1 19200 59068
1 19461 59963
2 10746 66974
1 10768 31014
1 18166 55535
1 14687 43825
1 22484 70427
1 15802 47547
1 22145 69245
1 24367 77028
1 10666 61375
2 12667 80440
1 25683 81676
1 10910 31470
1 13781 81649
1 15070 90201
1 13891 82375
1 22437 70263
2 12545 79578
1 11077 32007
1 21022 65345
1 22755 71373
1 12895 75823
3 10052 97671
1 12302 71950
1 12772 75018
1 19311 59448
1 15058 90121
1 14825 88569
2 14598 94214
1 15059 45063
1 18601 57019
1 22384 70078
1 14726 87910
1 10546 60606
1 13435 79369
1 27287 87378
1 25344 80476
1 26166 83389
2 14862 96114
1 10865 93978
1 23045 72387
1 11049 31917
1 21809 68076
1 25662 81601
1 10720 92582
1 25694 81715
1 20744 64383
1 10888 62800
1 23855 75227
1 12219 35704
1 28980 93438
1 23613 74377
1 25158 79818
1 15191 91008
1 10761 61984
1 10469 90171
1 26666 85166
1 20279 62777
1 10480 90276
1 16288 98358
1 10985 31711
1 16023 96577
1 27145 86871
2 11353 71202
2 13537 86618
1 17733 54063
1 27498 88131
1 11279 32658
1 17391 52903
2 11053 69109
1 28560 91931
1 22944 72034
1 11386 66008
1 27687 88806
1 12473 36532
1 12230 35740
1 12851 37767
1 16987 51535
1 10574 30393
1 24782 78490
1 21670 67592
1 30307 98216
1 16107 97141
2 12518 79387
1 27196 87053
1 30125 97559
1 13390 39536
1 16139 97356
1 17446 53089
1 16095 97061
1 17224 52337
1 14450 86077
2 12052 76102
1 29152 94056
1 26354 84056
2 11947 75364
1 21974 68650
1 28135 90408
1 11340 65711
1 24676 78116
1 19049 58551
1 14045 83393
1 13223 38987
1 21336 66433
1 23362 73497
1 12176 71129
1 12185 35594
1 14663 43745
1 13066 76944
1 17572 53516
1 20956 65116
1 14592 43509
1 10205 87641
2 10229 63395
1 10842 31252
1 13447 39724
1 11890 34635
1 15480 92938
1 17179 52185
1 14974 89561
1 11217 64917
1 15718 94532
1 13440 79402
1 13295 78448
1 10630 91717
1 20206 62526
1 30779 99922
1 13534 80021
1 12088 35278
1 10171 58211
1 15777 47463
1 10031 85978
1 11344 98605
1 14280 42474
1 15131 90607
2 11552 72593
1 12790 75136
1 13338 78731
1 12048 35148
1 15905 95785
1 11301 32729
1 14439 43002
2 14946 96719
1 19968 61706
2 10264 63637
2 12932 82317
1 10411 89614
1 11477 33298
1 10003 85711
1 25146 79776
1 10531 60510
1 11992 34966
1 29841 96535
1 13533 80014
1 21162 65830
1 26997 86344
1 11872 34577
2 14209 91422
1 15926 47963
1 25571 81279
1 19522 60172
1 30008 97137
2 10080 62367
2 14913 96481
1 10504 30169
1 16515 99886
1 13839 82032
1 12649 37107
1 14397 85725
2 12707 80723
1 15401 92410
1 12379 36225
2 11630 73140
1 14550 43370
1 10574 60786
1 11174 96960
1 30782 99932
2 13580 86925
1 15904 95778
2 10935 68288
1 19429 59853
1 14212 42249
1 16901 51245
1 20140 62298
1 29417 95009
2 14795 95631
1 11931 34768
2 11031 68956
2 10645 66273
1 14229 42305
1 28453 91547
1 14980 89601
1 10327 88809
1 21098 65608
1 13263 78238
1 17667 53839
2 13402 85657
2 10913 68135
2 11218 70259
1 16186 97672
2 15118 97960
2 11893 74984
1 11413 33091
1 14611 43573
2 11031 68956
1 13916 82541
1 17968 54862
1 25797 82080
1 14171 42113
1 19204 59082
2 12495 79225
2 12928 82289
1 28121 90358
2 11548 72565
2 13884 89095
1 14511 86481
1 16084 96987
1 13356 39424
1 15203 91088
1 16121 48617
2 13333 85166
1 11237 97570
1 16364 98869
1 28570 91966
1 23250 73105
1 13517 79909
1 16623 50307
1 10802 31123
1 15301 91742
1 24871 78804
1 13002 76525
1 27793 89185
1 19975 61730
1 12145 35463
1 24418 77207
1 26911 86038
1 15872 95564
1 11180 97018
1 25326 80412
1 10852 93853
1 24851 78734
1 25253 80154
1 11050 31921
1 12261 35841
1 29682 95963
1 10863 31319
2 13415 85749
1 27704 88867
1 22041 68883
1 10716 92544
2 13964 89667
1 14002 83109
1 30286 98140
1 19374 59664
1 28945 93312
1 14882 88948
1 23254 73119
1 11259 32594
1 11618 33754
1 22482 70420
1 23824 75118
1 12234 35753
1 25210 80002
1 23388 73588
2 11521 72376
1 26514 84625
2 13460 86070
2 11073 69248
1 20948 65089
1 21224 66045
1 22404 70148
1 15029 89927
1 24117 76148
1 12830 37699
1 28872 93050
1 24019 75803
1 10421 59807
1 12564 36829
1 14290 85015
1 25343 80472
1 18461 56541
1 29117 93930
2 11604 72958
2 12774 81198
1 12275 71774
1 23741 74826
1 12111 70706
1 22030 68844
2 11334 71069
1 25008 79288
1 29655 95865
1 21151 65792
1 11338 98547
1 12494 73202
1 24196 76426
1 19681 60719
1 12716 37326
1 23899 75381
1 14814 44247
1 28877 93068
1 16850 51073
1 22046 68900
1 23567 74216
1 30083 97408
1 28724 92519
2 10272 63692
1 10907 62922
1 10226 87842
1 11251 32568
1 12221 71422
1 14885 88968
2 11947 75364
1 27199 87064
1 12744 37417
1 21179 65889
1 15465 92838
1 19020 58451
1 14465 43088
2 14258 91773
1 27855 89406
1 12469 73038
1 24700 78201
2 12480 79119
2 15399 99990
1 17398 52926
1 24667 78085
1 18471 56575
1 11837 68927
1 19750 60956
1 10352 29683
2 14796 95638
1 10325 29596
1 13125 77332
1 13265 78251
2 14693 94897
1 20394 63174
1 16663 50442
1 25653 81569
1 15380 46135
1 10627 30562
1 15536 93313
1 11470 33275
1 28354 91192
2 12945 82409
2 14429 93000
1 26561 84792
1 19559 60299
2 12114 76538
1 25652 81566
1 24063 75958
1 13784 40834
2 13424 85813
1 26438 84355
1 14233 42319
1 22228 69534
1 16970 51478
1 15001 89741
1 28693 92408
1 23371 73529
1 15204 45547
1 15493 93025
1 13645 80752
1 12947 76164
1 10242 29331
1 19527 60190
1 13403 39579
1 16432 49663
2 11561 72656
1 17051 51752
1 16467 49781
1 14534 43317
1 25724 81821
1 12720 74678
1 12405 36310
1 15148 45360
1 10269 88254
1 22605 70849
1 29689 95988
1 10358 29702
1 15718 94532
1 27184 87010
1 14725 43951
1 28045 90086
2 13645 87388
1 13658 40419
2 10744 66960
1 30791 99965
2 14572 94027
1 27256 87267
1 18784 57644
1 18107 55334
1 10539 30281
1 15336 91976
1 27979 89850
1 30482 98848
1 16822 50978
1 11648 33851
1 17277 52516
1 21413 66700
1 10681 92207
1 25062 79479
2 13979 89775
1 13125 77332
1 10674 61426
2 12420 78695
1 10330 59225
1 29403 94958
1 27902 89574
1 11302 98198
1 12106 70674
1 15155 90767
1 13278 78336
1 18414 56381
1 15105 90434
1 10038 28681
1 15105 90434
1 20042 61961
1 11105 96294
2 10805 67384
1 24225 76528
1 17513 53316
1 26064 83027
1 29323 94671
1 18967 58270
2 13141 83800
1 26913 86045
1 10987 63436
1 18174 55563
1 16275 98271
1 15807 47564
1 15677 47128
2 12890 82019
1 10809 62292
1 16364 98869
1 11050 63842
1 10041 28691
1 15919 47939
1 18686 57309
1 19971 61716
1 22238 69569
1 26139 83293
1 24249 76612
1 30177 97747
1 24715 78254
1 13153 38757
1 13394 39549
1 13357 78856
1 15320 45934
1 21712 67738
1 26191 83477
2 13574 86882
1 12264 35851
1 11130 64357
1 26106 83176
2 15327 99470
1 17891 54600
2 10571 65760
1 16605 50246
1 21325 66395
1 16892 51215
1 21289 66270
1 27795 89192
1 10469 90171
1 13934 82660
1 19007 58407
1 13867 82217
1 23993 75712
1 16351 98782
1 11346 32874
1 15756 47393
1 11222 64949
1 17564 53489
1 23093 72555
1 12821 37669
1 10664 92044
1 30316 98249
2 11637 73189
1 19156 58917
2 12426 78737
1 23357 73479
1 27989 89885
1 11106 96303
1 23947 75550
1 27445 87942
1 10970 31663
2 11370 71321
1 13385 39520
1 14950 89401
1 10284 29466
1 15745 47356
1 15258 91455
1 10697 92361
1 29966 96986
1 14697 87717
1 19692 60756
1 22142 69234
2 11168 69911
2 14257 91766
1 11372 32958
1 14526 86581
1 27647 88663
1 10779 93150
1 10876 94084
1 11994 69946
2 11046 69060
1 12680 74417
1 24586 77799
1 19726 60873
1 13753 81464
2 10528 65462
2 10779 67203
2 11522 72383
1 27031 86465
1 14783 44144
1 12198 35636
1 18774 57610
1 10119 86819
1 29817 96449
2 10824 67516
1 14060 41746
1 30283 98129
1 14704 87764
1 17563 53486
1 26522 84653
1 14621 43606
1 16954 51424
2 13140 83793
1 13888 82356
1 13079 77030
1 10667 92072
1 16180 97632
1 10892 62825
1 12121 70771
1 27008 86383
1 20780 64507
2 12556 79656
1 15545 46686
1 14199 42206
1 18702 57364
1 20000 61816
1 10177 29124
1 30079 97393
2 10749 66995
1 18617 57073
2 10758 67058
1 16404 49569
1 24264 76665
1 20366 63077
1 16783 50847
1 25436 80801
1 16511 49929
1 13190 77758
1 14070 83559
2 12022 75891
1 29694 96006
1 21710 67731
1 19819 61193
1 13466 39786
1 25623 81463
1 17932 54739
2 14503 93531
1 15594 93701
3 10039 97530
1 11299 98169
1 22834 71649
1 26748 85457
1 20685 64179
1 10192 58345
1 21091 65584
2 14130 90856
1 20506 63561
1 24701 78205
1 15948 48037
1 29862 96611
2 14062 90369
1 10360 89126
2 12493 79210
2 11274 70650
1 30227 97927
1 11054 63867
1 10807 31140
2 13451 86006
1 12046 70284
1 23551 74160
2 10007 61864
1 10820 93545
1 11308 65504
1 26495 84557
1 11743 34158
1 16498 49886
2 12989 82721
1 11203 32413
1 11670 67844
1 24542 77644
1 12824 37679
1 25209 79998
1 12777 37525
1 10911 62948
2 13026 82984
2 12553 79634
2 12359 78265
1 17525 53357
1 15490 46502
1 18752 57535
1 15774 94907
1 13952 82779
1 10697 61574
1 22499 70479
1 23120 72649
1 12529 73430
1 24626 77940
1 21171 65861
1 11107 96313
1 25799 82087
1 20781 64511
1 14647 43692
2 12605 80002
1 29187 94182
1 20234 62622
1 14082 41819
1 12327 72112
1 11338 65698
1 10908 62928
1 16093 97047
1 14691 43838
1 11663 67799
1 14841 44337
2 10279 63740
1 10827 93612
2 15169 98328
1 13917 82547
1 10718 61708
1 30358 98400
1 12686 74456
1 21160 65823
1 27797 89199
2 15005 97145
1 16992 51552
1 21161 65826
1 10779 93150
1 21439 66790
13
23 14993 7371586
32 24407 3665171
26 26970 9751508
20 16691 1421935
37 20374 7046683
31 10684 1409528
22 16972 4832669
35 15552 4902829
34 14478 2191666
29 13369 8399220
24 10427 2063046
21 32342 6273822
22 13581 2513417
