900
16 78097 37837
15 85865 62139
49 31064 68151
16 58456 44102
37 32228 30053
21 49446 89428
14 57170 73364
27 35608 58145
21 68753 11458
17 59071 88943
49 42236 95365
16 63378 50821
38 14523 14873
35 30920 21578
25 77237 43260
30 40988 91773
45 94488 74532
30 59827 80439
48 99962 82003
10 13024 57903
43 26357 71508
24 75845 47358
7 78853 92156
32 78372 69749
27 35171 85745
25 44630 27561
50 80975 30931
6 80601 82417
41 31319 64754
42 14573 16836
33 92745 69018
44 83830 85128
50 88723 31160
49 34683 85321
44 36673 92277
29 70813 51057
5 41211 25735
10 83285 33181
37 56494 71263
7 77600 91173
42 16352 41189
41 61307 22552
45 84033 33400
1 13601 91424
45 45211 33841
1 85552 27318
47 72192 44835
2 54069 23124
32 32907 69508
23 38910 85507
45 62147 29723
47 21147 62240
11 20614 68677
25 47412 23954
2 49907 33169
49 65383 72581
20 51579 38487
33 35842 10001
2 82779 26848
20 62394 48827
12 63027 98912
39 43864 85514
12 70859 29486
32 82870 21731
37 72227 29008
2 35101 91761
44 32837 87671
49 20251 72344
8 13945 89349
24 84205 22937
40 63607 60346
21 91416 12628
35 64013 51149
20 65414 49290
1 52052 89654
47 92018 30733
48 81730 43404
30 25092 12881
47 97970 49053
33 87054 20532
33 85771 70581
28 73172 36531
40 54539 81060
50 81473 40194
6 40759 40694
12 48694 35429
41 58210 75453
14 11350 20437
48 94924 87769
25 46606 59091
40 47985 81300
21 69643 82604
10 31576 52919
49 34829 23710
38 57699 13836
37 64196 59595
10 88651 55480
13 98637 15924
21 26242 27895
45 85743 87761
26 70833 37846
50 74183 95647
50 88170 13031
34 26577 96892
10 65364 47291
10 92642 78647
43 51389 66879
31 56109 55418
11 85976 76897
36 42977 23462
34 39513 52931
17 14766 19009
11 38211 89810
25 46311 43560
48 59056 21857
48 51420 79092
48 68893 15900
43 30247 45662
8 79473 66595
17 21911 24030
3 90422 74210
47 79410 40487
50 93413 78092
28 68051 68266
29 95824 85300
37 76440 54239
27 39702 20718
5 91982 99588
50 31233 88235
43 23130 16875
43 93044 12845
34 47402 57957
3 42032 72642
43 30446 27221
14 63597 97473
34 12268 26896
41 71233 14494
3 43020 56863
1 26195 59985
22 32295 19484
39 39731 37550
4 17148 33068
47 56142 47124
32 70001 72125
39 27137 28761
11 65784 67431
28 40607 10751
48 93990 79919
41 42604 44334
31 80629 33996
21 65743 44988
45 84297 86115
32 17571 14411
20 45562 26738
27 92789 12214
1 19297 42462
10 89977 32261
28 74538 26735
6 27541 83764
2 58258 23847
4 90040 16385
11 44039 20849
3 24142 59094
27 38213 16368
6 98144 78471
43 19052 98170
29 38321 35204
35 21447 10476
30 49245 21622
8 36861 47352
50 16159 38191
38 29672 12538
27 51299 42170
6 66167 66191
17 32061 66608
49 30776 17817
13 91816 92849
19 66199 94858
13 85367 28033
38 59591 41006
1 78744 60269
5 98428 63729
7 95314 51316
12 35098 83732
10 83319 26642
18 43684 44967
46 41848 66669
45 57791 48190
22 60114 12209
23 18539 95181
36 44114 44052
31 27876 30316
10 94162 18335
50 73239 50259
22 42594 44754
9 73985 49096
24 98397 31941
25 83312 97018
38 62298 51487
29 64019 80226
46 74015 97089
26 22510 73575
21 42981 18122
23 81159 40316
8 79380 36822
23 52070 25780
47 12149 74824
12 82778 50563
26 37068 77502
49 25832 39955
15 50663 45274
1 57609 86275
32 17069 74007
13 66090 86230
18 93830 78832
5 47316 81227
41 72066 98897
21 96517 54783
6 38333 85474
39 58038 20138
2 59563 38656
38 23681 93166
5 30850 83364
29 41347 13353
4 34157 42874
46 60044 60968
24 49655 95846
11 98416 23890
2 34923 56957
19 15543 58929
12 29996 54100
39 70316 27600
39 88947 79506
47 38306 61494
40 59831 12251
15 65891 40744
43 56774 33785
22 45350 34540
15 65529 48133
27 47306 87084
38 91695 99719
47 53535 22755
1 51109 22961
20 52422 16834
23 15314 59561
24 93099 64599
31 17811 37461
36 21548 45533
9 91012 56910
14 20574 60035
19 26789 57838
1 21530 88330
49 68037 56660
4 26720 81454
3 67548 70310
40 41308 59869
35 11399 23542
13 72521 76784
18 60593 24918
26 12673 88740
42 24471 20682
37 21113 73506
15 34947 79555
32 94643 61324
25 57433 29924
8 66606 83650
23 99189 58716
20 49048 48308
10 21679 32838
19 40274 73911
34 48285 29419
15 94386 68016
12 23274 58936
47 25902 16408
5 34648 63951
41 18935 70812
18 42610 56101
38 87725 93670
20 96526 54209
14 35285 78765
37 16782 93752
14 26521 31780
6 92239 20342
27 34811 69914
37 48900 89581
17 79931 32857
5 38138 52086
30 76098 86342
18 77395 49511
28 45795 50962
24 16654 38737
41 45923 87628
7 14122 43274
21 24893 88766
8 93897 68862
12 28660 86470
24 29648 93043
20 76278 84742
5 35529 21714
21 37249 32748
50 53046 88729
31 39019 16099
10 51330 84858
32 13927 17774
41 98080 39989
17 32556 21752
16 74433 22712
18 53568 15066
49 57245 14492
35 37640 97129
23 21138 53462
27 85738 70976
26 70078 25138
15 72881 13377
28 83442 80147
22 44402 55601
10 37650 68055
23 17245 33199
13 37445 94347
28 74538 42077
2 15853 97860
30 54319 43549
49 94729 63542
47 17896 55256
4 50657 52222
48 58719 55955
19 37076 22860
8 99939 44283
2 20566 18799
30 45097 39456
6 48757 20088
28 12894 73170
26 31732 41644
48 29091 58692
9 54578 36669
30 83953 26150
45 23832 26226
49 39249 67482
50 87207 17508
36 90728 82481
7 39414 29327
43 13457 80258
45 49946 65330
48 70422 62447
19 54349 83270
19 77966 34232
44 27541 56223
32 80304 30717
36 82100 77545
28 90402 90983
39 59372 16129
26 25258 61736
4 12729 84308
49 71783 33041
12 22955 18029
43 33794 78355
7 52985 35220
29 21408 32937
42 34090 42195
32 61725 43575
2 30038 53873
16 55579 92233
31 17973 95300
21 15520 29337
30 77619 83978
36 83815 31321
18 58254 10382
43 39858 66298
17 35147 39384
25 98811 83565
32 98287 26239
36 32129 48432
40 38811 71538
17 28644 61557
50 88435 58422
21 27230 98543
50 44213 31920
22 26107 82011
4 12170 97094
25 90052 79338
11 24001 46089
8 89768 63524
24 20123 90523
49 23103 31642
9 70056 82121
42 59222 68550
2 10216 80711
47 97926 41886
3 69960 87078
12 12960 43662
28 99088 26601
19 51114 92124
10 81854 99267
27 59934 51113
8 10446 73905
39 25828 38766
49 97740 57317
11 36132 85895
21 89820 75841
46 31149 88355
19 38749 74340
29 76945 28148
14 56083 44120
9 47267 59230
42 91731 52276
15 60320 34454
5 87564 88268
50 91028 36310
28 21687 61459
46 85813 45135
20 51849 65126
33 38611 82036
28 66849 39515
9 99559 26959
28 10461 59040
40 12987 58358
27 81451 19923
7 47049 74566
10 59969 61732
35 94451 69586
40 96640 75914
42 27044 46761
24 90282 59488
44 95310 84721
41 93802 68575
45 30496 39988
25 31609 76557
31 16941 40062
19 58113 67134
40 11163 76363
5 61682 29451
27 28233 77239
17 62364 52828
27 27022 20192
42 70543 55996
1 53976 14606
34 57712 10983
4 69988 48480
3 96543 14494
28 53401 92961
29 22405 86807
37 29901 24118
10 96416 52796
3 64050 48818
19 40797 63899
36 52939 48243
38 65258 96242
40 69680 25147
19 79946 13247
42 11869 53930
46 50988 87613
40 80782 43549
26 42924 46689
17 88957 60309
48 87528 64387
1 92641 77112
36 58660 12058
42 75702 41984
30 27639 81765
12 14000 74653
40 23370 45649
21 84749 96560
31 20019 91190
14 84329 19434
38 66015 91359
36 29571 46217
14 22780 42848
17 94410 35033
48 54992 87403
40 41685 81140
6 17953 65133
22 74159 56704
28 59590 34504
46 83019 27907
39 43866 14429
37 61364 17159
48 10425 39723
27 95161 61481
6 56417 71593
21 42697 89985
4 51173 30059
28 21806 88333
14 63544 95011
25 66282 57198
32 78421 44642
8 11693 44653
46 33774 33242
3 93211 94909
21 46705 17559
37 65785 85137
10 40887 47884
27 97034 31729
28 67673 38824
44 42317 84919
1 92956 12332
28 22481 95986
46 13888 81484
47 71456 36856
17 14214 48458
20 60720 10064
24 17548 92904
16 35607 98105
6 93366 81521
34 96142 69680
43 70204 15561
47 88898 52400
4 86750 64965
44 23416 91731
7 86986 58814
12 43242 87425
1 56963 62932
4 53722 18598
21 44800 17778
42 58461 46055
12 20173 37437
8 44416 59849
37 48980 19909
26 30187 25226
13 42819 20354
8 24539 68923
16 45067 48576
28 88182 57343
23 59117 81777
15 60418 94843
29 69193 94043
1 26639 30555
35 13710 32379
30 68872 27790
29 84705 76156
15 70062 26581
16 61028 38889
24 42996 79566
49 18878 20892
18 83313 95170
49 44914 25441
42 90314 49395
3 78364 78539
41 79629 20994
5 61921 44760
5 92883 86440
23 32503 38664
26 24932 47637
10 36887 41363
18 89198 86097
27 14266 85584
43 47992 77728
18 91914 50985
25 89008 34543
37 48432 95941
15 26531 40578
23 35288 52766
7 54895 82109
9 78503 26586
3 20040 48180
34 12287 72813
10 16799 84307
32 45500 66674
22 80829 38015
21 30070 23096
49 12911 33232
38 14087 44225
20 23347 92508
43 70318 81462
25 69556 40431
46 92414 82740
18 41493 67404
6 72337 49059
12 58866 38024
15 73441 79584
38 90887 51978
46 12551 76945
44 51722 74618
33 92720 38100
7 93490 95238
43 86506 40811
42 96012 16766
47 72912 30701
19 30725 84805
39 47404 39346
31 14513 40742
40 46323 44095
2 96899 41505
40 21629 99434
43 59094 54528
36 76381 15900
32 39302 92850
20 20751 60999
6 74762 50206
14 42180 33648
45 81879 96322
26 10182 20270
33 88344 15847
19 83668 78482
5 44458 14027
37 44423 57945
43 67513 44504
49 62341 64914
17 67298 62867
31 23107 20775
44 72879 35289
39 98591 76166
31 37822 13003
11 52469 44057
29 13986 81811
30 30761 39619
26 53431 54884
22 78877 71636
30 99622 45594
26 21232 30954
9 66116 56249
35 76972 12557
33 89530 54429
42 43853 84166
19 42519 73629
20 84118 20289
2 87639 13182
3 61602 84388
20 92007 41728
27 86793 98272
22 41695 91910
8 15389 51895
8 69653 49163
19 19485 51459
43 31375 27846
19 73666 49287
28 13011 48925
1 49280 37263
27 69559 90646
14 10715 41790
17 28491 51926
20 60225 96676
50 46939 31175
48 39950 30530
27 67124 44449
49 44669 14865
49 22696 38448
4 70343 62283
44 12920 72327
2 46075 78971
9 37651 63748
1 83840 95914
31 42604 47992
35 30658 68263
43 37179 35993
10 76389 16387
23 92369 44073
38 35508 39938
49 30913 88200
17 61035 14064
35 30595 17058
45 79128 68394
27 70378 98835
38 78021 74275
28 74753 70498
44 17355 35354
13 92166 27260
9 75396 23435
17 81137 18087
5 78263 16737
25 94640 72811
47 88014 12863
9 90776 50694
47 22077 50254
24 64051 48286
44 23125 26117
48 88858 34199
22 47154 77553
31 40283 65824
12 15248 95225
44 45047 31033
33 80646 13588
49 66329 50651
49 43193 79995
44 49179 34127
47 46034 59674
19 15187 88811
45 63628 28592
11 10340 35241
46 68248 60398
49 89012 82209
27 31062 16251
6 74731 56855
31 86538 37109
10 14113 13816
49 59204 73392
47 71852 24270
23 86483 85854
26 63446 15146
25 85196 56066
19 37167 54415
14 83534 30109
41 80669 32298
25 49814 83177
31 19521 31577
38 26726 46388
18 58176 41938
29 84175 37870
14 68129 68748
36 17848 31339
36 38471 68774
47 94692 91609
50 51279 78858
42 78558 33777
11 33736 11286
2 92263 28235
31 84331 75600
34 24552 35100
19 32249 41165
18 18515 50150
6 12042 61463
16 98438 48053
32 71632 62260
46 66318 23545
25 41092 80944
12 29241 45038
4 42922 85279
12 79848 32102
26 12251 90249
35 11740 83316
36 37959 58108
19 11330 89563
42 48488 43695
44 31119 33798
41 34135 22734
13 65716 62968
35 78111 57110
38 23210 74295
39 49052 61123
50 30332 87483
37 68514 41928
30 83656 45387
29 92392 91295
28 81696 51294
18 44033 28764
30 47479 56828
49 88853 71788
44 92139 34258
24 66891 78703
7 38980 62788
15 62205 26770
13 82268 22409
2 10020 71955
25 63842 47022
46 64698 78979
17 69498 57781
37 72903 53811
18 10180 66217
32 34401 18413
16 87784 21276
20 86880 38148
44 11708 73111
18 24664 31806
44 13873 63237
8 63775 97029
11 48538 52446
44 15340 49911
26 42133 32765
33 18919 18446
19 70320 47753
2 33948 12612
34 49472 42563
15 67329 67649
32 19888 51866
24 24178 54137
4 87274 29647
49 46125 36603
14 66072 88479
46 44628 96141
46 20153 71567
13 86500 25124
11 71993 55304
1 80941 82264
42 42694 17714
43 67914 43916
2 18741 63402
37 71702 90440
4 85221 93863
29 14024 19676
2 76064 78619
18 92016 25891
19 33419 41740
33 96437 95221
22 76063 57120
39 56235 32527
40 42592 28929
5 70196 11111
24 38443 83589
33 99470 38828
2 52551 91054
16 47040 70185
18 13061 26163
21 57233 76518
1 69469 22880
1 52868 55964
24 15576 45819
44 92694 20581
43 78897 36529
43 69797 42909
50 48926 97492
18 40871 20110
26 21413 41484
20 50667 57625
37 92337 16229
40 74667 79419
48 71960 11630
32 65287 80236
23 75703 57313
26 89997 24977
32 38053 72373
32 94548 88151
2 58293 73569
15 96487 57241
4 90857 67105
27 40482 57611
41 30559 85226
5 82409 77350
4 28362 35202
38 82241 92012
41 95646 57206
5 94114 23251
19 94292 85384
24 30932 60333
21 69715 17014
45 21835 90594
38 56384 74892
16 60149 72425
20 63743 72552
30 15018 69364
12 42965 30337
5 33804 48082
39 13872 57411
10 98919 47472
27 66605 72128
14 16348 60334
16 93092 54870
37 26283 75310
48 67703 50317
38 36903 77437
44 15092 13598
26 46215 48315
48 64701 79906
42 50413 48310
29 77484 48633
21 37065 20697
44 16321 73768
37 76031 53557
37 16999 25672
23 66978 34429
22 37139 21219
37 90920 77640
41 74529 53903
12 59658 73255
27 48180 36241
1 24928 53436
39 53931 68967
13 10214 60271
47 11441 39418
34 86311 99660
34 33041 72666
14 91749 75180
14 33291 29142
50 72590 29843
15 15391 17472
25 91604 35002
47 98067 77999
11 99686 74182
27 83401 26235
22 24866 63087
17 93333 90685
3 66637 69158
13 59194 55780
18 73897 95718
10 27562 73226
40 33279 32939
20 47634 85330
17 77102 95904
47 98706 71336
45 86610 41024
36 44999 60544
9 28873 46144
49 37616 70042
47 36773 29271
3 61925 12126
22 85420 37984
15 12610 75872
46 88429 38680
37 78835 49072
30 82679 61017
10 72674 37396
36 45351 80587
10 31196 83651
49 62287 12834
46 22572 44642
17 94808 15065
22 53675 16401
4 66513 69328
17 61599 80869
38 47463 29116
35 29501 93588
25 77362 30569
13
29 28151 8980558
30 23448 3338724
33 13472 3130167
28 38342 5691055
34 23947 8649227
39 49306 6000467
34 41561 8653825
24 25807 7997300
25 24485 2570051
32 22647 7248199
38 49973 9008401
26 26620 9591434
40 41328 7858639
