100
2 4437 307926
2 4247 167130
1 4684 186733
2 4073 238659
1 3804 48731
3 3056 45708
2 3860 112024
2 4647 371585
3 3259 197199
1 4768 42372
1 3036 12459
3 3710 229671
4 4841 440511
1 3988 68687
4 3549 687968
2 3738 359574
2 3607 68959
4 3430 440612
4 3748 407532
4 4325 578735
2 4401 348560
1 3105 38379
1 3773 96529
5 4758 982058
4 4209 373682
5 3890 664220
1 4864 65067
3 4245 403649
1 3324 83166
1 3031 87048
2 4298 169492
4 4216 187206
1 4550 200518
2 4686 328348
4 4853 110449
2 4111 201066
5 3896 221808
1 3156 13040
3 3057 274356
3 4392 700231
2 3152 235388
5 4503 131493
4 4529 101828
3 4709 532029
4 3986 438134
2 4903 247359
4 4008 176392
2 3751 324940
2 4910 445994
3 3408 363729
2 3926 228561
3 3510 53795
5 4919 145893
1 4080 105832
3 3948 123548
4 3662 475868
5 3776 427590
2 3519 66985
2 3091 57510
3 4222 267385
3 4883 475906
3 4633 521945
2 4757 334207
2 4516 359296
5 3129 342790
2 4670 186874
5 3283 634754
1 3954 50999
1 3916 151270
5 3326 552466
1 4178 36275
5 3267 631118
1 3759 160181
3 4627 74450
5 3193 351051
4 4145 642265
1 3289 136895
1 4094 35419
1 3667 124464
4 3584 386641
4 3739 487657
4 4140 183244
4 3473 447116
4 3716 726197
4 4878 888948
1 3917 151315
5 3331 368962
2 4296 127050
5 3386 940343
1 3973 68383
1 4832 86085
1 4925 66027
3 4188 463496
5 3295 637484
1 3138 77720
2 4664 93296
1 3801 113601
2 3208 120157
3 4033 633411
2 3590 308600
6
40 2557 779778
20 3126 437075
31 3003 698071
28 3040 628300
24 4189 764164
22 3551 567999
