224
1 5309 28215
1 6848 18732
1 4262 55227
1 4660 48801
1 7916 66044
1 4018 31030
1 5015 26480
1 6577 17908
1 4879 51363
1 7792 86523
1 4023 31073
1 5349 56904
1 4124 10647
1 5126 67834
1 6453 52599
1 7970 44364
1 7728 85732
1 6969 76407
1 6245 33809
1 6330 85806
1 5045 13328
1 6873 18808
1 7161 98444
1 4366 22692
1 4919 38874
1 7966 88678
1 7441 20548
1 6976 95615
1 6220 67317
1 6121 16531
1 4579 35893
1 5510 44111
1 6603 53963
1 4893 12881
1 4997 39561
1 5156 68277
1 6226 67389
1 4770 37564
1 7273 100161
1 6374 17294
1 5585 74634
1 5594 29907
1 6447 35029
1 7791 43255
1 5509 58803
1 5606 29979
1 7530 20822
1 5596 44879
1 5387 14338
1 5754 61723
1 7269 20019
1 6041 65162
1 6771 36996
1 7958 66434
1 7201 79245
1 5281 28049
1 6877 75284
1 7818 43422
1 4041 10409
1 7580 41952
1 7572 104758
1 7049 58038
1 6509 35405
1 5925 31885
1 7891 109686
1 6675 72825
1 5521 14736
1 6426 52354
1 4577 59792
1 4421 11505
1 4217 32746
1 6316 68475
1 4684 12270
1 4920 64805
1 6058 32683
1 4379 45535
1 7365 60944
1 6165 16663
1 7505 20745
1 5411 57639
1 5044 26650
1 4443 34707
1 5876 78979
1 6063 81784
1 7685 21300
1 6240 50668
1 6427 52363
1 7563 41848
1 6049 48944
1 4622 48358
1 4010 41281
1 5063 40144
1 7845 108974
1 5156 40966
1 5974 16089
1 5393 71782
1 6187 50189
1 4887 51456
1 7575 104805
1 6594 35920
1 5806 46759
1 6652 36272
1 6726 18361
1 4928 64922
1 4700 61585
1 7042 57974
1 5560 14852
1 4130 53325
1 6399 34739
1 6768 18489
1 5189 55011
1 4829 63471
1 6107 65956
1 6740 92019
1 7720 85633
1 4258 55169
1 4767 62564
1 5815 62453
1 5560 59410
1 4810 50554
1 7958 88579
1 7891 109686
1 5068 26792
1 5072 13407
1 5955 80163
1 6828 93358
1 5621 45102
1 4696 12305
1 4842 12732
1 6599 71902
1 7535 20837
1 6706 54901
1 7025 57818
1 4090 10550
1 6139 33170
1 6389 17339
1 5238 41692
1 5143 40851
1 4632 48475
1 5823 46911
1 4358 33968
1 5767 46409
1 6338 17185
1 7947 110554
1 4501 46950
1 7051 38704
1 4803 12618
1 5391 28701
1 6811 74480
1 6072 65535
1 7403 40863
1 7691 21318
1 5775 61974
1 7759 107644
1 7663 106162
1 6034 16269
1 4906 64599
1 4870 51257
1 6911 75699
1 5046 53325
1 7301 20118
1 6514 53153
1 7298 60326
1 4429 57643
1 6378 86531
1 6719 55020
1 5163 54704
1 5014 39711
1 4270 55342
1 4520 47171
1 4509 58804
1 4283 22212
1 5301 56335
1 7300 20115
1 5955 32065
1 6442 34999
1 5078 67127
1 7124 97878
1 4141 21393
1 5197 68882
1 5534 44325
1 4020 10349
1 4774 50133
1 5142 13614
1 4675 36732
1 7958 66434
1 5354 14240
1 6306 34177
1 6231 16862
1 7789 43243
1 4666 24435
1 7093 38961
1 5775 46481
1 4235 10967
1 4403 45813
1 4482 23364
1 5080 53725
1 5130 40736
1 6226 16847
1 5403 57544
1 6409 17399
1 7777 21584
1 5860 15747
1 5112 54102
1 5202 68956
1 6540 88983
1 5506 14691
1 6772 55503
1 6669 18188
1 7318 60511
1 5866 78829
1 6468 70314
1 4762 12498
1 5298 42225
1 6455 52617
1 5283 28061
1 6715 54983
1 6746 18422
1 5464 72835
1 4219 32764
1 6130 49674
1 7581 83918
1 7525 62420
1 5433 28950
139
1 4486 58470
1 2428 23606
1 2654 19550
1 3900 10005
1 2846 35220
1 3896 29982
1 3197 32073
1 4649 36504
1 3065 30601
1 2292 16603
1 2622 12858
1 3910 10034
1 3231 24340
1 3435 43430
1 4692 12293
1 3748 47860
1 4842 12732
1 3509 35578
1 2127 20370
1 3984 30737
1 4473 58281
1 2146 10286
1 4267 22119
1 2592 12694
1 2294 5540
1 4001 41178
1 3948 30428
1 4321 22431
1 3544 8993
1 3683 9387
1 4395 22860
1 4569 23870
1 3138 15707
1 2852 28242
1 4723 61921
1 2335 11300
1 3951 50757
1 4857 25552
1 2699 19919
1 2265 21848
1 2795 13807
1 3284 16523
1 4312 44759
1 4301 33474
1 3309 8331
1 2555 31232
1 3820 9777
1 4598 36059
1 3214 40329
1 4474 23318
1 4207 43547
1 3196 40077
1 4190 21675
1 2690 19845
1 3445 8714
1 3946 50685
1 2588 12672
1 3682 46922
1 2418 5874
1 2547 6224
1 2530 6178
1 2445 23790
1 3467 8776
1 2212 10639
1 2822 34889
1 4739 49724
1 3313 8343
1 4984 26297
1 3336 42038
1 4122 53210
1 3862 29691
1 4430 57657
1 4762 12498
1 3153 15791
1 2636 12935
1 2383 28899
1 2235 21526
1 2746 6768
1 4174 10791
1 3993 20543
1 2750 27119
1 3259 16383
1 3496 44290
1 4348 11294
1 3566 18111
1 4711 49396
1 2708 6664
1 3648 18576
1 4343 56397
1 2372 23000
1 3462 43810
1 3452 43669
1 4569 35805
1 4715 61804
1 2576 31518
1 2018 9605
1 3150 15774
1 3575 9081
1 3551 27040
1 2420 17640
1 4078 31546
1 3781 9666
1 4612 48241
1 3752 28750
1 4124 10647
1 3306 16646
1 3967 20394
1 2036 14551
1 4824 38038
1 4839 50894
1 2132 15317
1 2396 11630
1 4599 36067
1 4126 10653
1 2292 27673
1 4235 21935
1 3951 20302
1 2135 10227
1 4517 23568
1 3081 38474
1 2505 30552
1 3029 7550
1 2651 19525
1 4377 56889
1 2292 16603
1 3694 47093
1 4863 12793
1 4910 38795
1 4316 56007
1 4317 56021
1 3233 24356
1 4153 53656
1 3172 23845
1 4364 45361
1 2655 26077
1 2498 6091
1 2287 5521
1 4166 10768
1 2123 10163
