79
1 4427 4256458
1 3723 3490767
1 3982 3260428
1 3770 3355873
1 4741 4551396
1 5000 1319580
1 4063 2173424
1 2181 4525445
1 3737 1728963
1 3931 4866468
1 4157 4762822
1 4236 1841301
1 2378 2709820
1 4220 2261004
1 2446 4168561
1 4547 2573600
1 3060 2878656
1 4672 4605556
1 2852 3719524
1 4693 4288685
1 4679 3686348
1 3601 3560227
1 2150 4542425
1 3325 4178401
1 3399 2807286
1 2960 1622941
1 4196 2203432
1 2056 1134233
1 3334 3438691
1 4347 3613891
1 3038 1284118
1 3734 3765734
1 3705 2543090
1 4979 2606907
1 4855 1201442
1 2561 1459097
1 3442 4566522
1 2939 4421582
1 4911 4235871
1 3726 1814583
1 4918 3530925
1 4007 2575058
1 4174 2639842
1 3537 2289771
1 2483 4794133
1 2820 3045209
1 2830 2262606
1 3453 1360942
1 3782 4762256
1 2545 1783464
1 2103 3854138
1 4405 2315222
1 4186 2974635
1 4475 4073278
1 2202 1973282
1 3652 3854423
1 3738 2645276
1 4612 2392737
1 3927 2331217
1 3473 3725621
1 4109 1215213
1 3117 1270980
1 2243 3191562
1 2499 4322502
1 4977 3902931
1 2982 2808744
1 3315 3072610
1 4849 2876139
1 2099 1197398
1 2777 1615818
1 2751 1365037
1 4241 2530827
1 2215 3068717
1 3695 2365262
1 2236 1025336
1 3980 4338557
1 2401 1968905
1 2997 1803468
1 2191 1215408
100
1 4685 4855697
1 4229 1756126
1 7344 2169717
1 4082 1871102
1 6369 4733126
1 6424 1947781
1 4569 4960426
1 5372 3660649
1 5837 2161401
1 7855 2167992
1 6188 2367077
1 5997 2218722
1 7161 3258905
1 5689 4008729
1 4483 3767590
1 7466 2694576
1 5318 1763718
1 6771 2309344
1 7785 1505527
1 6296 2419898
1 5032 1546091
1 6912 1695562
1 4379 1672483
1 5706 4318249
1 6058 1009870
1 6662 3009184
1 7205 4860550
1 4211 1066025
1 6406 4622996
1 4117 1372333
1 5984 3523576
1 6375 3804295
1 5995 1865977
1 6783 4150712
1 6084 2763997
1 7271 2263958
1 5485 4163514
1 5397 2035124
1 4060 2370531
1 4722 4948633
1 6298 4416943
1 7247 1787412
1 5892 3663152
1 6760 3892927
1 5365 3848875
1 7087 2936706
1 7585 1523658
1 7567 1014402
1 7075 4154808
1 5359 4099771
1 4593 2339803
1 7979 3231873
1 7961 3670242
1 6452 1226118
1 6782 3112641
1 7635 4564279
1 6702 2089849
1 4227 2509995
1 5956 3774651
1 7418 1519607
1 6942 2960235
1 7958 4544803
1 7203 3889384
1 6638 1218995
1 4323 4263705
1 5049 1579737
1 5288 2968969
1 4473 2171558
1 5182 4994098
1 5990 3255787
1 7980 1974812
1 4673 2030485
1 4850 3758096
1 5538 4240221
1 6962 3930936
1 4925 4801907
1 6019 3884505
1 5126 2844888
1 7645 4483062
1 7415 3522059
1 5210 4900534
1 7641 3857854
1 5506 4438430
1 7240 3110197
1 7291 2052705
1 7659 1109161
1 4568 1951384
1 5644 4651301
1 4933 1800252
1 4956 4691804
1 5490 4730046
1 5851 2307462
1 5898 2271937
1 6889 3989600
1 5097 1686362
1 4205 3992287
1 5978 1955912
1 5053 2432146
1 7192 1244219
1 7224 4499497
