224
1 6270 93747369
1 6502 167724928
1 6437 264148706
1 4077 760036221
1 5697 879487623
1 4557 733795468
1 6903 407495462
1 4106 697615090
1 7426 694689028
1 6401 689447791
1 7806 714964788
1 6997 288721199
1 5680 267711948
1 6188 217596834
1 7122 588728375
1 5561 436746734
1 5953 13086744
1 5223 331516199
1 5240 56817763
1 4748 889175470
1 7155 324037143
1 6387 691187769
1 7752 411865588
1 7291 996663328
1 4052 635614562
1 4242 147563160
1 7395 63038337
1 4224 214824113
1 4897 937535095
1 5948 214958937
1 6221 893526578
1 4076 909991214
1 5201 158964675
1 7001 845018906
1 7695 253426098
1 6953 527151919
1 7854 964898174
1 7972 671558742
1 6575 753418192
1 7040 991723109
1 6152 202995518
1 6566 676720354
1 7037 215996743
1 5575 119545266
1 7364 93231328
1 4052 219391693
1 4893 144423113
1 5761 736642819
1 6111 595255188
1 6881 239807052
1 7796 238393482
1 5586 697013094
1 5388 431300714
1 4759 684973406
1 6763 54957609
1 7284 505037719
1 6884 644137605
1 5169 837875878
1 7045 926332281
1 7286 33546570
1 5813 966519782
1 4481 258896680
1 4886 135122622
1 4490 506314266
1 7292 621730116
1 6302 301528102
1 5786 676688322
1 6017 163771004
1 6806 816749522
1 6517 194786951
1 5048 960467574
1 6192 616531509
1 4855 721338696
1 5592 251145889
1 5925 184149089
1 4990 961695834
1 6593 718420667
1 7989 805214757
1 4273 58651312
1 7503 902812113
1 4087 740500369
1 5889 836771187
1 6700 879998533
1 6647 449939120
1 7704 695167185
1 7677 555470820
1 6340 977961972
1 7399 415717292
1 5962 909727100
1 5673 772570688
1 4137 858594964
1 7568 487801556
1 5975 478160492
1 4518 409467657
1 5114 239704413
1 6314 224458447
1 4188 656583536
1 7518 144051133
1 5549 854003531
1 5846 554300011
1 6417 491551371
1 4994 659859891
1 6915 690688586
1 5328 409138619
1 6943 307804512
1 6780 979231676
1 6965 114907480
1 5622 199470283
1 7094 422771532
1 4029 120135316
1 7406 979825477
1 7314 959678529
1 4374 14060264
1 4796 737430842
1 4770 377960027
1 5642 779216277
1 5500 457185920
1 7666 196455991
1 5807 296258571
1 5242 168423350
1 7494 694024375
1 7078 509838264
1 4684 398162222
1 4558 644024561
1 4403 955577928
1 6317 651391274
1 4904 924991132
1 4988 210307752
1 5620 730837228
1 5215 562217843
1 5215 781240929
1 7236 930565275
1 6026 523982565
1 4598 414411720
1 4213 114393887
1 6701 101519763
1 7464 612854962
1 7526 790401005
1 7803 643256440
1 6404 103722773
1 7410 53477708
1 7518 195997686
1 4665 692365349
1 4757 151896819
1 5409 479202450
1 7671 39860581
1 6080 935785846
1 5334 180455686
1 5711 609812716
1 4858 549050627
1 4763 905463078
1 4263 520116868
1 5332 155593507
1 4514 559616325
1 7617 203872564
1 5639 14374241
1 7896 710960863
1 7146 301390496
1 6579 726449994
1 5099 118883834
1 5741 755144290
1 5074 815753933
1 7004 824961116
1 6709 398543909
1 6983 670156021
1 4254 232768680
1 6295 698274716
1 4343 536695438
1 7660 156990832
1 6968 31350562
1 6693 200390816
1 5168 406303566
1 4776 972467556
1 4699 652498539
1 4557 56243764
1 6242 852560628
1 6161 150724202
1 7244 524462145
1 5372 15064378
1 5270 140785245
1 6464 16492657
1 4584 811340296
1 4272 753904610
1 4331 734062709
1 5756 747372433
1 5637 747809502
1 5218 658654420
1 5822 763919106
1 7554 659305939
1 4841 45126190
1 6952 93114838
1 7112 812839725
1 5308 173872961
1 6693 825383258
1 5257 73094013
1 7379 364164628
1 6170 474357290
1 4003 717104094
1 7443 710388402
1 6656 253070035
1 7309 831845252
1 7511 876820034
1 4668 221230896
1 7491 956048204
1 5103 513350216
1 6068 631162505
1 4820 30810102
1 5572 479495811
1 4214 389121037
1 4946 953274548
1 4277 786712034
1 7214 260659646
1 7621 28404680
1 4390 507965603
1 4903 118654609
1 6557 456934672
1 5970 376137251
1 6702 823731214
1 5175 750498826
1 6428 873147673
1 7677 27737689
1 5524 720433193
1 7107 843730118
1 6610 933905061
139
1 4080 25411218
1 2928 837420366
1 3047 83520893
1 3390 159156780
1 2970 817032030
1 3690 96460292
1 2933 678003436
1 2562 771641539
1 3368 25091014
1 2976 655070794
1 4935 951685640
1 3378 31089412
1 3195 584591189
1 4053 116807442
1 3269 536123640
1 2922 225824725
1 3301 290035882
1 4795 421515011
1 3464 501307045
1 4678 634189491
1 5000 976978785
1 3203 584186604
1 3191 375047969
1 2448 384826444
1 2803 907225131
1 4523 469187067
1 2200 211600542
1 2347 820236712
1 2253 293963265
1 2103 471566512
1 3671 715269192
1 2744 757445928
1 4130 627111775
1 4563 130560356
1 3774 341718280
1 4845 837764055
1 2240 490595555
1 2398 560696980
1 2930 111833775
1 3942 962935693
1 4398 356313290
1 2771 189632987
1 2290 765176211
1 2024 979530498
1 2406 43784047
1 2130 64997229
1 3348 472375190
1 2559 505444464
1 4377 803583082
1 3540 707362334
1 4570 164633706
1 2531 557718713
1 2065 528838222
1 2618 381437192
1 2858 282902917
1 4017 686307218
1 3729 200093397
1 3436 45061826
1 4123 144864840
1 3064 725733457
1 4822 437657621
1 2232 64868000
1 2013 118215833
1 2603 446500347
1 4898 16121502
1 2442 31329032
1 3965 882822318
1 3291 21211043
1 3934 273856112
1 4609 803308526
1 4559 166911746
1 4086 970594703
1 4453 244490786
1 4399 838965568
1 4669 272019266
1 2370 255789131
1 4893 532092169
1 4113 857409241
1 4311 322570166
1 2720 400943611
1 3902 174912958
1 4182 717092615
1 3482 220003773
1 3956 62095117
1 4583 243561945
1 4532 339367208
1 3278 130949873
1 3619 854931999
1 2304 508064979
1 3842 818985663
1 4123 397185229
1 3210 834712614
1 3946 504862179
1 2253 586810639
1 2519 204988903
1 2016 569250628
1 2933 168253838
1 2409 167985772
1 2496 134842014
1 3398 916995585
1 3778 49997865
1 3840 236940477
1 3579 812174397
1 3732 294628181
1 4393 462703471
1 3715 164966232
1 3822 439078900
1 4296 759668186
1 4113 612867369
1 2824 322383974
1 2306 116058632
1 4208 717817881
1 3840 419660673
1 3887 881177482
1 2891 484185592
1 4319 84404551
1 3025 127467572
1 4891 742152560
1 2686 329762066
1 4067 842472264
1 2090 287303099
1 4116 334375562
1 2872 586182062
1 2143 221636317
1 4430 180641816
1 3866 737212575
1 2412 170179742
1 2908 350964380
1 2977 916104876
1 2769 169318031
1 3318 613312876
1 4145 475374811
1 3218 828410069
1 2824 550840590
1 3382 114712240
1 2085 789963092
1 4746 960949921
1 2808 886775097
1 3214 383150821
