250
1 414892080 475780331
1 389986020 498894352
1 466122353 629641334
1 105791542 964215227
1 108319175 465600284
1 672601741 82971811
1 249420710 401256555
1 149341259 342168603
1 567366454 947578513
1 435092128 806081813
1 780065289 367591037
1 715227604 87185140
1 959201300 62189501
1 257570515 577650461
1 175079187 197706308
1 186751423 652983718
1 142465390 786563219
1 957736934 46969449
1 592183403 856534168
1 876853491 399945834
1 217015182 224340835
1 239575561 972790512
1 193211463 673496401
1 803274246 119535296
1 129196975 209188145
1 502805391 508354622
1 183991289 632480346
1 551914296 63469673
1 915824175 970890214
1 804695316 517848141
1 823114192 475370433
1 421684620 799157673
1 960708907 288419517
1 348936684 708754468
1 371076868 718811928
1 373369481 805826451
1 445864942 885670866
1 487268302 762585710
1 444237163 508338248
1 265307725 925447138
1 417300248 764242392
1 934718415 35049106
1 412450429 290337627
1 561235912 412360131
1 114191946 900052763
1 261789885 187104549
1 267747693 334660084
1 271927532 451473764
1 489627331 782319148
1 893735425 118268802
1 473566106 812931243
1 661528218 850427291
1 326545749 962196253
1 285506828 159253779
1 388246366 644342193
1 415927550 56013393
1 910629559 399796586
1 692495166 41126939
1 438330144 983960436
1 252290420 999946087
1 989290258 631238759
1 901022357 834369512
1 163307527 27117447
1 843586040 681143515
1 441430241 858029726
1 790753592 969185126
1 886514764 276803763
1 135776779 629474607
1 877880586 877715576
1 979976351 387622495
1 415323005 448442592
1 609400794 154230440
1 401093998 415324194
1 752421961 601651648
1 981096892 855994043
1 368681320 469863392
1 621757733 719631988
1 414802073 852251152
1 855324869 88075864
1 322979706 423772716
1 896981722 785888975
1 427318557 959740232
1 486720226 65680909
1 124826822 48089831
1 752072428 269088570
1 522260945 102444940
1 433699517 141015367
1 926841517 138501137
1 661203989 316259375
1 806497227 657872765
1 372802874 955194193
1 781989513 651590402
1 310169027 859622025
1 171536938 226415512
1 156327783 513066726
1 259346642 473086757
1 384781292 12133129
1 498721339 764107106
1 803937479 434795856
1 781338692 21425076
1 638798484 352808570
1 597449129 273556698
1 892246264 931905395
1 409814189 897432905
1 713521621 944634430
1 300005842 661355885
1 341950292 735596532
1 728780209 635459423
1 146528821 30251344
1 858067369 63153295
1 855853951 76998321
1 426753512 998268317
1 188131453 811593071
1 677502848 829543772
1 916061846 982364161
1 430002006 838024927
1 138757739 511806063
1 228866129 408843602
1 813557860 558878581
1 833692219 312587162
1 521190477 353320896
1 929901543 502706534
1 996266164 710769392
1 451645298 30603947
1 892637684 718362816
1 422812326 162075155
1 229923627 913043037
1 859209864 433619743
1 182221982 391802217
1 178131421 858831413
1 166669870 679364505
1 147424809 233899786
1 709104622 578131049
1 914877282 676954558
1 243495282 415699135
1 828455443 714289447
1 828798605 99985533
1 404277906 735632100
1 155978396 869310279
1 644738220 855644154
1 408809786 450820323
1 145386357 345979048
1 309124870 874148299
1 479552549 115232245
1 599450173 644831067
1 494899127 98038458
1 513873055 416725016
1 598666534 917976258
1 540174900 142835016
1 186840344 812356204
1 441638259 844656069
1 948593979 97113694
1 299926394 453129013
1 277667403 929580258
1 436515187 296367897
1 598398319 866624342
1 645392257 39488010
1 184330536 481725310
1 612104362 437228131
1 577380457 828640446
1 193001943 502908994
1 997722946 574743733
1 445397941 178592850
1 279276568 648297509
1 392957116 960854543
1 385789393 355710989
1 224761357 114681843
1 320222406 396064738
1 156393214 199303238
1 180704898 439300346
1 852937946 284806058
1 392633687 574592088
1 512911779 550522047
1 804734991 496338196
1 661288561 100711390
1 534176007 899498991
1 152904296 840693235
1 570190093 65727499
1 206402735 937460737
1 382110050 241552011
1 251466120 639453291
1 206028741 250610265
1 934786928 578018320
1 804212075 840479380
1 868349763 300023455
1 305859299 943378278
1 973105628 786799766
1 251847628 215427689
1 735032854 352855578
1 496940274 100586741
1 722397525 529205497
1 389569821 958751043
1 502006081 561144422
1 717723076 150418107
1 988343014 675525423
1 349633161 52847068
1 235439387 275008428
1 315669508 714231952
1 522737882 49986199
1 474987289 423390141
1 359219187 458307198
1 323720710 758770186
1 586277185 875331031
1 197988382 264466895
1 500028808 488218202
1 124636181 588421753
1 653003388 855068445
1 338574152 26708541
1 201756568 515452670
1 401420388 96227168
1 984193579 255336745
1 699366893 852713016
1 352888461 356828815
1 758469637 134237859
1 374229007 84112794
1 322740802 356370767
1 431895549 990516484
1 146225743 391525251
1 886530517 837276888
1 974842180 83784779
1 193563536 544591582
1 589213569 371342296
1 178909331 862116885
1 315044092 400037435
1 712695057 683152380
1 284213464 151900440
1 146744085 914399690
1 171171775 688614851
1 847928534 120435504
1 327529541 216400741
1 457376321 414362146
1 312746891 995322564
1 504486686 22854248
1 409011206 247519759
1 598267474 751944571
1 251336185 250096706
1 606039053 422783463
1 438862855 215865276
1 121281272 539660989
1 687337021 966552639
1 433303607 789363525
1 118744302 742609256
1 661758773 303082597
1 248114268 35250067
1 191466064 488558482
1 255128281 845029519
1 462603396 995678218
1 728431034 858839461
1 491933719 71271765
1 278257802 693895179
250
1 282221763 283772507
1 996873159 63915820
1 721625851 927095404
1 382302068 899331734
1 250682068 533152957
1 821135494 998836072
1 277803060 17503029
1 103478346 736927271
1 829536376 64376474
1 170040852 17722994
1 313543368 468585780
1 777528482 69105951
1 965556658 559957775
1 739866217 507074543
1 444733559 318004007
1 401385758 495438000
1 439829278 522791391
1 440076972 179306952
1 322086209 103591946
1 181515046 982249919
1 446010277 580463432
1 585960966 903832918
1 108894004 43994804
1 236526709 505995642
1 522669084 832527223
1 600643537 820965469
1 384902802 195905474
1 982650473 987976562
1 408285888 772066218
1 867101370 958879647
1 467566283 350596472
1 150818089 113978373
1 755266731 598057115
1 529405292 236788064
1 719465197 325090297
1 366437887 898109499
1 617865794 181972932
1 138474288 10537905
1 310809589 502071192
1 659863292 84630549
1 102407288 149505330
1 770283242 640119237
1 923085618 583729072
1 186331646 131250265
1 479674833 556764536
1 356288310 73360852
1 477794774 767627560
1 331342409 294063702
1 372258857 428064066
1 832969605 146560727
1 802822299 660072876
1 353576501 448754282
1 500877315 122554866
1 222314906 508835895
1 482182978 466435341
1 309337903 150598996
1 124634649 420837962
1 618641633 65849986
1 239261591 106397185
1 160638412 702946876
1 276134802 677174976
1 747382911 867862921
1 820922254 623875993
1 684492332 121154210
1 533879178 459495313
1 171510265 854823566
1 469458451 645353211
1 472956150 471528465
1 274669691 931260508
1 118625637 36811981
1 848450560 902103175
1 149004948 658802244
1 783375793 91743825
1 831973162 185795569
1 870614290 21486230
1 161417286 831652163
1 997371804 301667461
1 961801472 146510221
1 368246015 47310102
1 173357983 234118692
1 342210018 98759428
1 150196524 985843664
1 176537121 535446249
1 454898102 586150058
1 962030909 577372310
1 609719441 974043154
1 346543858 19302180
1 891377734 694032184
1 487699662 73395009
1 854940146 272622372
1 707287235 169360066
1 652719154 276117667
1 938886144 346036286
1 259486630 65193276
1 851225634 820303092
1 201672315 433407774
1 835081103 87437688
1 435285732 576088109
1 762896486 147504824
1 444667490 860960072
1 818908421 829195415
1 120492931 196953832
1 188401438 876088182
1 418812207 942063185
1 968553012 171991437
1 459745204 373284850
1 750239109 39016091
1 346295213 301607588
1 342304838 519005601
1 432135392 745881533
1 464464221 174330935
1 950937916 527575660
1 602159271 761611263
1 712578738 94900097
1 126397356 625830264
1 112196973 904964822
1 131548462 575056078
1 658481265 784361611
1 825695278 592744835
1 209115774 642217432
1 329186723 721227296
1 714453320 901292845
1 311397077 178596943
1 398266692 453905982
1 974139483 793541500
1 215528376 779681456
1 653899081 561497685
1 245252015 221343302
1 356118971 117867892
1 734845262 580472847
1 585646366 116910089
1 637763160 104983575
1 705975859 41690576
1 390698434 57409611
1 149217372 926659138
1 524506026 581532376
1 129572585 854984147
1 100156729 273488538
1 564180853 161967196
1 350427340 615239765
1 449217972 557051931
1 837846957 790205779
1 576654469 40745202
1 140821021 669619423
1 174069654 530418122
1 585575625 432069325
1 701118446 309516200
1 538771776 292917762
1 950450602 126416182
1 385713072 17662403
1 918786979 680960940
1 278791488 119375084
1 344170572 189684886
1 984320270 264448783
1 957988849 656963791
1 191591189 28802181
1 364110495 852743507
1 764861089 611241235
1 950593591 52915190
1 896330647 22135345
1 344505014 163623981
1 125470181 870067707
1 941022576 728616972
1 823738849 508480815
1 961619145 134222859
1 103497633 825663457
1 442150313 967059112
1 802078761 791397413
1 832741528 176786296
1 440709043 793046655
1 821542068 43380309
1 705261250 800568956
1 735451235 28485326
1 292042038 569931640
1 120283388 536780400
1 702687044 635831950
1 262203570 153462622
1 683219640 889385497
1 236677151 537239681
1 189177065 108992630
1 598217707 878261352
1 372508367 705908575
1 288217977 650375750
1 389494090 516333052
1 961569429 309109617
1 307926702 107474590
1 473900331 597055590
1 543179779 186990900
1 887794612 303049511
1 134945285 448650648
1 170920202 587746535
1 375522888 169659644
1 223661938 965022396
1 383534915 95050305
1 433477740 229956186
1 163636874 800057892
1 826386468 614466652
1 411344839 331830090
1 392462566 604427154
1 628203379 231346282
1 230215292 370825223
1 277849265 231785494
1 659814091 800408743
1 135566625 682880256
1 856241049 109549682
1 958693659 262105317
1 946450126 886524000
1 727721449 936678171
1 410399182 138379307
1 423652799 65452969
1 637461060 994683650
1 334762453 98072945
1 890238244 522733330
1 499464985 757158012
1 418495055 61244061
1 537995620 100663010
1 238493541 34822872
1 792299082 438745890
1 392766521 41104934
1 252994648 557725460
1 963631499 878714043
1 150188533 160357467
1 183002607 898247318
1 704736365 527131204
1 755976716 608582225
1 645306781 476945518
1 172870492 558373785
1 270507888 570053738
1 621579565 150071784
1 266721155 907976197
1 460086985 459977038
1 964452567 23864066
1 633443853 593829374
1 999751539 322140542
1 890656508 728327552
1 294824856 11341759
1 777588232 289656472
1 248688081 763409269
1 712048082 839477563
1 879580548 582611715
1 896812575 86318653
1 376490650 808472082
1 134832793 280793514
1 808908036 118205243
1 635789466 448852205
1 841468572 853046824
1 725140119 506731531
1 416809109 453709715
1 748604971 246948547
1 349655627 943772227
