79
1 2056 12536
1 2597 8192
1 4936 68413
1 2084 25464
1 2720 34555
1 3791 50555
1 4363 59390
1 4401 14996
1 2332 28967
1 3914 52440
1 4042 13602
1 4057 27320
1 2954 9495
1 4090 13787
1 4478 61188
1 4040 27189
1 3415 22425
1 4636 47751
1 2837 36264
1 4816 33255
1 3383 44370
1 2916 28067
1 3901 52240
1 3968 26635
1 4881 50655
1 4190 56699
1 2082 19077
1 4437 15136
1 2848 9106
1 3530 46586
1 2614 24762
1 2031 24724
1 4477 15293
1 4459 60891
1 3427 11258
1 3722 37126
1 3095 40068
1 2979 9588
1 2732 34730
1 4281 58113
1 3032 9783
1 3131 20301
1 4748 32717
1 2437 15233
1 4967 68906
1 2580 32524
1 3953 53039
1 4542 46643
1 4882 50667
1 3731 49639
1 2624 16580
1 4548 46714
1 2849 27330
1 4247 28792
1 2774 17671
1 3413 44821
1 3982 26742
1 2935 9425
1 3937 26396
1 3835 51228
1 4647 63842
1 3746 24934
1 3937 39595
1 4766 32859
1 2617 8264
1 4099 27645
1 4605 63181
1 4546 62254
1 3241 42242
1 3917 13121
1 4491 15348
1 3468 22825
1 2599 32799
1 3955 13267
1 4986 51906
1 4891 16924
1 2883 27704
1 3339 32782
1 2610 8239
100
1 6217 44561
1 4849 50274
1 5648 59878
1 5039 35026
1 7411 54500
1 7399 54399
1 5816 20641
1 6732 24408
1 4614 63323
1 5296 37080
1 6167 22075
1 5240 36631
1 5143 53783
1 7620 28133
1 7600 112193
1 6535 70775
1 7093 103658
1 6004 42816
1 5921 84276
1 4342 29531
1 6007 64260
1 4091 13791
1 6514 70514
1 7651 56528
1 7662 56621
1 6530 23571
1 6408 46134
1 6543 47249
1 4328 14711
1 5210 36391
1 7095 103691
1 7344 53936
1 7047 77166
1 5463 19212
1 5757 20401
1 6403 46092
1 4195 28388
1 6525 47100
1 6033 43053
1 4985 17298
1 6883 100148
1 7957 88690
1 4531 46514
1 5071 17640
1 6177 88466
1 5707 60596
1 7680 85161
1 6477 46703
1 6411 23079
1 7154 78510
1 7604 28065
1 7258 53213
1 5385 56694
1 7118 26019
1 7432 82017
1 7214 105687
1 4705 64756
1 7698 56926
1 5932 84456
1 4119 41699
1 7245 53104
1 7373 27090
1 6065 43315
1 4292 58284
1 7949 118118
1 5070 52909
1 6694 97003
1 7932 58914
1 6257 44890
1 5831 41405
1 5107 71136
1 4357 44472
1 7969 29614
1 4970 51715
1 5164 54035
1 6472 23331
1 6681 48393
1 5176 18059
1 6950 50633
1 4336 44227
1 7212 26413
1 6793 73986
1 4268 14477
1 5201 36319
1 4306 29251
1 5884 62755
1 7886 87784
1 7098 25935
1 6166 22071
1 6369 22906
1 7630 112701
1 5873 62620
1 5151 71839
1 5223 72991
1 4160 28117
1 6292 90356
1 6713 72989
1 4333 14730
1 5774 40941
1 5246 18340
