1500
5 1 766
1 1 925
5 1 545
5 1 916
1 1 747
3 1 981
2 1 794
1 1 853
4 1 745
2 1 539
4 1 611
3 1 730
2 1 995
4 1 663
1 1 667
4 1 615
3 1 813
3 1 750
2 1 917
3 1 568
1 1 602
1 1 792
1 1 774
5 1 860
5 1 834
1 1 946
2 1 567
3 1 770
3 1 750
5 1 752
4 1 718
3 1 987
2 1 977
4 1 838
2 1 642
4 1 558
4 1 878
5 1 861
3 1 830
2 1 585
5 1 849
2 1 859
5 1 602
4 1 523
2 1 884
5 1 815
4 1 834
5 1 570
1 1 984
1 1 826
2 1 986
3 1 575
1 1 754
2 1 698
1 1 987
1 1 931
4 1 769
1 1 944
4 1 967
1 1 524
1 1 811
3 1 585
5 1 649
5 1 583
1 1 625
2 1 782
3 1 546
2 1 513
1 1 852
4 1 915
4 1 707
3 1 690
5 1 509
3 1 624
2 1 629
4 1 944
2 1 563
4 1 734
2 1 849
3 1 845
2 1 722
4 1 577
5 1 627
5 1 855
5 1 756
4 1 602
1 1 623
4 1 805
3 1 945
4 1 961
2 1 993
4 1 806
1 1 992
4 1 919
4 1 931
1 1 603
5 1 641
4 1 720
3 1 711
1 1 882
1 1 934
1 1 793
2 1 784
1 1 795
5 1 925
3 1 904
3 1 641
4 1 590
4 1 572
4 1 963
1 1 645
2 1 782
5 1 923
5 1 808
3 1 706
2 1 598
3 1 877
3 1 529
2 1 840
2 1 615
5 1 651
1 1 996
5 1 974
3 1 677
2 1 828
1 1 897
5 1 984
4 1 715
5 1 870
2 1 839
2 1 787
5 1 749
4 1 984
2 1 534
1 1 883
4 1 848
3 1 983
2 1 858
2 1 890
2 1 824
4 1 935
5 1 965
3 1 532
3 1 616
4 1 857
2 1 772
3 1 864
3 1 627
4 1 896
4 1 587
1 1 715
3 1 569
5 1 883
4 1 594
5 1 870
5 1 599
2 1 610
2 1 863
4 1 997
2 1 556
1 1 985
1 1 698
3 1 805
2 1 559
2 1 532
1 1 935
3 1 579
1 1 635
5 1 957
2 1 940
5 1 726
4 1 787
3 1 637
1 1 611
4 1 518
3 1 712
3 1 530
3 1 568
3 1 552
4 1 730
3 1 960
1 1 589
5 1 730
4 1 520
3 1 648
1 1 928
5 1 556
2 1 905
1 1 820
4 1 509
5 1 664
1 1 773
5 1 613
3 1 768
4 1 696
4 1 581
4 1 724
2 1 982
3 1 596
2 1 724
1 1 873
2 1 892
2 1 593
4 1 803
4 1 711
4 1 670
2 1 547
5 1 699
2 1 500
5 1 663
2 1 786
5 1 810
4 1 874
2 1 779
3 1 671
1 1 782
5 1 820
1 1 569
4 1 979
2 1 787
5 1 982
1 1 627
4 1 920
2 1 609
2 1 591
2 1 533
3 1 839
1 1 511
4 1 981
2 1 998
3 1 703
5 1 621
2 1 946
5 1 795
5 1 713
3 1 919
2 1 742
2 1 745
5 1 746
4 1 764
5 1 913
3 1 654
1 1 896
4 1 532
5 1 848
2 1 842
5 1 897
5 1 829
4 1 967
4 1 746
1 1 676
1 1 772
5 1 947
2 1 845
2 1 960
5 1 854
3 1 737
2 1 567
3 1 723
3 1 526
2 1 709
5 1 782
3 1 561
1 1 867
2 1 802
4 1 965
2 1 997
3 1 674
5 1 781
1 1 704
5 1 739
1 1 919
3 1 725
1 1 653
3 1 797
2 1 608
4 1 645
5 1 797
2 1 942
2 1 702
1 1 846
2 1 785
5 1 536
3 1 980
3 1 963
2 1 863
2 1 702
4 1 815
5 1 910
2 1 937
4 1 606
4 1 803
5 1 972
2 1 827
5 1 725
1 1 890
3 1 587
5 1 580
1 1 928
3 1 949
3 1 577
5 1 557
4 1 805
5 1 525
2 1 798
3 1 854
1 1 574
2 1 550
3 1 949
4 1 837
4 1 745
2 1 722
3 1 731
2 1 826
2 1 759
1 1 767
2 1 586
4 1 850
3 1 766
1 1 783
5 1 823
1 1 950
1 1 934
2 1 733
1 1 893
1 1 591
1 1 958
1 1 510
5 1 767
3 1 939
3 1 526
4 1 580
2 1 852
4 1 993
1 1 744
2 1 782
4 1 749
5 1 716
4 1 962
2 1 593
4 1 760
3 1 830
1 1 993
1 1 766
5 1 895
1 1 721
3 1 903
5 1 522
4 1 656
5 1 525
3 1 989
5 1 510
1 1 553
1 1 560
4 1 687
3 1 615
5 1 541
5 1 629
2 1 533
5 1 606
3 1 656
4 1 715
3 1 984
2 1 730
1 1 942
4 1 988
4 1 752
2 1 537
4 1 699
2 1 708
2 1 518
4 1 841
1 1 765
2 1 547
1 1 897
1 1 691
3 1 553
5 1 873
2 1 784
1 1 981
5 1 917
4 1 839
4 1 791
2 1 800
3 1 555
3 1 640
4 1 884
5 1 956
2 1 605
3 1 897
4 1 938
3 1 851
1 1 549
4 1 680
3 1 949
3 1 959
4 1 557
2 1 946
5 1 530
3 1 759
5 1 845
3 1 684
2 1 958
2 1 877
2 1 690
1 1 505
2 1 888
4 1 989
4 1 679
5 1 853
4 1 778
4 1 570
5 1 892
1 1 622
5 1 919
1 1 693
4 1 960
1 1 568
2 1 773
2 1 721
2 1 842
5 1 528
1 1 642
4 1 978
2 1 739
5 1 774
1 1 890
5 1 711
1 1 688
4 1 575
3 1 712
3 1 631
2 1 509
2 1 795
4 1 957
5 1 778
3 1 810
5 1 572
3 1 673
2 1 939
5 1 619
1 1 962
3 1 577
5 1 976
3 1 709
5 1 587
5 1 710
4 1 593
2 1 921
1 1 769
1 1 517
5 1 647
5 1 736
3 1 586
2 1 522
1 1 804
1 1 841
1 1 714
1 1 860
4 1 835
1 1 735
4 1 788
1 1 967
5 1 914
1 1 575
5 1 621
2 1 663
3 1 764
4 1 727
5 1 613
2 1 945
2 1 818
1 1 585
2 1 839
3 1 886
3 1 541
3 1 963
2 1 577
5 1 580
4 1 788
2 1 514
4 1 795
5 1 722
4 1 961
5 1 612
2 1 768
5 1 904
5 1 771
2 1 515
5 1 757
4 1 905
1 1 642
4 1 848
5 1 534
2 1 742
4 1 920
5 1 711
2 1 633
5 1 836
5 1 831
4 1 833
4 1 988
4 1 838
2 1 527
4 1 923
4 1 549
2 1 972
2 1 912
4 1 741
4 1 710
1 1 1000
3 1 717
1 1 565
3 1 853
3 1 843
2 1 537
1 1 691
5 1 792
1 1 572
4 1 677
4 1 742
1 1 576
1 1 690
5 1 609
2 1 952
3 1 775
1 1 907
5 1 993
2 1 981
2 1 882
3 1 968
4 1 678
4 1 937
1 1 561
3 1 862
1 1 963
4 1 864
4 1 522
3 1 642
2 1 889
2 1 913
4 1 900
2 1 649
3 1 587
2 1 522
5 1 664
2 1 695
2 1 555
5 1 877
1 1 935
2 1 996
4 1 881
5 1 660
1 1 848
1 1 964
4 1 547
5 1 848
3 1 928
5 1 723
2 1 575
5 1 977
2 1 701
3 1 978
3 1 890
4 1 831
1 1 932
3 1 902
3 1 582
5 1 981
3 1 502
2 1 943
5 1 858
2 1 631
3 1 782
1 1 926
3 1 805
2 1 572
3 1 899
5 1 929
2 1 656
4 1 596
5 1 862
4 1 880
1 1 791
1 1 519
1 1 807
1 1 872
1 1 662
5 1 716
2 1 607
1 1 870
1 1 541
1 1 539
4 1 574
4 1 623
2 1 657
1 1 948
3 1 737
3 1 847
3 1 780
2 1 521
1 1 752
3 1 565
5 1 506
5 1 869
2 1 960
5 1 686
4 1 793
4 1 761
4 1 519
1 1 640
4 1 910
2 1 696
5 1 632
4 1 607
3 1 732
3 1 590
3 1 604
4 1 507
4 1 701
4 1 824
5 1 805
1 1 787
2 1 974
3 1 883
2 1 871
5 1 862
1 1 699
1 1 783
3 1 741
3 1 581
2 1 641
4 1 976
3 1 697
5 1 567
5 1 636
1 1 758
5 1 853
4 1 817
2 1 800
1 1 573
4 1 703
3 1 806
5 1 855
4 1 858
3 1 658
2 1 633
1 1 954
3 1 795
5 1 624
2 1 508
2 1 531
4 1 672
4 1 758
1 1 699
5 1 989
1 1 511
4 1 627
1 1 634
4 1 835
3 1 692
1 1 794
3 1 700
5 1 964
4 1 967
5 1 703
5 1 978
5 1 654
4 1 861
5 1 762
1 1 840
4 1 743
2 1 669
4 1 593
1 1 772
2 1 928
2 1 713
3 1 504
4 1 644
1 1 952
1 1 864
5 1 716
4 1 884
4 1 895
5 1 557
3 1 956
3 1 523
2 1 889
4 1 829
4 1 649
4 1 733
5 1 501
5 1 868
2 1 919
2 1 775
4 1 611
1 1 882
3 1 632
2 1 875
1 1 919
5 1 991
1 1 631
4 1 926
5 1 533
4 1 667
5 1 649
3 1 765
4 1 708
4 1 881
3 1 555
5 1 774
4 1 586
3 1 571
1 1 845
4 1 725
2 1 631
5 1 730
4 1 958
5 1 583
4 1 679
1 1 712
5 1 668
5 1 974
1 1 928
3 1 705
2 1 991
1 1 584
3 1 941
3 1 833
2 1 923
1 1 872
1 1 978
5 1 789
3 1 640
2 1 691
4 1 530
4 1 795
4 1 927
4 1 944
2 1 699
3 1 822
5 1 642
5 1 993
3 1 947
1 1 787
3 1 907
1 1 627
5 1 705
5 1 850
1 1 518
1 1 845
1 1 506
2 1 575
5 1 710
3 1 812
2 1 913
5 1 529
2 1 886
5 1 591
1 1 831
4 1 725
3 1 593
5 1 846
2 1 719
2 1 999
5 1 545
3 1 750
2 1 673
1 1 811
2 1 514
4 1 988
2 1 773
3 1 776
5 1 726
3 1 511
1 1 602
5 1 586
1 1 689
4 1 982
1 1 680
4 1 502
1 1 754
3 1 1000
3 1 817
4 1 768
2 1 570
3 1 573
3 1 633
4 1 844
2 1 581
5 1 921
5 1 530
2 1 547
2 1 687
2 1 761
4 1 890
3 1 845
1 1 868
2 1 529
4 1 901
3 1 728
4 1 731
2 1 951
2 1 557
1 1 815
5 1 860
4 1 536
3 1 527
4 1 705
3 1 750
1 1 878
2 1 878
4 1 779
3 1 734
5 1 977
4 1 527
3 1 724
2 1 647
5 1 595
4 1 871
3 1 625
5 1 553
5 1 748
5 1 892
2 1 978
2 1 615
2 1 866
2 1 751
3 1 866
2 1 827
3 1 504
4 1 663
1 1 835
2 1 814
5 1 793
2 1 866
2 1 875
3 1 681
1 1 750
2 1 652
3 1 899
4 1 934
2 1 728
2 1 668
5 1 928
4 1 754
3 1 935
3 1 518
4 1 937
1 1 745
3 1 859
3 1 535
3 1 731
4 1 934
2 1 764
2 1 992
2 1 752
2 1 867
5 1 848
5 1 916
4 1 935
4 1 924
2 1 611
2 1 622
1 1 538
4 1 990
1 1 616
3 1 979
4 1 906
3 1 550
3 1 597
3 1 987
4 1 813
1 1 971
5 1 793
3 1 968
1 1 804
3 1 847
2 1 883
5 1 883
4 1 777
3 1 845
4 1 567
1 1 952
1 1 633
3 1 579
3 1 784
3 1 591
2 1 919
5 1 986
1 1 603
4 1 851
3 1 846
1 1 680
5 1 737
4 1 594
3 1 997
3 1 898
4 1 983
4 1 571
2 1 898
5 1 898
2 1 951
4 1 671
2 1 548
5 1 905
4 1 953
4 1 703
5 1 923
4 1 827
5 1 952
5 1 760
5 1 568
2 1 979
1 1 593
2 1 532
2 1 749
4 1 935
4 1 968
4 1 979
1 1 978
5 1 969
1 1 960
4 1 658
3 1 739
4 1 827
5 1 851
2 1 989
4 1 750
4 1 551
2 1 936
4 1 911
2 1 887
5 1 888
4 1 565
1 1 945
2 1 647
4 1 896
5 1 574
3 1 898
4 1 867
1 1 758
4 1 619
1 1 948
2 1 798
5 1 678
4 1 671
2 1 878
2 1 576
2 1 796
2 1 559
2 1 901
2 1 588
1 1 910
3 1 968
3 1 611
3 1 507
1 1 800
3 1 888
3 1 518
3 1 769
2 1 649
2 1 917
2 1 910
2 1 542
1 1 837
2 1 604
1 1 826
1 1 613
3 1 654
4 1 865
2 1 726
2 1 534
4 1 666
3 1 832
5 1 661
4 1 693
1 1 503
3 1 687
1 1 609
2 1 537
5 1 527
1 1 791
5 1 510
5 1 839
4 1 856
3 1 893
3 1 770
3 1 652
1 1 855
3 1 872
4 1 867
3 1 572
4 1 855
1 1 635
5 1 645
3 1 956
3 1 816
5 1 937
2 1 942
4 1 659
3 1 900
2 1 601
1 1 944
3 1 550
1 1 755
3 1 832
3 1 727
5 1 876
5 1 716
4 1 908
1 1 815
5 1 823
5 1 716
5 1 702
4 1 895
1 1 732
2 1 513
1 1 598
1 1 782
4 1 786
4 1 530
1 1 974
2 1 757
1 1 941
5 1 883
4 1 664
5 1 711
4 1 993
1 1 592
3 1 686
1 1 876
2 1 780
4 1 926
4 1 720
3 1 568
1 1 910
3 1 982
5 1 610
3 1 648
1 1 665
5 1 500
5 1 593
5 1 549
3 1 583
2 1 799
5 1 537
3 1 759
4 1 532
5 1 504
5 1 614
1 1 756
1 1 553
3 1 902
2 1 719
2 1 921
1 1 748
4 1 666
2 1 602
5 1 649
2 1 943
1 1 698
4 1 648
5 1 683
1 1 570
4 1 535
5 1 603
5 1 605
3 1 801
4 1 792
2 1 791
4 1 826
2 1 931
1 1 807
4 1 789
1 1 651
2 1 882
4 1 516
3 1 941
2 1 614
2 1 818
2 1 564
4 1 661
2 1 753
3 1 744
3 1 844
4 1 505
2 1 944
3 1 549
4 1 570
5 1 839
1 1 944
5 1 878
2 1 821
3 1 936
3 1 834
2 1 675
5 1 761
2 1 789
5 1 865
1 1 711
5 1 940
3 1 906
5 1 849
5 1 640
1 1 794
4 1 928
2 1 548
5 1 511
5 1 793
2 1 835
3 1 769
2 1 815
2 1 952
1 1 501
4 1 873
3 1 557
5 1 548
3 1 563
4 1 677
4 1 840
2 1 606
4 1 669
1 1 587
2 1 737
1 1 564
5 1 865
1 1 938
3 1 843
1 1 738
2 1 945
3 1 500
1 1 788
1 1 947
2 1 812
4 1 636
2 1 687
3 1 996
4 1 880
3 1 803
2 1 905
1 1 829
2 1 580
1 1 541
1 1 972
3 1 755
1 1 672
3 1 785
5 1 698
2 1 733
5 1 969
3 1 807
3 1 802
5 1 693
2 1 891
5 1 544
5 1 585
1 1 504
5 1 754
5 1 758
5 1 709
1 1 674
2 1 599
1 1 713
4 1 734
2 1 974
1 1 592
2 1 800
2 1 795
5 1 628
5 1 985
5 1 604
1 1 606
2 1 626
1 1 605
3 1 710
1 1 528
2 1 905
4 1 677
5 1 531
1 1 672
5 1 535
5 1 714
5 1 647
3 1 877
2 1 970
3 1 802
1 1 626
3 1 999
4 1 619
1 1 581
4 1 563
4 1 852
5 1 582
3 1 523
5 1 606
2 1 590
2 1 755
4 1 592
5 1 952
3 1 816
1 1 520
2 1 792
3 1 683
5 1 600
5 1 606
1 1 703
3 1 533
2 1 801
4 1 551
5 1 539
2 1 753
1 1 536
1 1 712
5 1 698
5 1 834
2 1 997
5 1 849
2 1 740
3 1 760
1 1 532
4 1 928
3 1 973
5 1 877
1 1 735
2 1 602
3 1 591
5 1 895
3 1 793
1 1 854
5 1 692
3 1 966
5 1 717
3 1 697
3 1 860
3 1 569
2 1 842
4 1 770
2 1 667
5 1 823
1 1 966
1 1 777
4 1 642
1 1 621
4 1 920
2 1 639
4 1 948
4 1 742
1 1 667
5 1 901
1 1 940
1 1 540
2 1 898
3 1 914
5 1 960
4 1 561
3 1 514
5 1 809
5 1 624
2 1 526
3 1 603
4 1 500
3 1 783
5 1 928
3 1 891
3 1 768
3 1 899
5 1 877
3 1 504
1 1 971
2 1 669
4 1 768
3 1 598
3 1 864
1 1 887
4 1 924
5 1 746
3 1 859
2 1 807
1 1 502
1 1 693
1 1 609
5 1 973
4 1 553
5 1 716
3 1 898
1 1 798
4 1 958
4 1 866
1 1 626
5 1 777
3 1 789
1 1 894
4 1 974
5 1 775
1 1 950
1 1 584
1 1 685
1 1 684
4 1 804
5 1 711
2 1 730
4 1 540
2 1 506
4 1 979
1 1 543
3 1 604
3 1 610
3 1 650
2 1 942
5 1 649
3 1 853
1 1 614
5 1 966
2 1 607
3 1 905
3 1 569
5 1 769
5 1 762
3 1 581
1 1 757
3 1 855
5 1 821
3 1 595
2 1 947
2 1 550
3 1 959
2 1 977
5 1 545
4 1 578
1 1 842
2 1 876
2 1 801
5 1 734
5 1 689
1 1 992
3 1 553
5 1 751
1 1 802
2 1 848
1 1 862
4 1 564
3 1 672
4 1 683
3 1 793
2 1 721
3 1 851
1 1 718
4 1 526
1 1 669
1 1 917
5 1 596
3 1 779
4 1 855
1 1 895
5 1 860
5 1 741
4 1 701
2 1 788
4 1 960
1 1 649
5 1 989
4 1 868
5 1 550
5 1 718
1 1 916
5 1 802
4 1 538
1 1 695
3 1 964
5 1 879
3 1 834
5 1 716
2 1 512
5 1 670
4 1 892
5 1 820
3 1 553
1 1 959
1 1 812
2 1 707
3 1 876
4 1 940
1 1 843
2 1 650
4 1 682
5 1 687
5 1 838
4 1 902
1 1 772
5 1 988
4 1 824
2 1 872
1 1 865
2 1 902
5 1 914
5 1 605
3 1 987
2 1 679
3 1 950
5 1 592
3 1 893
2 1 564
5 1 529
5 1 904
1 1 801
4 1 559
2 1 928
5 1 924
3 1 600
4 1 646
1 1 857
1 1 736
3 1 786
1 1 897
2 1 901
2 1 902
3 1 686
2 1 791
1 1 538
4 1 711
1 1 602
1 1 712
2 1 794
4 1 534
4 1 707
4 1 525
1 1 882
5 1 594
4 1 944
5 1 946
5 1 791
4 1 751
2 1 806
2 1 622
5 1 836
2 1 817
3 1 593
5 1 525
1 1 847
1 1 835
4 1 945
1 1 786
2 1 664
3 1 597
5 1 565
3 1 908
3 1 784
5 1 525
3 1 755
1 1 734
2 1 665
2 1 948
1 1 611
4 1 715
2 1 618
2 1 923
4 1 995
1 1 802
5 1 699
1 1 975
2 1 913
4 1 690
4 1 932
1 1 651
4 1 765
1 1 700
5 1 560
2 1 878
4 1 591
2 1 681
4 1 915
1 1 588
2 1 909
5 1 682
2 1 530
1 1 622
1 1 577
5 1 607
4 1 539
2 1 908
1 1 992
5 1 894
4 1 681
4 1 815
3 1 585
4 1 970
4 1 909
4 1 613
4 1 550
3 1 862
1 1 942
2 1 647
2 1 634
1 1 501
5 1 646
1 1 594
2 1 529
3 1 924
2 1 755
7
41 1 3355
44 1 2258
49 1 4333
46 1 3022
45 1 2939
43 1 2127
46 1 3789
