1992
11 1 199631204
46 1 880088920
46 1 60421978
41 1 374317414
26 1 752692847
46 1 745140558
12 1 64000008
5 1 454886525
13 1 69573629
15 1 522471571
38 1 611340638
20 1 11136794
14 1 757697844
29 1 474321924
42 1 911180569
9 1 569689273
14 1 321726981
14 1 236570294
36 1 312654389
23 1 35766191
27 1 71004148
12 1 290288924
31 1 605749170
28 1 804115675
25 1 828353846
19 1 34193275
45 1 401203823
42 1 233500581
43 1 256776515
17 1 500754283
36 1 949412718
36 1 650972122
43 1 474726344
21 1 51505432
38 1 756550830
17 1 643610620
44 1 501042026
41 1 181354694
39 1 685181617
1 1 485525930
9 1 298256745
24 1 389551597
45 1 497176455
32 1 153990212
20 1 614422953
21 1 107035387
12 1 961828394
42 1 679536463
43 1 145205803
1 1 932386842
34 1 477184433
43 1 813288495
31 1 566491859
50 1 565476732
34 1 88382084
46 1 236096366
35 1 119916686
49 1 855617033
20 1 812325700
31 1 426167639
43 1 487586654
15 1 432025129
9 1 650004884
20 1 32804040
46 1 150063310
45 1 101936665
9 1 602183695
27 1 904262321
46 1 317449799
10 1 520047566
11 1 157800451
26 1 614587421
34 1 346230642
22 1 406384110
6 1 485758227
28 1 230129752
28 1 200494276
20 1 68584880
7 1 75150962
23 1 62422329
6 1 595486586
34 1 650869444
37 1 358562071
17 1 413226485
45 1 531616148
17 1 827887020
28 1 976217041
38 1 314291886
19 1 99886804
10 1 995225054
13 1 394232148
20 1 957929396
23 1 175533507
14 1 772625639
46 1 706811801
1 1 463706259
48 1 325975344
2 1 630269577
45 1 202676362
15 1 675080650
40 1 771533680
22 1 609321618
23 1 388379482
31 1 656867116
22 1 943473000
39 1 186608844
15 1 970163410
6 1 351069665
45 1 412184215
43 1 338217384
41 1 957372708
50 1 834180956
6 1 879212973
6 1 12077962
17 1 772957480
26 1 224093538
37 1 64999142
36 1 603697877
26 1 563848673
8 1 486829045
5 1 620239607
28 1 28396752
50 1 572408569
17 1 157900642
16 1 308739197
5 1 373905219
26 1 452181315
30 1 166513558
5 1 320986653
28 1 107444492
9 1 954731131
19 1 261028164
24 1 101890838
3 1 842207470
9 1 123532553
40 1 211958415
48 1 689061028
38 1 493877091
42 1 263455188
16 1 805729209
27 1 373178507
34 1 850842733
27 1 456123518
25 1 867238560
7 1 614990764
28 1 448764422
1 1 78507953
44 1 708723692
25 1 81678529
50 1 624065706
26 1 152588604
49 1 733969474
1 1 436668908
6 1 10007473
20 1 571461725
41 1 219390718
10 1 56051321
19 1 498012187
50 1 465349643
31 1 891050425
24 1 99304188
20 1 961132571
28 1 430055875
23 1 926608144
23 1 609718083
23 1 12929708
28 1 608306536
28 1 829839022
20 1 261382821
19 1 510157169
6 1 267585832
20 1 350221953
25 1 940993550
24 1 137132002
9 1 390542102
44 1 907967091
44 1 379759709
50 1 346771423
5 1 928651902
7 1 105044068
31 1 950230705
2 1 253628840
41 1 850160669
44 1 475991679
12 1 402442452
35 1 929577243
8 1 61396796
38 1 569556393
37 1 407912033
33 1 198221072
28 1 165278720
49 1 154393185
30 1 179223272
38 1 849667077
34 1 964009800
36 1 623041678
6 1 753890710
38 1 264213676
50 1 335071125
30 1 311848133
37 1 282501798
28 1 455116955
19 1 730586809
34 1 235131714
48 1 836261384
44 1 439812688
33 1 856468270
4 1 815005471
32 1 768095635
15 1 49304090
17 1 793331017
40 1 415851395
5 1 421291856
34 1 33963646
45 1 971481830
4 1 804884045
7 1 669556442
13 1 342104885
31 1 88227371
49 1 823952875
7 1 867213001
15 1 982802558
9 1 885856561
28 1 157096564
46 1 737816788
43 1 149358206
25 1 782610059
28 1 88853403
28 1 245482805
8 1 252276958
30 1 739943793
29 1 994017068
9 1 977487779
43 1 203419919
26 1 211962360
28 1 167533550
40 1 700272855
31 1 334937668
27 1 574421811
11 1 859316956
44 1 65023433
12 1 687395299
30 1 67012738
45 1 61784157
22 1 657358526
41 1 842557592
11 1 497412547
50 1 302413911
50 1 645727191
17 1 473041717
47 1 74493586
22 1 557249936
45 1 380237372
50 1 650129041
42 1 962015069
46 1 219929302
38 1 138827859
5 1 167429431
22 1 937113001
44 1 660693564
35 1 404984015
23 1 87319986
30 1 429827566
7 1 851411064
11 1 380742585
16 1 424277842
1 1 984339167
6 1 138308414
6 1 926715642
38 1 170398891
36 1 562168983
45 1 637591921
28 1 213705304
7 1 188158461
29 1 609401866
35 1 184954553
18 1 89113024
45 1 962562752
40 1 634047598
33 1 404337028
28 1 57810635
10 1 795399436
46 1 333431140
30 1 242839713
17 1 93543980
36 1 78854256
46 1 154411808
25 1 133027543
44 1 333574820
38 1 930504676
22 1 859994078
50 1 938333048
40 1 17089912
6 1 361518950
15 1 498979246
27 1 718373262
27 1 760116813
36 1 753468760
48 1 419924062
28 1 754322412
25 1 66845713
40 1 716497941
27 1 419114623
5 1 189827928
28 1 655553764
11 1 71627007
36 1 20705175
49 1 459541701
8 1 800109276
19 1 483774635
1 1 37693924
5 1 931111282
8 1 164790939
20 1 224205930
40 1 787952328
19 1 23802850
21 1 609264518
6 1 845093772
8 1 267075678
29 1 925667284
13 1 840578501
3 1 132306721
10 1 864896985
48 1 601077320
37 1 39939827
8 1 915011022
47 1 973265043
38 1 654477915
2 1 158578169
36 1 323749434
18 1 173730161
46 1 938071813
44 1 670429041
6 1 153558024
13 1 661582271
30 1 56896400
34 1 737059395
19 1 491951756
29 1 47470781
49 1 172816094
12 1 88534333
13 1 409644162
27 1 89098085
38 1 15099643
25 1 762258590
21 1 360751100
33 1 960316423
11 1 380539325
44 1 756427809
31 1 874030454
44 1 661411795
26 1 973208094
42 1 335127320
2 1 823267347
38 1 567676486
49 1 208226130
28 1 910014787
42 1 177627045
9 1 415644925
1 1 576116385
18 1 112970983
17 1 555431664
24 1 963296830
21 1 849976660
31 1 593019544
7 1 440442506
23 1 815087734
48 1 322421934
47 1 440079212
33 1 213271163
33 1 655446563
28 1 950829521
45 1 21164980
49 1 148847770
25 1 120972738
8 1 205557325
44 1 51832874
35 1 252986469
29 1 315820138
33 1 97926479
34 1 121251649
13 1 842691834
49 1 114835332
32 1 455160573
42 1 666102918
10 1 138562834
3 1 724145856
35 1 569583239
17 1 853205084
20 1 852854968
27 1 681278526
1 1 657561388
27 1 493797704
22 1 593453185
48 1 490051484
39 1 83876010
20 1 154850828
39 1 616755750
42 1 281243309
23 1 176941001
23 1 47372099
20 1 736404801
9 1 682644392
37 1 975090463
11 1 209690653
15 1 110247689
27 1 731524478
27 1 786221671
27 1 342145022
40 1 386826706
46 1 224636533
14 1 134014049
49 1 866231177
1 1 576877801
14 1 898951338
38 1 798085555
50 1 327709858
40 1 639101849
23 1 62901407
42 1 267280029
15 1 152285769
26 1 169097366
40 1 392277556
22 1 571514115
43 1 42177919
28 1 725265880
15 1 726413980
14 1 508944517
1 1 25312102
38 1 351562859
38 1 357768770
33 1 782004525
26 1 794980940
21 1 325577288
41 1 837736223
1 1 50439581
36 1 173492889
46 1 523896378
49 1 930256802
19 1 93449639
10 1 624447622
42 1 385000813
32 1 380653141
5 1 637629961
37 1 170788577
28 1 676436758
13 1 146729193
30 1 925439121
32 1 396441026
50 1 472984329
45 1 97147614
2 1 80287453
22 1 949579450
8 1 826105133
12 1 245469334
35 1 90851613
40 1 608664062
22 1 316947619
30 1 792251716
9 1 992376084
1 1 71753717
15 1 160708561
21 1 803873557
22 1 734889439
16 1 675574573
40 1 178792399
16 1 699023432
5 1 36726135
18 1 304828286
39 1 602434278
39 1 847255472
3 1 577744944
34 1 384680799
29 1 420297094
10 1 963048269
11 1 146765375
15 1 957752344
15 1 162902528
39 1 130706992
27 1 674375926
22 1 36590772
24 1 612791602
25 1 588819307
2 1 985775027
14 1 313180404
21 1 799279242
17 1 331324197
20 1 900799432
13 1 951694111
47 1 352699418
7 1 34242482
13 1 456539428
28 1 112442211
45 1 256132386
44 1 947002724
23 1 905670861
50 1 474858459
3 1 300582164
15 1 548575854
12 1 524415711
49 1 697074449
5 1 465668170
13 1 222845514
41 1 14532145
15 1 462512571
7 1 872386938
20 1 370929605
7 1 402164059
24 1 143350651
12 1 753845474
32 1 260330161
46 1 315413400
24 1 186665433
32 1 454443851
8 1 448146446
39 1 624523856
35 1 85026045
14 1 60314274
15 1 314673737
3 1 767507017
43 1 171013847
26 1 972486580
44 1 75200080
48 1 459054227
37 1 19759898
14 1 651501693
25 1 563434456
32 1 413251746
49 1 291023387
36 1 345161046
35 1 486443844
3 1 473804067
15 1 514141845
17 1 848820634
19 1 599091500
21 1 796589565
36 1 412637417
6 1 506039128
44 1 875710077
2 1 73782864
27 1 513462098
2 1 933926303
33 1 339161495
35 1 20986611
33 1 675246012
50 1 125380889
34 1 85189155
2 1 76130672
20 1 728638647
14 1 913304188
41 1 302551656
3 1 512067375
38 1 245917019
2 1 648180605
2 1 744277359
19 1 671371259
34 1 604153782
12 1 558532326
5 1 604251517
11 1 332455823
32 1 954094520
27 1 916341383
13 1 399531390
17 1 775837382
9 1 227603285
34 1 486906989
41 1 403258771
42 1 906620828
41 1 949938706
33 1 998967261
15 1 264120802
49 1 494385570
43 1 481821348
38 1 415307139
16 1 966444907
41 1 314312957
32 1 534967306
24 1 688838791
48 1 681596408
25 1 136718172
27 1 367476350
25 1 275506362
26 1 898886129
25 1 710221345
47 1 239894505
17 1 977565083
18 1 154679368
48 1 886311717
8 1 874146973
26 1 205653491
22 1 808319583
20 1 121963657
49 1 777314652
17 1 140651639
36 1 777948193
18 1 868182992
33 1 828310492
49 1 539537878
38 1 704438475
46 1 865933444
28 1 367113947
33 1 33604094
45 1 189495745
41 1 482287860
6 1 764647146
36 1 835897079
26 1 663388760
18 1 104135415
23 1 40504718
35 1 11519921
12 1 293542536
18 1 308381894
40 1 120735476
36 1 69249536
48 1 320795602
21 1 257809595
2 1 769844770
35 1 142934286
1 1 104614133
2 1 689112053
44 1 198630890
10 1 286421774
42 1 746289111
23 1 75787275
11 1 911662046
29 1 235638734
7 1 14202909
8 1 252670494
5 1 896785500
3 1 103513526
40 1 761691181
31 1 470007215
49 1 659386766
26 1 213854188
34 1 73125814
9 1 49487436
14 1 39719991
11 1 982807724
6 1 651019768
15 1 293338907
16 1 747040134
27 1 480676058
25 1 148119923
11 1 152456016
40 1 332719118
30 1 890185037
47 1 154113279
37 1 398777087
26 1 908231082
15 1 769903898
21 1 165716678
23 1 307515952
10 1 481182509
14 1 987598015
27 1 422086515
40 1 148946006
49 1 37772152
23 1 106816700
42 1 446844539
49 1 761611081
16 1 155999008
16 1 596191316
32 1 654760797
4 1 972706990
22 1 495533881
33 1 279825451
4 1 22771540
13 1 175367165
29 1 849840212
44 1 857741202
43 1 987486923
7 1 789556590
4 1 930050635
4 1 870630692
40 1 46067626
13 1 131466325
27 1 196671095
3 1 565595761
27 1 18246582
33 1 497915088
2 1 12574334
22 1 65719718
33 1 548879347
23 1 315224297
15 1 72247405
47 1 781807579
6 1 665615154
43 1 580673537
49 1 767199332
11 1 421930852
6 1 363618199
39 1 46330410
49 1 108455640
11 1 981198666
40 1 126810326
35 1 41065033
2 1 164143290
8 1 290259672
41 1 293781606
33 1 449154279
41 1 779231823
32 1 545535003
50 1 801720487
37 1 738188038
43 1 157016010
35 1 915978624
4 1 937286966
49 1 505401787
13 1 10692925
5 1 292194024
40 1 24029758
27 1 858175728
15 1 136769158
42 1 415689041
47 1 776074483
12 1 724184687
27 1 156294409
35 1 714235507
31 1 65408564
48 1 839353586
38 1 433240055
27 1 954851399
8 1 980907095
24 1 580019933
28 1 141231031
45 1 404766808
29 1 598290187
13 1 137959863
10 1 480541040
49 1 799684125
42 1 438983721
16 1 114665514
39 1 390263563
8 1 663576805
29 1 977217707
36 1 61946821
4 1 744067916
35 1 843909268
33 1 83533826
11 1 281973976
12 1 564844793
8 1 165304041
26 1 593492952
34 1 554027818
44 1 988176298
27 1 761369287
15 1 832283361
27 1 688892135
21 1 804158849
37 1 834039298
31 1 886541555
17 1 778158313
46 1 232595118
50 1 403140223
25 1 784672145
6 1 318830960
25 1 490935084
28 1 697486564
39 1 46792702
12 1 193227991
23 1 470897363
9 1 572234574
46 1 925540290
13 1 71783871
4 1 497587926
10 1 115171616
43 1 752896054
6 1 953489252
17 1 36813434
19 1 779798511
29 1 101515092
3 1 128946609
46 1 616656479
41 1 781208441
47 1 766901229
26 1 924515743
18 1 88630030
40 1 946486428
12 1 914472893
16 1 867588576
37 1 662756491
11 1 984260754
38 1 103014868
18 1 956681007
11 1 83025890
23 1 136194184
12 1 470283442
22 1 412416940
22 1 333484275
1 1 695338679
42 1 113648843
3 1 500179050
2 1 27129077
3 1 882527086
27 1 568755868
13 1 362578499
27 1 726971200
25 1 483362843
48 1 97568904
16 1 256917298
7 1 304144204
32 1 222287096
6 1 857692544
20 1 958031022
30 1 988201468
13 1 762657093
7 1 667207974
28 1 947642594
49 1 45571042
3 1 294934070
15 1 757619712
17 1 426637501
50 1 624434668
35 1 136274865
16 1 292051473
30 1 309444141
20 1 396980406
7 1 158163667
2 1 35719776
23 1 951489320
43 1 295167185
32 1 455588924
3 1 86249096
19 1 19471606
31 1 979244917
28 1 753664054
4 1 279201020
21 1 363967531
20 1 52091638
11 1 875562394
22 1 485560145
32 1 74394321
26 1 226408100
49 1 498692852
33 1 357904247
13 1 639458901
27 1 813380420
28 1 852717212
1 1 302749625
36 1 42651980
5 1 645704589
7 1 904883044
16 1 27242883
50 1 757684913
35 1 121223069
44 1 781425621
30 1 315530069
31 1 61414646
29 1 641967856
34 1 163906676
15 1 835678718
49 1 200142503
2 1 874488928
24 1 537714486
19 1 479712883
49 1 341325030
46 1 171002131
27 1 129608934
45 1 474405301
10 1 686886975
2 1 476243616
41 1 54765682
50 1 848693240
45 1 189666842
4 1 117450470
24 1 962064575
29 1 140323788
16 1 227377711
12 1 294979629
1 1 996647809
37 1 152083682
43 1 716041528
1 1 408785277
39 1 309330143
40 1 30517167
13 1 102179244
35 1 839035101
12 1 109740948
17 1 761475831
1 1 13793008
50 1 599452668
21 1 459645059
30 1 78353751
30 1 764593248
4 1 726291772
14 1 180986922
6 1 713142291
48 1 288879108
14 1 359285382
10 1 804609871
17 1 737257244
37 1 134357407
11 1 626825350
22 1 935897207
42 1 20193645
38 1 133626617
50 1 634217704
24 1 146515465
45 1 292915853
22 1 669561576
18 1 491731479
48 1 293890182
42 1 387795510
45 1 457894336
26 1 767666452
14 1 812484944
36 1 780448437
2 1 416425246
18 1 249448203
42 1 124255743
22 1 166630959
33 1 166215576
49 1 89673316
29 1 841472704
21 1 167052364
39 1 56460828
21 1 826425776
17 1 442122428
27 1 436711938
28 1 853547479
27 1 89270918
34 1 882031010
49 1 160581972
5 1 616272981
24 1 374145498
20 1 422733336
7 1 27177275
28 1 146657660
47 1 73215424
24 1 531607552
50 1 497599631
21 1 749353763
48 1 16360980
10 1 563518456
47 1 280637419
27 1 767035687
34 1 771825577
48 1 377274189
44 1 400141292
13 1 401263915
30 1 254331171
9 1 372620534
18 1 690951505
6 1 704063114
46 1 810889291
26 1 905846825
6 1 391056413
2 1 12438943
18 1 403668679
15 1 732436091
50 1 867437041
32 1 894653663
39 1 665141820
3 1 556766125
26 1 137516652
46 1 860640251
43 1 745851645
31 1 846689164
22 1 16666735
50 1 531609338
38 1 958966349
9 1 687714487
10 1 515883815
47 1 845178661
39 1 666542450
7 1 219772071
22 1 306769104
9 1 556004252
36 1 438416175
46 1 905290763
7 1 869175536
41 1 651100421
13 1 460232423
26 1 347282820
12 1 790292551
8 1 220995926
5 1 847543742
25 1 163528387
48 1 356044251
36 1 71441074
44 1 529630289
29 1 99288550
49 1 248530412
45 1 243538931
48 1 177312573
41 1 423182420
9 1 24678170
34 1 550763181
44 1 875129619
48 1 165554596
16 1 538202195
3 1 971983551
27 1 399879030
44 1 429508712
16 1 764243146
40 1 160900003
36 1 205422068
5 1 290259937
16 1 89015621
8 1 602420529
26 1 77028828
43 1 255505795
24 1 933678603
50 1 71993143
33 1 18014842
17 1 670156968
35 1 743498386
15 1 16747555
5 1 449540481
5 1 676038701
30 1 478096749
18 1 329985200
10 1 331145219
31 1 387451503
35 1 819975715
49 1 455617560
40 1 435524442
9 1 847668495
29 1 231493565
19 1 520633159
40 1 100430490
26 1 62582407
3 1 970827700
12 1 661397663
42 1 242738981
43 1 466656417
31 1 669435722
3 1 669409862
28 1 558320516
48 1 120560251
34 1 532024088
44 1 938811819
39 1 58452812
16 1 824490838
31 1 707451203
29 1 309912884
27 1 700165193
45 1 792131678
45 1 773020876
6 1 680365733
33 1 962737651
12 1 216743399
10 1 810460434
1 1 164077705
24 1 595922286
26 1 158176373
27 1 715446434
18 1 485371041
13 1 790178540
32 1 562726785
8 1 930949489
38 1 74492784
16 1 253263179
38 1 145211095
7 1 651610230
15 1 986679730
44 1 501648257
37 1 753210552
28 1 686476437
27 1 488500979
44 1 50239690
16 1 227875037
32 1 795592359
30 1 325397543
45 1 979862289
41 1 176803045
15 1 749230961
13 1 317613119
17 1 496295353
7 1 911165618
11 1 809316679
27 1 122218206
36 1 613634345
8 1 12721920
28 1 98938795
38 1 174191686
6 1 63378529
27 1 591843340
31 1 713402081
48 1 386941372
4 1 593275224
27 1 253759950
16 1 322424835
42 1 760546150
18 1 942951546
29 1 35196111
2 1 39317079
32 1 12004705
47 1 917405011
34 1 585773575
16 1 619045905
44 1 113067784
15 1 146891033
24 1 46669463
7 1 904625615
11 1 852415172
19 1 79349494
37 1 186182105
30 1 865011997
5 1 239852455
9 1 607505548
3 1 973714695
24 1 403680401
35 1 813014162
6 1 893715894
20 1 793821603
12 1 466160654
48 1 176885410
45 1 984834747
27 1 456191362
36 1 408356937
3 1 521554606
14 1 529844321
4 1 410469993
38 1 390935841
12 1 487291843
32 1 757889711
11 1 338163779
44 1 875629398
27 1 891236246
6 1 343521026
26 1 874429359
37 1 296963534
32 1 713685476
13 1 161631535
26 1 541893558
18 1 336047905
49 1 83381760
15 1 922073019
28 1 53616052
6 1 572825550
8 1 952614153
49 1 595116016
18 1 307513643
38 1 54133083
27 1 746842316
50 1 573799443
7 1 601611136
10 1 43828225
26 1 707264193
11 1 904030601
50 1 438219917
15 1 598868340
46 1 721449093
37 1 677328054
23 1 296851858
39 1 397168693
34 1 194466647
22 1 523413086
4 1 19111922
28 1 325817409
6 1 851482512
39 1 941602950
13 1 13043384
5 1 751099094
32 1 517165538
45 1 77315229
19 1 126701604
34 1 812340486
35 1 15412784
5 1 609166830
14 1 832099935
47 1 865418057
47 1 835140225
33 1 617471864
46 1 650362643
1 1 172145060
10 1 884474644
24 1 382290776
35 1 27957501
45 1 194650543
12 1 485245502
9 1 57896464
38 1 745658265
41 1 46122260
34 1 783228684
28 1 413021066
18 1 389260375
4 1 844203490
36 1 878014616
11 1 58605371
13 1 969179140
46 1 729038266
35 1 180982843
12 1 895450363
46 1 502145644
1 1 406643919
44 1 247547940
11 1 565444876
7 1 83827403
32 1 487780881
4 1 240365833
23 1 27753086
48 1 709562870
35 1 260841861
33 1 213858836
48 1 780788524
18 1 888453860
43 1 41665513
8 1 319363930
28 1 298435697
35 1 54070965
43 1 253094028
37 1 993058412
36 1 41003123
22 1 174940565
3 1 804135514
13 1 105621215
40 1 153584136
30 1 625871543
25 1 592855053
10 1 656022096
41 1 727733356
6 1 44206620
26 1 579967130
48 1 38685033
44 1 990548610
12 1 867482665
13 1 174730325
38 1 784973139
39 1 797325487
36 1 294529749
30 1 54560048
11 1 910249015
24 1 281600990
27 1 993816939
13 1 797056772
23 1 843885970
20 1 61564591
48 1 35478748
20 1 585556789
19 1 352326496
30 1 933808584
36 1 72155025
37 1 322600098
26 1 108839715
49 1 347649897
13 1 325778032
36 1 886605378
41 1 358062687
10 1 383876493
30 1 96285003
21 1 177347411
27 1 63508930
50 1 960743786
31 1 139603438
39 1 628358133
36 1 987461845
4 1 824487451
20 1 396622841
2 1 233100214
41 1 505446784
38 1 781434900
40 1 802263113
16 1 72342181
30 1 656596811
47 1 406103990
13 1 603313287
13 1 729528031
25 1 454348468
1 1 344961822
28 1 151401683
50 1 261865813
35 1 177091800
31 1 540206573
27 1 591865145
10 1 882540404
45 1 241766211
21 1 505590148
4 1 256664309
45 1 547299347
25 1 25921192
25 1 504002882
2 1 171794846
41 1 876993368
23 1 499821687
47 1 991312168
50 1 524965789
30 1 366998759
40 1 57302900
41 1 32019467
40 1 637464143
12 1 63222260
1 1 857276725
49 1 575338930
17 1 510002739
18 1 503362642
12 1 211160522
23 1 547464923
44 1 88296006
15 1 221654919
23 1 44112320
34 1 600878764
46 1 17291875
13 1 359466324
38 1 738039514
25 1 849309318
40 1 777106624
41 1 903032397
26 1 480621352
2 1 997664894
22 1 582925891
47 1 152012951
1 1 761537354
41 1 824585366
3 1 413814081
25 1 504963641
39 1 313163750
13 1 322663347
8 1 84352085
17 1 148010953
23 1 995648068
3 1 926372870
22 1 335440376
19 1 47265569
14 1 73731570
13 1 619194284
44 1 959453287
27 1 915178787
33 1 561716240
19 1 403545059
47 1 327570365
43 1 172760602
14 1 552013122
13 1 168684361
30 1 926090841
48 1 739858089
18 1 897766522
40 1 31134598
23 1 757925668
12 1 647544610
5 1 507694314
38 1 976312716
20 1 741655602
43 1 118505919
5 1 55615104
37 1 262926936
42 1 154115315
17 1 296931079
6 1 278052230
2 1 248159353
42 1 45819472
2 1 94408045
34 1 289413630
23 1 908301308
9 1 616094203
3 1 172587609
33 1 215435109
2 1 533575967
11 1 103089411
44 1 45710617
35 1 593120409
21 1 709524125
1 1 166354502
43 1 770280610
32 1 127929046
35 1 739608865
16 1 291620836
36 1 949783008
20 1 146939046
7 1 438743141
14 1 318014904
34 1 152799355
20 1 723256342
41 1 118729353
8 1 193525792
2 1 433017617
23 1 461140090
14 1 292951760
28 1 213429751
36 1 611374722
3 1 79707120
15 1 862267080
42 1 823975900
41 1 855041259
49 1 355508404
16 1 850941507
26 1 675328452
22 1 907732696
14 1 873995860
4 1 977742926
2 1 888054604
8 1 594181997
42 1 519691284
42 1 248344128
19 1 303174093
9 1 568116416
9 1 850684475
38 1 552385143
35 1 849548849
43 1 129379382
21 1 735900649
34 1 34181028
3 1 729948744
3 1 957961994
10 1 109885217
12 1 264693194
1 1 60556300
12 1 558684497
15 1 205871873
45 1 150202124
5 1 358364333
9 1 51645502
32 1 793934866
46 1 324877759
14 1 752136708
29 1 370209842
50 1 648958729
15 1 305485636
6 1 112452786
9 1 472488426
24 1 251444128
42 1 217470306
24 1 49360088
21 1 62908853
1 1 469722592
15 1 261452770
12 1 861106990
19 1 487272445
13 1 757103460
2 1 471241582
8 1 368351964
22 1 260728998
23 1 215781586
42 1 154918478
1 1 317952303
10 1 943790640
24 1 456852938
24 1 172444334
7 1 594775177
44 1 699993723
10 1 15679250
40 1 945164878
46 1 360409865
22 1 116558587
43 1 98018061
21 1 305104412
21 1 258463316
49 1 417801665
14 1 412294225
42 1 597672786
42 1 337175676
11 1 252712801
46 1 365559958
11 1 797111521
44 1 497830273
47 1 923788618
14 1 534497382
14 1 860369468
1 1 711986706
16 1 498237683
47 1 602907670
23 1 728697658
9 1 259146689
22 1 476138561
17 1 412654107
27 1 941969683
35 1 561888309
23 1 342728642
4 1 891689892
21 1 244749158
16 1 662907503
17 1 348537590
39 1 945444334
20 1 993767883
32 1 172278897
49 1 156412985
4 1 170949575
16 1 188285473
49 1 309535829
28 1 941861096
17 1 66876276
41 1 216132437
32 1 100709348
40 1 65695438
40 1 845249883
33 1 704180813
30 1 575615213
11 1 48335985
45 1 168608208
21 1 594324813
8 1 499921533
44 1 600082509
16 1 355190616
28 1 670403478
31 1 795333670
31 1 911281067
23 1 830565827
44 1 260423728
18 1 170802444
28 1 426493272
39 1 948587051
45 1 773031723
30 1 949635095
30 1 841125687
6 1 691772182
14 1 801401606
35 1 776427910
47 1 748721666
40 1 210018966
50 1 60851459
45 1 796367536
16 1 841486844
27 1 476199391
38 1 580273352
34 1 211799734
49 1 504128457
41 1 931225478
44 1 484583103
26 1 697345664
16 1 900669974
47 1 472661454
23 1 809191728
43 1 18856086
21 1 104290258
43 1 141473040
5 1 291558881
34 1 338220807
49 1 303737823
4 1 31337331
43 1 770539176
6 1 259243456
37 1 60830548
15 1 221138799
13 1 458666689
19 1 271683880
8 1 787091661
49 1 268944233
13 1 171352667
33 1 565656671
14 1 230149851
47 1 642689101
15 1 262643255
27 1 996584500
32 1 435860791
38 1 386790549
26 1 520440337
28 1 700679567
23 1 349496374
12 1 381267768
39 1 840025386
18 1 460577833
39 1 21095647
36 1 98985890
19 1 272287464
8 1 843138580
28 1 827311099
4 1 62422559
14 1 467609722
6 1 963697655
31 1 787414143
12 1 524616264
26 1 326406629
25 1 35879119
10 1 527917006
50 1 473598136
20 1 828616695
16 1 275196152
12 1 300037368
35 1 41737938
30 1 729063312
5 1 100163833
47 1 268115182
20 1 37483446
16 1 379939524
25 1 916295820
23 1 18675740
37 1 157945821
44 1 520292952
2 1 872016108
46 1 712880054
13 1 512185631
25 1 428534454
44 1 872456575
32 1 49980514
45 1 685691589
29 1 994094949
11 1 125408031
11 1 789429582
8 1 309306698
42 1 626405373
41 1 746763178
23 1 142661625
48 1 573996306
8 1 509349469
14 1 130172580
10 1 535266171
21 1 122145588
17 1 718216325
11 1 82265941
27 1 538394963
49 1 757226429
26 1 274120946
39 1 176334729
27 1 661687584
24 1 668457984
22 1 530078413
45 1 857569436
3 1 197270341
22 1 566838457
25 1 103958663
3 1 263837376
11 1 67721453
20 1 651662906
11 1 231123503
8 1 562565655
37 1 940206003
25 1 151785841
49 1 729370613
33 1 480799784
23 1 873289647
48 1 441150682
37 1 984320525
48 1 308216486
41 1 553243670
48 1 344337446
13 1 92710150
40 1 153495086
2 1 706380993
3 1 785062544
27 1 278407833
2 1 250186578
38 1 959483632
21 1 171198578
30 1 328771259
3 1 738680973
22 1 807586500
30 1 199457483
28 1 545215334
14 1 982897743
20 1 599355460
4 1 157228292
37 1 321280281
6 1 242595227
27 1 322489834
12 1 924361694
43 1 618358916
41 1 217593067
16 1 223046739
23 1 808355353
26 1 48958374
20 1 784076016
6 1 24228488
4 1 605966803
32 1 124577201
40 1 954988775
28 1 450037344
25 1 113290354
7 1 56193609
49 1 308044393
4 1 329110338
23 1 518068565
19 1 881835657
46 1 91852227
42 1 777692531
36 1 789050843
35 1 714308853
30 1 893888662
1 1 802552627
12 1 202081496
5 1 905526187
49 1 471967507
12 1 477239650
11 1 79786343
5 1 909250102
21 1 584253375
6 1 221161192
20 1 302367849
35 1 380716840
15 1 393089293
35 1 230761235
5 1 16128278
19 1 831168075
5 1 120813340
40 1 328774316
47 1 869876745
32 1 114288013
47 1 414565030
42 1 566200853
43 1 124678530
10 1 759413758
38 1 720254803
20 1 641257212
6 1 124729272
14 1 124514567
18 1 113064624
17 1 919126725
18 1 241335040
11 1 254903745
47 1 155048227
42 1 392234663
30 1 906001287
25 1 194522277
44 1 142000137
11 1 555780138
49 1 456134541
22 1 950261819
21 1 460589886
19 1 147543742
42 1 176020300
36 1 39778580
32 1 853492863
16 1 601020780
30 1 423604425
14 1 615336352
24 1 989290277
15 1 967010917
35 1 967206609
37 1 153196958
37 1 38077628
33 1 92071430
4 1 942825658
22 1 449905443
28 1 308537720
27 1 896372802
14 1 217411617
7 1 962655205
10 1 427687178
9 1 425543903
18 1 126766232
9 1 149124456
29 1 350641703
19 1 45130499
5 1 900183893
7 1 781172691
6 1 970108310
17 1 50280391
50 1 142385845
8 1 39092073
16 1 457017073
8 1 171546986
1 1 350402477
50 1 658535597
15 1 857559042
23 1 456469596
40 1 149129312
20 1 950942942
36 1 992030026
46 1 683335283
10 1 116950723
37 1 74817611
20 1 502071689
41 1 42339139
11 1 170384883
26 1 531050586
39 1 561456509
6 1 725899514
9 1 735871376
14 1 19059705
29 1 180431880
22 1 404939540
48 1 135840465
17 1 496709911
36 1 547540321
2 1 981163102
23 1 452079462
34 1 85249601
1 1 919464029
42 1 875471837
29 1 304823978
47 1 847201282
4 1 871755084
28 1 29988039
31 1 343227713
26 1 141110813
8 1 476815081
33 1 243055382
4 1 481129937
48 1 87776759
43 1 88946549
38 1 262196588
7 1 383194353
46 1 955192085
4 1 677472714
36 1 670455425
50 1 83474800
42 1 761931457
10 1 230004885
16 1 534243420
3 1 304129156
15 1 698379727
49 1 681462705
3 1 499116095
38 1 258985070
1 1 688988524
32 1 206977738
48 1 532501690
47 1 814269253
46 1 292155944
3 1 191425771
1 1 383174149
16 1 777191238
27 1 997817108
7 1 805293118
19 1 914706699
42 1 434405457
27 1 488784324
13 1 61661902
8 1 338690871
12 1 994837255
47 1 603614924
42 1 890892644
15 1 657369789
31 1 257590001
34 1 172019422
35 1 142274809
33 1 60161254
28 1 870464603
22 1 26834282
44 1 499483183
9 1 121611307
46 1 298471857
46 1 819114853
15 1 286350517
18 1 45063384
30 1 454924197
18 1 844531994
32 1 119917451
23 1 109207442
3 1 847192579
32 1 82161816
29 1 643485293
44 1 334022037
35 1 537721494
22 1 786222300
11 1 107269602
12 1 483708349
31 1 382934095
3 1 522632191
35 1 616639229
41 1 930742617
6 1 140223059
46 1 625172960
13 1 786920723
29 1 633590205
41 1 969208254
43 1 516862768
44 1 123464498
48 1 568327383
5 1 954182381
15 1 579335387
4 1 80601791
11 1 476039600
25 1 192659356
6 1 178702848
8 1 999100373
44 1 129403345
33 1 682034802
39 1 88992027
42 1 398282927
41 1 193259039
37 1 165391522
45 1 148092327
9 1 956899920
8 1 163797821
19 1 674423426
27 1 137935784
7 1 970777433
11 1 161785655
35 1 465569538
23 1 506874895
19 1 726661690
29 1 529321999
46 1 651369633
7 1 26193599
6 1 912747003
18 1 363876003
33 1 969385937
24 1 355420448
32 1 285093434
12 1 151164433
19 1 131167834
13 1 945989685
15 1 80644849
23 1 137685994
20 1 712144269
48 1 892816618
26 1 526895268
21 1 134890499
5 1 119053398
31 1 618548569
6 1 88847660
47 1 177861325
10 1 847412388
49 1 167778725
11 1 172515567
33 1 900464870
7 1 787224865
18 1 117253428
27 1 404563054
18 1 838389153
43 1 568869642
16 1 280653026
9 1 653587635
23 1 736209102
38 1 40370404
20 1 166511048
25 1 111620137
30 1 109201292
50 1 156559197
37 1 864800512
35 1 404389726
8 1 535528260
12 1 386840255
26 1 637723712
44 1 167153328
15 1 821023393
1 1 89561583
6 1 532582145
9 1 945105298
4 1 524689692
34 1 558066583
23 1 451109151
5 1 193539540
47 1 457802778
20 1 873499141
24 1 610909371
35 1 473384076
48 1 698353927
27 1 521134059
33 1 619723598
12 1 545341671
12 1 156323226
39 1 18496875
50 1 894618521
42 1 173051249
15 1 158434448
39 1 863633917
19 1 599907239
18 1 464493898
29 1 951056817
27 1 880775155
4 1 727840882
26 1 734579863
37 1 594774901
37 1 111617067
22 1 138402862
20 1 147029293
46 1 833310304
8 1 586233918
19 1 502222690
25 1 162925878
14 1 46056166
7 1 425204242
44 1 111078254
49 1 240184199
8 1 742054365
23 1 887148859
26 1 554000961
30 1 143138470
30 1 820423530
41 1 95553372
7 1 361802773
22 1 257972748
45 1 126744008
40 1 125414406
47 1 162583195
4 1 968446518
13 1 736966322
43 1 361867492
43 1 618194669
37 1 420841319
11 1 947005101
44 1 78244121
16 1 834254392
50 1 177649487
3 1 617495085
18 1 96855620
48 1 567044772
9 1 525169748
48 1 649694451
26 1 773136393
33 1 998357381
24 1 828361215
30 1 239778694
38 1 397068610
3 1 662087007
9 1 203954835
44 1 55884391
37 1 615604178
37 1 566305003
44 1 447980260
28 1 82036644
17 1 861972149
9 1 351275276
7 1 763812392
23 1 103110811
10 1 181652829
4 1 613003631
21 1 843276430
8 1 430973741
48 1 167356474
1772
13 1 741812572
8 1 725772263
25 1 95406819
46 1 434198094
12 1 66409135
27 1 648470260
48 1 891979589
24 1 106215719
48 1 620932503
28 1 41167505
27 1 158977438
13 1 132825673
34 1 461358585
33 1 255757666
43 1 172838098
41 1 584022169
21 1 58703044
8 1 703056726
25 1 980280614
45 1 227139054
12 1 234735111
38 1 21245082
25 1 862088432
4 1 349283867
13 1 578332531
47 1 107019284
9 1 85929423
30 1 373149278
25 1 640489268
43 1 478278759
26 1 384225462
46 1 795553858
26 1 360481270
35 1 515653679
25 1 263610427
33 1 984316556
9 1 309861481
11 1 286973489
43 1 926848070
40 1 219928106
24 1 74900438
1 1 227935884
13 1 75486138
34 1 322913839
42 1 780910178
21 1 645330198
41 1 159583063
33 1 929579895
14 1 867536259
26 1 24968771
42 1 938519026
13 1 667863733
34 1 309741189
32 1 14960830
25 1 966918607
48 1 702299549
41 1 835240112
29 1 94661022
49 1 361772849
12 1 565748631
18 1 95945694
24 1 67706579
37 1 39988965
45 1 632482627
23 1 421976619
23 1 665205773
32 1 235538852
33 1 397070896
40 1 51726867
2 1 78977583
22 1 709058764
12 1 121015133
28 1 155834198
29 1 564839998
33 1 176772194
33 1 471286147
2 1 739418824
11 1 735295699
42 1 903037990
31 1 211982501
49 1 58436582
20 1 929152144
13 1 304699677
24 1 281646991
4 1 643494610
40 1 147187652
11 1 562842479
44 1 705400097
15 1 147100412
5 1 584152637
28 1 314327799
13 1 333163874
31 1 196982602
5 1 781109106
43 1 310848914
47 1 453114702
6 1 695433112
31 1 60751664
39 1 532992284
48 1 397086472
48 1 138615960
39 1 36810648
4 1 141743323
21 1 448000192
17 1 501528705
28 1 290989740
8 1 378945119
9 1 994325280
33 1 44056187
39 1 213638571
37 1 937481611
40 1 101377460
12 1 971929977
45 1 111661111
39 1 166622906
41 1 950408819
39 1 552893745
7 1 953328885
47 1 447358752
1 1 378590696
22 1 964669754
30 1 144162960
4 1 340491344
15 1 928460463
31 1 442558344
14 1 852808076
31 1 542968520
45 1 357695095
29 1 853758724
46 1 412772364
19 1 578570104
5 1 993452046
43 1 122158456
7 1 92040519
31 1 214512262
27 1 272256021
4 1 906050386
6 1 622793126
45 1 87692044
48 1 888475218
33 1 558544532
39 1 412048668
40 1 374033470
43 1 357205951
10 1 135673152
22 1 865397603
10 1 618106779
39 1 36057885
23 1 324904662
37 1 365870979
20 1 839558303
10 1 750239453
32 1 109446550
19 1 124617455
38 1 321936845
26 1 91663927
14 1 722347383
15 1 385993462
21 1 603925256
10 1 520592932
7 1 976565633
22 1 622091111
45 1 531183170
40 1 802752514
49 1 106687525
27 1 172724844
4 1 335933447
31 1 970571424
18 1 183388855
33 1 681855822
30 1 216936810
41 1 751219716
18 1 67318301
34 1 966140975
32 1 602123785
46 1 516235969
26 1 235867826
40 1 574105019
28 1 130705436
20 1 287149993
16 1 240835477
13 1 183104964
3 1 512641704
34 1 785344010
27 1 174469504
24 1 30163532
20 1 373542894
31 1 46188078
29 1 556084879
34 1 55287982
14 1 805713006
1 1 74519355
42 1 372685615
28 1 922062556
43 1 942317089
5 1 266189860
10 1 801424580
45 1 857905947
3 1 263350507
49 1 209509448
22 1 358878718
10 1 559046665
47 1 484532317
49 1 250068365
39 1 14122843
8 1 416420726
49 1 975150700
27 1 739611176
35 1 609636673
16 1 951717033
37 1 817675082
18 1 158039255
2 1 116697688
48 1 709736964
12 1 433265664
30 1 362936864
37 1 344961194
46 1 481509605
3 1 288240129
30 1 816625821
12 1 294115843
3 1 84112949
36 1 879094825
13 1 987398003
41 1 622623826
36 1 557120300
46 1 703647667
16 1 621824398
47 1 120707089
4 1 71982516
11 1 478974245
11 1 354162013
16 1 501109042
11 1 13061642
28 1 190659639
36 1 120592000
7 1 238029697
9 1 776582494
34 1 211940193
33 1 230565016
36 1 902813465
20 1 289474993
46 1 477940037
27 1 425173845
39 1 883910758
16 1 837576880
35 1 90547203
2 1 407380371
1 1 532003033
21 1 377727812
19 1 172187861
46 1 810843771
17 1 444586440
23 1 15731265
16 1 33783740
12 1 398566192
5 1 565491640
24 1 843860673
32 1 104068089
14 1 919344275
6 1 723783273
31 1 721359995
2 1 305150736
8 1 131543052
13 1 41580164
7 1 622267440
24 1 64046981
46 1 581607351
49 1 876250286
14 1 155431152
44 1 49443199
35 1 739986234
10 1 457779595
30 1 382415540
50 1 701888591
16 1 425320554
1 1 720699517
35 1 950906709
46 1 618141601
33 1 616783164
26 1 742105872
36 1 897700459
17 1 342842266
9 1 637028075
50 1 57833625
28 1 285923333
17 1 66334855
45 1 49990500
39 1 28024702
12 1 775879411
39 1 248490154
20 1 809733248
12 1 704813858
32 1 314839976
44 1 182596883
25 1 615732168
40 1 54581428
18 1 13463984
47 1 544136209
50 1 714634015
30 1 470384786
12 1 617259163
22 1 974450120
25 1 259060332
7 1 44199976
4 1 385351641
20 1 96686375
3 1 738761690
24 1 655269723
25 1 116800126
34 1 149020591
14 1 240735746
42 1 327847293
32 1 78438303
34 1 297577529
44 1 773432011
49 1 276301306
1 1 939435266
31 1 855305821
32 1 714592663
34 1 399844087
10 1 386901470
43 1 297788246
47 1 503813500
9 1 131314097
35 1 49928716
2 1 223450798
47 1 146225753
26 1 148984963
45 1 908431876
47 1 499463208
25 1 449356664
1 1 765160786
35 1 239279469
19 1 937702150
47 1 675182473
32 1 821539614
48 1 844080631
11 1 31191616
11 1 93058680
38 1 76079853
43 1 880643024
10 1 247762837
11 1 219488866
21 1 715081894
20 1 428612959
15 1 887252059
6 1 116764341
22 1 890471832
13 1 417695237
19 1 933384220
28 1 110983187
42 1 168938446
25 1 572044864
32 1 348328708
6 1 86286405
45 1 794622449
6 1 510138031
28 1 116280631
20 1 637635102
24 1 305775191
2 1 826057933
19 1 855204074
38 1 689444479
31 1 944033095
24 1 199122385
15 1 829241954
28 1 502737134
11 1 742021578
1 1 540098562
50 1 57369461
42 1 979789021
10 1 19538433
26 1 739104657
17 1 683747450
4 1 764236323
14 1 211064789
11 1 78819701
34 1 460630654
40 1 263758600
34 1 138599941
26 1 34976198
5 1 501945196
45 1 899883406
35 1 201676820
41 1 268862160
1 1 940651073
19 1 912777488
36 1 670537331
10 1 907013016
14 1 681784168
34 1 26016618
33 1 782839411
44 1 676866864
17 1 471665671
25 1 617525697
26 1 730851345
17 1 12350860
9 1 634663225
24 1 438767912
3 1 753395399
17 1 127451537
23 1 307676444
25 1 602617815
35 1 571898646
9 1 566528941
48 1 366134511
34 1 93972184
23 1 990818875
50 1 41640623
5 1 872420760
31 1 175667536
13 1 524060721
24 1 760632929
15 1 794553572
7 1 163087156
1 1 744180966
20 1 59149371
12 1 784397245
30 1 773694404
27 1 408064499
26 1 821898761
29 1 812028779
7 1 896677023
13 1 946731106
24 1 840375203
48 1 961141215
8 1 262469436
22 1 789649613
25 1 748326172
43 1 276644291
25 1 289228232
35 1 89046440
1 1 98655190
14 1 85690139
8 1 808212487
17 1 851508200
45 1 964068483
30 1 473205861
48 1 880293212
22 1 722689343
7 1 889607902
10 1 112047527
6 1 961777731
5 1 669979006
31 1 74067411
35 1 851136761
30 1 277403295
10 1 211568281
40 1 629717851
23 1 592225638
37 1 933113671
50 1 737088364
40 1 619708590
31 1 487167392
35 1 332802949
21 1 744112100
21 1 854757749
28 1 980016653
25 1 999640331
28 1 943870347
2 1 26081362
36 1 639488079
31 1 598773976
26 1 163433972
33 1 30082206
27 1 209097243
24 1 994238596
20 1 857997199
10 1 679146453
23 1 780600598
2 1 176270565
48 1 106724818
21 1 527768900
15 1 45956828
5 1 126743104
43 1 144971016
49 1 203433311
30 1 717525861
10 1 96627777
33 1 988951857
37 1 101992358
24 1 682095009
23 1 161007754
40 1 17587461
10 1 305191712
26 1 996708900
21 1 903102045
31 1 362237804
10 1 201932520
23 1 678095238
9 1 316050804
21 1 152429011
28 1 115427156
6 1 540440564
18 1 695455803
16 1 12751251
43 1 496106981
44 1 638821544
50 1 295222655
25 1 429521217
19 1 335819821
24 1 224040274
1 1 310462993
25 1 788399457
20 1 429932348
14 1 410287975
49 1 493476831
19 1 461923162
4 1 181786882
46 1 578731596
25 1 138687222
42 1 931422856
5 1 995250898
3 1 604328402
23 1 138359668
22 1 616737226
44 1 863534005
34 1 715509032
2 1 493357901
35 1 983642640
44 1 364984635
34 1 106279452
19 1 582793422
39 1 669833427
48 1 52497346
17 1 40300988
32 1 881888878
24 1 196523240
32 1 511159774
10 1 349587526
46 1 139115312
9 1 558419353
10 1 839971131
34 1 780883680
2 1 494085048
19 1 748894729
4 1 522123120
36 1 743310900
15 1 727695187
17 1 634729031
14 1 994450157
47 1 334063440
12 1 57234654
49 1 24825470
41 1 812727908
23 1 81130068
20 1 745560371
22 1 670032485
39 1 939498266
33 1 685180890
13 1 448179675
37 1 924145039
4 1 368817012
14 1 190938873
25 1 861736619
17 1 540415550
1 1 586690027
26 1 412758930
18 1 485011287
50 1 160935398
36 1 453342705
41 1 224870372
6 1 254107727
11 1 143404949
38 1 647260557
4 1 469070950
15 1 131039226
15 1 424555004
50 1 266950723
14 1 150821498
25 1 242435525
31 1 873949460
3 1 53645036
19 1 781090756
11 1 886611085
38 1 212348851
21 1 33651662
1 1 965892293
44 1 363179790
48 1 476882326
50 1 271270164
16 1 527333911
23 1 661726955
26 1 985840847
18 1 828744068
3 1 946259189
34 1 441578066
47 1 584067015
43 1 149639416
9 1 187881378
34 1 155047560
2 1 472019798
36 1 847156882
33 1 497721248
19 1 447593415
4 1 681813766
18 1 739508456
44 1 879045620
34 1 481150469
37 1 539074292
26 1 43630831
15 1 194530068
24 1 153624309
3 1 374374852
39 1 791848773
35 1 663812900
47 1 173807603
38 1 571840561
17 1 473377097
19 1 988793641
4 1 255899713
43 1 815932484
14 1 992546156
14 1 535642400
14 1 700612447
37 1 498692780
49 1 182138413
45 1 139815891
4 1 119443437
26 1 33250518
31 1 527225395
7 1 326787723
8 1 73324013
46 1 445585279
37 1 953811737
22 1 33811646
1 1 85058161
24 1 183630248
4 1 700125482
6 1 434793207
45 1 397775194
43 1 142027827
5 1 123587137
15 1 437305438
7 1 419365948
28 1 568454080
47 1 165141269
26 1 168554447
42 1 535108675
50 1 894637267
1 1 73769306
49 1 668799042
20 1 710844038
37 1 209117068
12 1 847401632
35 1 529120174
46 1 753037028
26 1 21592859
1 1 643756315
39 1 583395849
1 1 797435303
31 1 107710212
2 1 534972601
13 1 733174474
50 1 793470380
46 1 783875749
1 1 139460972
42 1 163379472
34 1 757173001
17 1 517704740
38 1 656667312
24 1 840142495
7 1 740464202
35 1 905603150
6 1 297987411
21 1 240498521
46 1 330666721
37 1 138352507
37 1 765753226
39 1 998153899
44 1 649774896
21 1 106733601
31 1 99412157
23 1 401735146
7 1 18886757
45 1 864027398
14 1 861319310
28 1 971065461
3 1 890584340
2 1 100399759
16 1 357993169
38 1 671388640
12 1 115315259
1 1 576074437
22 1 735029905
15 1 362271161
9 1 466598708
33 1 631109213
21 1 147264383
49 1 934631944
17 1 158878407
5 1 308388617
44 1 154983896
50 1 416635917
11 1 980743071
17 1 549181169
24 1 529131153
41 1 43959402
34 1 176206921
47 1 639993904
50 1 661642051
34 1 480979392
48 1 156245973
6 1 602215269
34 1 379276016
46 1 586358949
6 1 986071705
16 1 24067278
23 1 147127454
35 1 809811356
10 1 84467024
45 1 361644993
19 1 552020871
10 1 53095330
6 1 618797289
17 1 38202785
29 1 24947698
45 1 789699919
31 1 573234539
48 1 892701600
14 1 638470412
30 1 740453065
1 1 219894485
1 1 994962313
13 1 41122488
20 1 628574924
23 1 674573521
44 1 990729298
33 1 665794306
1 1 402698117
29 1 40031862
50 1 17600197
21 1 202346855
20 1 983774217
5 1 682807706
19 1 768966342
31 1 940932316
18 1 715568272
23 1 201624133
12 1 347413198
14 1 78681444
42 1 212125843
42 1 230482401
37 1 962370301
44 1 246874457
13 1 946108523
32 1 624252800
41 1 489647443
47 1 482274001
28 1 667775689
2 1 165776294
37 1 437517172
35 1 499656319
37 1 557938658
38 1 871329398
49 1 677081947
42 1 625242580
33 1 699022073
9 1 705496420
37 1 396096732
1 1 144741649
34 1 676847190
25 1 764949620
1 1 532129990
43 1 349615677
32 1 238307957
28 1 468993288
39 1 567332041
21 1 591415503
19 1 512860629
49 1 695224308
34 1 840593209
2 1 807115121
13 1 283844623
29 1 710099927
39 1 566199009
33 1 161506494
7 1 129749589
2 1 142251738
30 1 99549656
3 1 665795020
20 1 42164494
8 1 706871078
30 1 178608667
41 1 833855163
13 1 539129628
48 1 801321260
39 1 717686259
6 1 48907967
40 1 876562264
46 1 744773236
37 1 835395195
4 1 742718450
13 1 753143335
50 1 156959949
2 1 479334134
1 1 945824139
4 1 545854750
43 1 296130154
14 1 501520322
17 1 666723702
32 1 819415291
11 1 879620250
44 1 887073252
50 1 170185101
9 1 154484990
20 1 31317585
41 1 686305757
47 1 616745278
16 1 882400195
42 1 231177516
7 1 292809772
33 1 420485949
32 1 348400019
12 1 293281763
36 1 130481523
18 1 768247523
20 1 584946969
15 1 863243205
40 1 80581651
15 1 732352977
15 1 23505060
16 1 356297715
26 1 352770111
16 1 930773768
35 1 566773560
41 1 916285230
46 1 316542650
44 1 599474798
23 1 127710263
46 1 226102478
11 1 978594096
17 1 331362044
25 1 109026834
18 1 924730877
19 1 110071339
37 1 869515005
22 1 422745373
44 1 466118986
50 1 253442491
48 1 979532898
49 1 323872780
36 1 301966709
37 1 163158912
11 1 876123185
29 1 973977624
1 1 872286523
40 1 454375057
15 1 349924818
39 1 441755417
37 1 858589818
25 1 316342379
43 1 328664115
31 1 434518840
6 1 748551780
20 1 593495754
26 1 51915895
2 1 382614673
39 1 920990501
32 1 845075366
12 1 782066553
43 1 414234882
21 1 676223732
50 1 67757434
41 1 505159193
30 1 104524419
44 1 302295803
17 1 110397195
20 1 484090745
46 1 958009504
22 1 569928041
4 1 217101960
17 1 501232623
28 1 314152247
4 1 466495074
24 1 367949064
27 1 79930052
13 1 790345220
10 1 863250828
2 1 276273720
11 1 882922054
13 1 585422009
38 1 669591175
22 1 646645470
22 1 287106709
39 1 575932193
5 1 816243112
35 1 983953711
48 1 519999410
32 1 171207516
3 1 222243368
3 1 14158920
1 1 928019656
23 1 643694929
30 1 594971989
3 1 698312142
24 1 352691758
35 1 385075203
9 1 712924136
46 1 624289678
46 1 424373979
9 1 558113018
26 1 27073652
45 1 743161728
41 1 791147461
31 1 475977029
11 1 23935891
6 1 38629961
21 1 121454936
40 1 175286265
47 1 947152414
14 1 687252878
3 1 137786779
40 1 254700591
26 1 765986608
1 1 61704800
26 1 69916128
22 1 84697909
17 1 58597724
19 1 209770885
45 1 654910025
35 1 108556516
49 1 801837980
13 1 934336643
10 1 815482516
14 1 740478119
43 1 881105458
34 1 570366439
24 1 305531568
46 1 419089624
26 1 445242588
21 1 176385722
43 1 700215557
46 1 45685990
18 1 911319873
15 1 58232524
19 1 350237077
20 1 307373410
14 1 469120009
14 1 133649937
1 1 135695193
20 1 177147176
34 1 224368499
49 1 640495269
36 1 890732581
42 1 661622426
2 1 430078515
22 1 23297328
3 1 151070405
27 1 352221308
6 1 59520026
21 1 374672843
20 1 489021117
4 1 168647693
17 1 212090494
17 1 970914153
21 1 474826926
8 1 297706585
24 1 121467674
47 1 952841584
8 1 538773827
1 1 782666594
25 1 730062198
22 1 434230974
32 1 51834792
46 1 77021272
31 1 240883092
8 1 971236382
7 1 235735378
17 1 42377576
40 1 103117833
26 1 497470694
17 1 825127726
27 1 988390651
40 1 771959100
32 1 956663107
31 1 934884357
8 1 836495773
39 1 979367595
47 1 713039874
37 1 250875482
6 1 87183133
5 1 131984964
4 1 671424998
26 1 640096893
31 1 778091596
20 1 947976609
25 1 475078884
42 1 935478960
21 1 91877444
38 1 405860162
31 1 31884540
30 1 246845609
39 1 127405158
40 1 89139002
37 1 515630073
13 1 366862007
21 1 391679015
1 1 378362328
22 1 869234245
21 1 301018387
12 1 483496173
2 1 886205165
9 1 552211877
8 1 531927032
19 1 788212731
17 1 177704293
7 1 579152391
39 1 375753682
21 1 984131376
17 1 53979046
17 1 812725234
21 1 768799131
45 1 260936369
25 1 430038946
14 1 480041583
3 1 298973882
42 1 44037511
2 1 463745912
42 1 13174307
17 1 989359005
33 1 23061631
2 1 598605117
19 1 666148365
4 1 591229161
49 1 546094549
8 1 641503043
5 1 295983872
44 1 356173442
43 1 812246767
23 1 602399588
46 1 298156197
21 1 391930167
7 1 53561920
5 1 37382585
48 1 920724060
36 1 788854361
38 1 173233371
19 1 445297979
18 1 546997861
2 1 48055642
15 1 222148723
17 1 684163555
21 1 759056693
9 1 854559792
18 1 754667899
41 1 660000234
16 1 393162170
22 1 549590959
24 1 787559958
12 1 862739732
37 1 69725313
44 1 348307209
29 1 628892591
49 1 142979656
2 1 807596796
13 1 476004812
40 1 635104863
7 1 232009618
9 1 485342534
22 1 537451687
15 1 273709286
6 1 670023631
12 1 188810293
1 1 676132833
48 1 411975273
6 1 183078023
39 1 74414663
36 1 490424860
18 1 684910109
48 1 991947671
37 1 989038725
38 1 787599015
10 1 464077458
40 1 331106633
37 1 298260644
16 1 138429451
11 1 530753854
4 1 220226280
6 1 13000385
9 1 586846224
26 1 994215217
48 1 897712297
32 1 383945463
2 1 185252657
17 1 670790628
25 1 968655805
11 1 686568801
15 1 307259211
46 1 197185894
38 1 88270918
33 1 17660440
6 1 942951549
22 1 480129729
49 1 223622269
39 1 74565971
39 1 660476147
27 1 438092684
4 1 665629464
19 1 579868019
46 1 653366378
13 1 328691538
49 1 504779347
44 1 477892439
16 1 859940336
25 1 587126430
23 1 970144109
38 1 153244647
23 1 28792495
12 1 140057311
18 1 987979193
19 1 154743276
25 1 443866177
43 1 995000210
48 1 434405536
3 1 355628631
42 1 810124716
21 1 608971160
32 1 670599686
16 1 329196850
28 1 540740458
19 1 168781985
43 1 800869688
49 1 934277841
22 1 102009128
44 1 759333832
39 1 997709551
10 1 649937754
11 1 813749522
31 1 178156947
26 1 654108535
46 1 173271658
35 1 94836967
17 1 526927713
47 1 711831428
35 1 721043477
6 1 328476637
10 1 596343151
27 1 375059982
19 1 723837043
3 1 173865002
34 1 555900900
20 1 758648313
50 1 557415711
19 1 490801896
38 1 803350477
18 1 100757435
35 1 754494921
50 1 125039065
4 1 134966948
5 1 510512727
19 1 40785568
23 1 375891156
27 1 102348679
21 1 420241098
38 1 749322245
45 1 201462411
30 1 561806258
40 1 330758887
28 1 905702573
14 1 358626001
23 1 314817970
5 1 394892592
49 1 717597253
19 1 45424926
19 1 135525287
34 1 758821223
43 1 509538370
2 1 170632361
16 1 732695706
45 1 341382123
20 1 938746023
49 1 286486383
46 1 426660411
41 1 200747946
3 1 797437911
25 1 604620071
50 1 298771020
38 1 352910104
15 1 59617752
5 1 443122164
13 1 63248530
23 1 255164633
22 1 130281185
41 1 295954659
42 1 17526626
50 1 74783504
13 1 886812425
7 1 752334857
20 1 299675295
19 1 404613012
42 1 89452691
47 1 161721777
15 1 829614901
17 1 686278850
38 1 78328576
22 1 549574617
12 1 112313064
21 1 717591347
16 1 447926153
39 1 988922191
37 1 520002436
39 1 715734139
48 1 818310530
23 1 128929324
41 1 33296404
1 1 644710384
37 1 538990369
44 1 908624154
24 1 403675868
43 1 344217693
29 1 108352398
40 1 129561600
26 1 349802036
45 1 404008736
25 1 929231830
21 1 606127635
7 1 757474929
22 1 615897247
14 1 636179279
42 1 771352212
13 1 282152807
11 1 288367088
6 1 283608746
30 1 161504044
48 1 324914868
2 1 923057220
37 1 930122720
11 1 728043642
50 1 211328114
42 1 251700176
44 1 837202493
30 1 100121633
28 1 799229454
23 1 847057350
46 1 421391566
20 1 21240483
18 1 911774564
46 1 37340758
45 1 309520250
28 1 236500630
27 1 754049165
12 1 365141098
26 1 207630629
14 1 958269527
30 1 631608939
3 1 626427799
32 1 142890657
38 1 464796347
38 1 243531609
6 1 142396375
49 1 472293168
34 1 817294613
45 1 604147461
37 1 493210894
24 1 754294601
8 1 283357735
7 1 911248834
26 1 669981087
13 1 901322102
29 1 941942062
26 1 732292931
9 1 136516302
13 1 869794382
14 1 759985891
7 1 338169183
24 1 933345775
30 1 66270146
12 1 557062845
17 1 155038181
50 1 818830953
23 1 432220048
36 1 613103693
13 1 830407574
10 1 375080725
30 1 750876435
33 1 518783889
37 1 356008341
20 1 867257238
35 1 15537765
48 1 437758595
11 1 818781496
49 1 363412813
4 1 915970672
2 1 441970703
21 1 316914030
35 1 67566111
12 1 790424315
28 1 171300639
25 1 119823593
39 1 697546327
45 1 894583484
43 1 711047914
23 1 869304619
17 1 92666213
32 1 389778167
38 1 212867049
48 1 668315189
8 1 607070574
50 1 586537587
45 1 882641902
26 1 641444459
25 1 507707817
47 1 852358718
33 1 449864650
44 1 913629665
32 1 69201324
9 1 418492575
25 1 543648744
13 1 17430412
32 1 549818281
24 1 108804095
33 1 330939444
8 1 500611093
23 1 509804917
27 1 439747182
15 1 836268549
40 1 48402751
13 1 513734565
18 1 317551519
30 1 967409103
50 1 841180867
38 1 67050578
36 1 962325770
29 1 729115891
21 1 695550994
48 1 485672298
32 1 143827006
17 1 408272135
5 1 40260988
15 1 633073593
32 1 844910004
32 1 440837667
46 1 811896339
10 1 447641058
46 1 174756414
49 1 181946663
27 1 101015570
9 1 597044127
46 1 86916635
27 1 587761120
10 1 628021495
43 1 751438525
24 1 723623044
31 1 992677982
8 1 21871992
6 1 922656878
40 1 924984901
11 1 606601633
47 1 272040587
49 1 664059805
11 1 15042645
17 1 309799481
44 1 814514043
33 1 152073139
30 1 30790830
48 1 221264921
18 1 712627621
30 1 508325636
38 1 533682245
26 1 142978508
8 1 759049103
4 1 974242196
49 1 703918899
4 1 678997570
35 1 94677152
16 1 71703200
20 1 432801066
2 1 978357646
9 1 653689136
33 1 371779200
37 1 971098184
44 1 12594999
15 1 647564380
32 1 970850470
44 1 501937934
1 1 174162160
31 1 108610342
16 1 135619582
41 1 660945723
35 1 87991401
12 1 827449576
16 1 796911437
39 1 907240873
25 1 349359657
45 1 91190712
44 1 86071022
28 1 883676016
46 1 664909654
27 1 132560728
6 1 970118770
42 1 777822961
44 1 803294430
12 1 211993869
42 1 992194229
20 1 841624076
33 1 577983610
19 1 844977399
11 1 513008252
48 1 64936370
32 1 790009457
15 1 847779477
44 1 848753120
38 1 75736077
2 1 208849876
21 1 576815059
19 1 671262604
33 1 738501298
16 1 92016344
19 1 659884320
31 1 558109700
43 1 381696212
27 1 96890435
2 1 342369908
35 1 151575273
2 1 892796259
1 1 272121841
33 1 211980095
8 1 510780559
17 1 417267711
14 1 628948526
6 1 554312566
19 1 177103851
29 1 198858785
24 1 669522852
29 1 882282499
11 1 95021725
43 1 818773484
22 1 611730184
25 1 205925742
16 1 785796749
15 1 799161311
6 1 982168698
39 1 468724717
14 1 680342569
29 1 656723050
20 1 687963694
50 1 155850491
20 1 118129085
6 1 63683131
20 1 689342330
34 1 383100574
8 1 869925300
8 1 673793783
50 1 720878987
19 1 673067459
37 1 516177426
1 1 170182090
42 1 741908171
30 1 692055607
36 1 925415347
38 1 108989205
3 1 41932679
32 1 602229147
21 1 844131499
21 1 442368206
44 1 435149860
4 1 949111910
24 1 102827180
20 1 318914460
27 1 764067766
3 1 623800592
42 1 244346858
15 1 308960076
7 1 272347917
38 1 121498712
50 1 543479648
50 1 777074929
39 1 375033691
42 1 792628089
14 1 513960539
38 1 304157465
20 1 632010078
19 1 802036991
29 1 36764650
42 1 376716952
28 1 820894639
28 1 104257496
3 1 907107405
42 1 901313923
3 1 236345048
34 1 134354231
10 1 808971774
37 1 558881368
32 1 907981760
33 1 367834584
40 1 362579271
21 1 263153638
35 1 10834214
20 1 11476582
28 1 951484316
39 1 526524006
31 1 763170794
14 1 41048568
2 1 509202956
49 1 541188688
45 1 129103546
41 1 23933758
46 1 735626466
38 1 534918781
28 1 93455452
26 1 930077123
40 1 142200661
49 1 158547947
25 1 82606133
32 1 860298773
10 1 26623734
23 1 311456080
44 1 300792470
27 1 823948553
11 1 426706925
33 1 133472505
8 1 421377048
30 1 535843558
28 1 990102092
4 1 571229714
13 1 779581942
7 1 248562200
21 1 663422378
31 1 891077056
7 1 72078663
29 1 722118235
36 1 52648939
42 1 429964484
1 1 687259111
50 1 715139809
50 1 257055680
21 1 75971586
39 1 557742431
12 1 553204944
15 1 391972132
6 1 879750101
47 1 67075296
26 1 377447343
39 1 993569285
20 1 247413715
27 1 203785227
22 1 431775383
31 1 615020511
12 1 129664447
4 1 351587002
29 1 387075970
10 1 243550782
33 1 75809485
11 1 346215917
14 1 594246967
34 1 762036487
43 1 380801790
47 1 903117686
41 1 131057734
25 1 205119310
12 1 107348873
47 1 217664639
36 1 315385828
33 1 282733167
21 1 902511444
1 1 235623024
6 1 85175221
43 1 561981247
6 1 635037111
19 1 280233056
27 1 681016514
41 1 749289399
28 1 613568352
15 1 285087969
50 1 769519303
20 1 489677052
5 1 154865197
30 1 694569555
5 1 759503154
2 1 521117868
29 1 175478380
36 1 533666601
23 1 977167110
38 1 494411514
6 1 179611968
27 1 656240187
32 1 443554218
39 1 688791967
40 1 237191862
32 1 544500286
42 1 22124081
47 1 755969574
17 1 101627738
49 1 375719480
48 1 107395615
45 1 768445267
47 1 399401916
33 1 159513374
3 1 709462932
5 1 246332316
49 1 277988486
25 1 607772629
36 1 242251311
3 1 344524671
11 1 143046078
4 1 716338450
39 1 627352891
22 1 544735342
17 1 617519258
47 1 234172853
33 1 561821495
20 1 721950108
12 1 959877196
21 1 205096936
12 1 309812201
12 1 93786160
23 1 37544943
18 1 144812899
48 1 359896190
15 1 146698595
31 1 90016878
26 1 966314668
17 1 799384483
33 1 507948211
24 1 220766426
11 1 50169471
20 1 216759058
32 1 963438061
39 1 124603266
33 1 659598668
47 1 507209238
20 1 880461440
44 1 979414940
40 1 874493398
34 1 297508294
46 1 134692525
31 1 83012193
34 1 392428996
18 1 708796822
24 1 851066777
50 1 98931881
30 1 266344733
23 1 363975640
40 1 457902968
33 1 599637809
28 1 941204377
36 1 29972696
43 1 467807084
3 1 361870716
40 1 810346380
13 1 95539219
29 1 594970008
38 1 426088621
5 1 485809649
44 1 12582153
22 1 241979053
31 1 311293326
28 1 969285210
40 1 98261443
18 1 261382623
2 1 970580671
45 1 783384850
37 1 10264150
34 1 691060459
9 1 846924448
32 1 434759722
47 1 451093134
22 1 181686358
48 1 963008785
25 1 996196661
40 1 678188068
41 1 499063668
25 1 199160149
39 1 624989349
8 1 862207682
8 1 836422715
24 1 657846505
36 1 170038724
13 1 957664254
34 1 472264443
31 1 967329102
15 1 895506165
4 1 148700445
32 1 924971689
13 1 664837826
46 1 174677684
47 1 546904376
15 1 416155215
19 1 19843211
6 1 360300747
42 1 166105277
10 1 561579637
4 1 60273366
2 1 62688100
3 1 122320828
22 1 298038727
40 1 73994768
44 1 223336772
19 1 921106888
36 1 261284280
38 1 859968478
13 1 229400033
40 1 783393245
41 1 146957421
23 1 39745514
46 1 747690957
6 1 366975203
48 1 821582844
47 1 583274136
9 1 699611701
9 1 75201043
37 1 777284809
23 1 629064141
3 1 423696282
18 1 461748270
29 1 419882059
48 1 455333324
14 1 593502487
37 1 707622896
4 1 584226510
11 1 385909779
12 1 338154647
19 1 255220338
47 1 505392785
39 1 828207328
32 1 937569624
28 1 57640278
6 1 112456499
21 1 683358657
44 1 500145028
35 1 97393455
42 1 878153601
7 1 788398674
12 1 483342220
20 1 622348982
16 1 827114591
22 1 794920210
38 1 71107445
35 1 226015874
15 1 213922135
44 1 730437828
18 1 172087679
13 1 454627733
11 1 58239415
44 1 323850141
36 1 504272623
25 1 156205617
32 1 79333826
3 1 708739938
28 1 280532955
16 1 272164118
30 1 354946624
42 1 344067491
43 1 601328873
26 1 15151388
32 1 861311803
13 1 98675238
34 1 80977046
37 1 692530329
44 1 351403502
4 1 747630813
26 1 532279568
17 1 863704646
6 1 338565741
45 1 155311248
23 1 394868810
29 1 866543517
44 1 225541230
43 1 126517293
27 1 787125206
33 1 886235587
43 1 825676545
13 1 385533857
31 1 670991147
26 1 133593369
13 1 507878816
43 1 364390035
36 1 981001891
19 1 19824014
31 1 171192968
