13
20 1 9848
33 1 11113
33 1 11397
43 1 5486
19 1 10018
37 1 8534
43 1 7616
43 1 5394
13 1 11453
44 1 11120
29 1 11057
46 1 9023
20 1 11984
1805
9 1 845
4 1 355
6 1 818
7 1 307
9 1 354
9 1 593
10 1 650
3 1 962
5 1 273
8 1 873
1 1 420
7 1 948
4 1 668
1 1 708
6 1 616
7 1 594
9 1 201
7 1 768
3 1 802
7 1 504
4 1 547
6 1 456
4 1 977
1 1 709
7 1 528
9 1 549
10 1 278
3 1 741
2 1 698
3 1 689
3 1 709
2 1 563
3 1 395
4 1 972
9 1 250
8 1 736
1 1 402
4 1 529
9 1 587
2 1 995
6 1 782
7 1 273
2 1 489
5 1 682
5 1 592
2 1 734
8 1 950
7 1 584
7 1 877
2 1 584
4 1 756
9 1 405
9 1 922
10 1 861
5 1 845
5 1 735
1 1 928
10 1 264
2 1 974
10 1 976
1 1 1000
5 1 220
8 1 391
7 1 972
2 1 283
2 1 670
9 1 266
4 1 968
6 1 539
4 1 556
10 1 423
5 1 278
4 1 987
6 1 563
5 1 694
7 1 480
5 1 334
6 1 257
2 1 489
10 1 948
4 1 756
4 1 418
9 1 529
10 1 958
6 1 808
8 1 522
5 1 606
6 1 453
4 1 464
9 1 375
1 1 294
1 1 305
10 1 541
2 1 332
4 1 800
4 1 586
1 1 444
4 1 531
1 1 277
8 1 947
2 1 853
8 1 884
3 1 704
4 1 563
1 1 958
2 1 832
4 1 797
9 1 330
2 1 430
4 1 394
2 1 638
5 1 683
10 1 223
5 1 265
3 1 384
9 1 925
9 1 588
2 1 629
5 1 525
6 1 894
3 1 595
5 1 571
1 1 451
2 1 801
5 1 635
7 1 654
8 1 523
6 1 472
4 1 842
5 1 455
9 1 971
3 1 570
2 1 785
3 1 346
4 1 873
10 1 285
6 1 332
6 1 322
6 1 436
8 1 213
10 1 868
6 1 797
4 1 977
6 1 609
2 1 356
4 1 249
10 1 960
4 1 273
7 1 729
4 1 431
7 1 427
4 1 633
10 1 625
5 1 808
9 1 352
6 1 255
10 1 929
9 1 906
3 1 229
4 1 325
5 1 229
1 1 601
6 1 966
1 1 992
9 1 916
9 1 692
4 1 949
9 1 354
9 1 315
8 1 758
7 1 429
8 1 608
5 1 684
8 1 943
2 1 509
4 1 674
7 1 751
6 1 590
3 1 505
5 1 623
1 1 274
5 1 677
8 1 801
3 1 363
4 1 205
6 1 962
9 1 653
7 1 998
7 1 876
6 1 271
2 1 457
3 1 359
8 1 323
1 1 776
4 1 263
2 1 730
3 1 324
10 1 227
7 1 596
4 1 255
2 1 690
3 1 438
3 1 401
2 1 272
4 1 955
5 1 342
9 1 872
2 1 408
8 1 325
6 1 926
2 1 219
10 1 847
3 1 403
5 1 940
1 1 850
1 1 419
3 1 223
4 1 774
4 1 526
4 1 488
4 1 219
3 1 889
4 1 457
3 1 940
9 1 331
7 1 417
5 1 707
7 1 744
4 1 734
4 1 577
9 1 303
2 1 499
5 1 603
8 1 631
5 1 437
5 1 493
6 1 795
1 1 216
2 1 810
1 1 831
8 1 705
10 1 980
1 1 266
3 1 838
1 1 905
9 1 769
10 1 740
7 1 424
7 1 674
1 1 665
1 1 424
2 1 679
6 1 382
3 1 285
3 1 621
2 1 668
6 1 247
1 1 819
10 1 903
5 1 744
5 1 310
3 1 405
6 1 477
4 1 932
3 1 582
1 1 852
4 1 823
2 1 435
7 1 887
2 1 521
8 1 642
5 1 245
5 1 380
1 1 277
9 1 520
9 1 863
9 1 221
4 1 974
5 1 386
8 1 356
10 1 255
7 1 234
5 1 856
2 1 797
10 1 708
9 1 433
5 1 875
2 1 949
5 1 419
3 1 411
8 1 633
8 1 866
8 1 205
8 1 260
3 1 399
10 1 245
5 1 847
1 1 335
2 1 473
8 1 415
5 1 942
3 1 976
3 1 280
3 1 663
5 1 269
8 1 233
2 1 929
7 1 474
2 1 312
9 1 453
6 1 435
5 1 356
10 1 551
2 1 470
2 1 240
9 1 454
2 1 928
7 1 531
7 1 345
3 1 748
7 1 288
8 1 470
2 1 432
8 1 402
5 1 417
2 1 954
2 1 935
1 1 918
4 1 665
10 1 470
4 1 480
8 1 295
3 1 308
6 1 399
8 1 990
7 1 433
1 1 890
2 1 579
6 1 979
8 1 616
4 1 738
4 1 252
10 1 899
2 1 889
5 1 379
9 1 479
3 1 232
5 1 557
8 1 506
1 1 292
5 1 581
4 1 503
2 1 215
7 1 381
7 1 274
1 1 938
2 1 489
2 1 481
9 1 234
6 1 660
1 1 948
9 1 371
9 1 757
4 1 670
10 1 247
4 1 455
9 1 261
1 1 575
6 1 527
7 1 906
5 1 238
5 1 848
3 1 724
8 1 858
8 1 969
6 1 456
3 1 997
8 1 888
4 1 235
8 1 754
5 1 326
4 1 694
3 1 248
3 1 778
6 1 463
2 1 613
10 1 500
4 1 306
3 1 828
1 1 344
6 1 926
6 1 388
9 1 682
1 1 899
3 1 659
4 1 453
8 1 699
6 1 291
8 1 703
9 1 370
7 1 861
5 1 560
4 1 371
8 1 392
3 1 408
1 1 713
6 1 866
1 1 665
8 1 952
2 1 776
8 1 591
8 1 624
3 1 353
6 1 948
7 1 234
10 1 211
9 1 614
5 1 789
5 1 886
3 1 424
8 1 598
8 1 806
7 1 791
5 1 633
9 1 879
6 1 752
7 1 223
4 1 469
5 1 356
8 1 721
6 1 873
10 1 463
7 1 298
7 1 670
10 1 718
3 1 920
2 1 950
7 1 856
2 1 934
4 1 775
7 1 256
10 1 261
6 1 657
7 1 896
8 1 751
6 1 715
5 1 912
7 1 926
10 1 269
8 1 393
6 1 764
4 1 546
9 1 266
8 1 779
5 1 941
10 1 201
7 1 777
7 1 886
8 1 211
6 1 962
3 1 363
6 1 661
6 1 573
6 1 337
7 1 514
1 1 745
8 1 310
2 1 613
5 1 630
8 1 564
9 1 614
4 1 747
7 1 849
5 1 709
6 1 293
6 1 952
6 1 568
7 1 277
7 1 651
9 1 502
9 1 593
1 1 416
10 1 746
1 1 611
9 1 325
6 1 841
10 1 392
5 1 388
2 1 338
9 1 349
6 1 385
4 1 685
8 1 643
3 1 989
9 1 726
2 1 898
5 1 325
7 1 220
4 1 350
1 1 668
5 1 504
1 1 960
5 1 924
7 1 679
5 1 294
4 1 589
7 1 679
7 1 355
3 1 506
3 1 463
8 1 552
10 1 351
9 1 398
4 1 938
1 1 487
3 1 248
7 1 389
4 1 513
1 1 788
2 1 894
5 1 460
6 1 466
3 1 505
3 1 939
4 1 852
10 1 271
7 1 800
6 1 518
6 1 357
8 1 473
10 1 602
5 1 773
10 1 474
6 1 988
1 1 919
2 1 835
5 1 885
6 1 898
2 1 316
5 1 206
9 1 716
5 1 369
9 1 553
4 1 623
6 1 820
6 1 308
9 1 893
2 1 438
10 1 836
10 1 933
1 1 631
5 1 545
9 1 324
10 1 526
10 1 370
1 1 907
6 1 976
7 1 228
1 1 229
6 1 527
3 1 910
1 1 909
8 1 255
8 1 858
6 1 821
7 1 631
8 1 522
6 1 940
3 1 825
10 1 913
5 1 668
10 1 742
9 1 611
9 1 886
3 1 682
2 1 436
3 1 707
5 1 572
1 1 329
5 1 811
9 1 734
5 1 881
3 1 305
2 1 526
8 1 276
9 1 519
6 1 493
10 1 357
3 1 250
10 1 946
8 1 708
10 1 520
8 1 868
8 1 339
2 1 656
8 1 271
8 1 834
9 1 414
6 1 395
3 1 215
10 1 365
10 1 499
2 1 979
8 1 827
6 1 497
9 1 435
7 1 276
6 1 713
7 1 468
9 1 582
9 1 904
2 1 822
8 1 702
8 1 436
10 1 925
6 1 516
8 1 336
6 1 894
7 1 310
2 1 972
4 1 605
8 1 892
6 1 452
5 1 963
10 1 644
8 1 772
8 1 391
8 1 921
10 1 202
4 1 701
6 1 495
1 1 805
8 1 778
7 1 483
10 1 733
5 1 463
6 1 371
2 1 404
1 1 251
10 1 270
2 1 284
1 1 783
4 1 469
9 1 220
9 1 535
3 1 293
2 1 820
8 1 891
5 1 242
2 1 426
6 1 974
8 1 693
9 1 531
1 1 352
7 1 925
9 1 457
5 1 968
5 1 553
1 1 238
8 1 267
7 1 419
5 1 690
9 1 926
7 1 452
9 1 506
8 1 475
2 1 743
7 1 500
2 1 945
5 1 989
4 1 883
6 1 409
5 1 735
3 1 859
4 1 394
3 1 488
2 1 646
4 1 954
1 1 717
8 1 728
6 1 905
4 1 505
4 1 792
8 1 317
4 1 229
1 1 885
8 1 323
8 1 677
5 1 768
7 1 885
1 1 988
8 1 417
5 1 533
4 1 255
2 1 957
9 1 775
8 1 247
9 1 315
10 1 951
5 1 290
5 1 701
6 1 371
3 1 331
3 1 768
8 1 432
2 1 356
3 1 623
9 1 850
7 1 539
5 1 480
6 1 997
5 1 792
1 1 355
2 1 601
1 1 721
7 1 941
9 1 363
1 1 323
8 1 712
6 1 637
2 1 280
3 1 686
10 1 287
3 1 758
9 1 766
2 1 382
2 1 485
2 1 356
6 1 939
5 1 791
4 1 625
9 1 949
2 1 646
7 1 469
4 1 861
6 1 862
2 1 319
4 1 225
1 1 312
3 1 955
4 1 914
2 1 796
7 1 554
8 1 503
10 1 217
7 1 914
8 1 473
9 1 665
1 1 816
8 1 416
8 1 860
10 1 904
7 1 356
1 1 879
8 1 528
5 1 698
2 1 458
4 1 607
8 1 994
1 1 907
6 1 238
2 1 794
2 1 307
2 1 726
7 1 943
2 1 207
6 1 374
3 1 535
3 1 242
4 1 644
7 1 567
10 1 214
9 1 720
2 1 991
7 1 839
2 1 215
8 1 997
2 1 381
7 1 298
3 1 647
2 1 437
2 1 203
4 1 471
8 1 355
6 1 590
7 1 976
9 1 538
7 1 295
9 1 262
7 1 236
2 1 534
9 1 822
2 1 648
6 1 528
6 1 262
2 1 825
7 1 824
3 1 859
5 1 482
1 1 743
1 1 603
7 1 989
1 1 689
2 1 420
4 1 858
6 1 448
7 1 418
5 1 391
5 1 523
2 1 552
9 1 246
3 1 819
6 1 440
4 1 294
5 1 224
7 1 435
5 1 880
9 1 500
5 1 396
1 1 456
6 1 1000
6 1 849
3 1 431
6 1 834
10 1 750
1 1 210
10 1 707
7 1 480
6 1 589
7 1 830
4 1 740
8 1 363
9 1 626
5 1 334
3 1 773
3 1 622
4 1 663
10 1 230
8 1 659
2 1 326
6 1 848
7 1 901
1 1 891
4 1 850
8 1 372
8 1 406
4 1 747
4 1 812
8 1 652
8 1 439
1 1 616
2 1 825
3 1 814
3 1 743
7 1 755
7 1 882
8 1 542
8 1 366
5 1 530
10 1 206
5 1 722
4 1 234
4 1 578
8 1 454
7 1 933
1 1 513
6 1 534
6 1 412
3 1 830
1 1 945
9 1 388
2 1 220
3 1 264
1 1 597
1 1 395
8 1 381
7 1 673
8 1 807
4 1 975
1 1 663
10 1 553
9 1 513
9 1 298
5 1 338
1 1 345
3 1 699
9 1 912
5 1 968
1 1 353
7 1 534
4 1 305
9 1 341
5 1 370
2 1 618
1 1 264
6 1 583
4 1 563
2 1 428
5 1 340
6 1 360
8 1 998
7 1 954
3 1 433
4 1 773
10 1 309
5 1 638
2 1 386
2 1 275
3 1 630
5 1 222
6 1 552
6 1 610
10 1 694
3 1 700
8 1 649
3 1 266
6 1 342
3 1 268
8 1 946
6 1 687
3 1 786
4 1 840
3 1 515
4 1 869
5 1 755
10 1 430
1 1 881
10 1 600
10 1 251
9 1 999
4 1 820
2 1 793
7 1 787
6 1 232
8 1 663
4 1 420
3 1 636
5 1 633
9 1 633
9 1 891
10 1 948
7 1 355
2 1 698
2 1 856
6 1 780
8 1 900
4 1 413
7 1 985
3 1 440
10 1 527
6 1 377
7 1 827
4 1 212
3 1 408
4 1 688
9 1 975
4 1 525
4 1 334
5 1 343
6 1 322
6 1 521
6 1 690
7 1 468
6 1 249
7 1 571
5 1 377
7 1 883
8 1 808
10 1 505
9 1 755
8 1 454
1 1 942
6 1 543
4 1 372
1 1 698
4 1 621
9 1 987
9 1 337
7 1 720
3 1 891
3 1 374
5 1 742
10 1 931
2 1 799
4 1 558
10 1 968
6 1 729
5 1 991
7 1 287
8 1 480
3 1 347
4 1 734
5 1 682
5 1 848
9 1 296
5 1 359
8 1 658
9 1 374
9 1 622
10 1 283
3 1 362
1 1 747
6 1 853
4 1 477
3 1 435
2 1 832
5 1 801
3 1 304
8 1 648
4 1 826
4 1 598
4 1 712
2 1 569
7 1 420
3 1 891
5 1 487
1 1 432
7 1 366
5 1 396
4 1 432
9 1 820
6 1 878
3 1 900
1 1 668
10 1 569
3 1 685
1 1 775
8 1 823
9 1 369
5 1 544
5 1 821
9 1 462
1 1 347
6 1 957
4 1 984
5 1 308
5 1 905
4 1 697
7 1 905
4 1 672
4 1 400
4 1 335
6 1 430
7 1 563
2 1 752
2 1 974
2 1 842
3 1 389
1 1 971
10 1 669
5 1 715
1 1 212
10 1 836
8 1 769
2 1 522
1 1 686
3 1 495
6 1 763
9 1 645
8 1 718
7 1 567
5 1 968
7 1 647
9 1 420
6 1 605
7 1 729
2 1 755
7 1 312
4 1 224
9 1 722
5 1 485
2 1 590
7 1 342
8 1 271
3 1 881
8 1 526
7 1 638
10 1 701
2 1 640
7 1 293
6 1 529
10 1 545
9 1 906
4 1 512
1 1 571
3 1 929
1 1 558
2 1 270
7 1 757
7 1 992
1 1 978
6 1 569
9 1 859
6 1 299
7 1 905
5 1 477
3 1 352
2 1 620
1 1 271
1 1 998
1 1 400
4 1 629
1 1 409
10 1 288
2 1 312
8 1 509
2 1 861
1 1 472
2 1 548
8 1 531
6 1 810
4 1 405
9 1 771
6 1 697
9 1 730
1 1 500
6 1 923
6 1 552
10 1 324
5 1 859
4 1 856
7 1 226
8 1 494
1 1 383
3 1 873
3 1 357
8 1 493
9 1 813
3 1 463
3 1 599
5 1 742
9 1 527
1 1 764
1 1 856
9 1 850
9 1 651
9 1 720
3 1 601
4 1 428
2 1 557
1 1 651
1 1 378
7 1 424
9 1 380
7 1 347
5 1 691
8 1 609
2 1 561
2 1 933
10 1 263
5 1 960
3 1 852
9 1 814
8 1 786
8 1 243
1 1 291
10 1 729
10 1 363
6 1 257
2 1 919
7 1 604
10 1 606
2 1 592
6 1 651
5 1 732
7 1 635
5 1 291
6 1 986
2 1 312
5 1 538
5 1 643
1 1 799
2 1 846
10 1 667
8 1 239
3 1 532
2 1 716
4 1 416
1 1 710
1 1 705
1 1 919
9 1 324
8 1 267
5 1 999
5 1 268
5 1 843
8 1 450
5 1 900
8 1 949
1 1 342
1 1 729
2 1 483
1 1 270
7 1 684
3 1 311
6 1 530
4 1 516
10 1 311
3 1 871
10 1 511
6 1 572
8 1 842
7 1 565
7 1 758
3 1 776
1 1 590
3 1 549
9 1 912
2 1 912
3 1 984
3 1 784
2 1 909
3 1 994
8 1 364
2 1 468
10 1 933
2 1 307
6 1 842
3 1 761
3 1 771
9 1 351
5 1 804
1 1 711
4 1 905
10 1 983
4 1 720
1 1 790
9 1 704
3 1 681
5 1 531
10 1 381
8 1 998
3 1 325
6 1 981
5 1 259
1 1 793
6 1 460
4 1 992
10 1 942
7 1 975
2 1 771
6 1 858
10 1 400
5 1 311
4 1 829
7 1 908
3 1 749
10 1 729
6 1 721
3 1 907
2 1 271
2 1 796
4 1 213
9 1 879
8 1 217
10 1 701
4 1 824
4 1 988
4 1 773
2 1 528
9 1 895
2 1 586
2 1 347
8 1 610
3 1 404
8 1 323
3 1 236
2 1 741
7 1 402
3 1 570
5 1 1000
8 1 658
9 1 692
5 1 895
7 1 576
2 1 661
6 1 478
2 1 699
1 1 528
10 1 330
7 1 392
7 1 694
7 1 363
7 1 928
8 1 374
2 1 825
3 1 661
8 1 849
7 1 369
2 1 771
4 1 496
3 1 234
2 1 796
7 1 436
6 1 719
9 1 843
1 1 465
6 1 935
6 1 846
8 1 712
3 1 406
7 1 673
6 1 268
3 1 522
5 1 213
6 1 601
2 1 218
4 1 994
7 1 212
1 1 395
9 1 447
8 1 722
10 1 610
5 1 633
9 1 456
7 1 233
5 1 262
3 1 253
10 1 851
7 1 903
9 1 373
9 1 818
1 1 301
1 1 240
7 1 424
9 1 933
2 1 694
7 1 527
6 1 897
6 1 381
7 1 633
1 1 801
4 1 675
9 1 925
6 1 803
1 1 451
3 1 526
2 1 902
9 1 976
6 1 625
9 1 763
4 1 383
4 1 885
8 1 232
9 1 874
1 1 440
8 1 627
1 1 763
2 1 297
2 1 714
7 1 998
6 1 686
3 1 624
5 1 519
2 1 517
7 1 769
3 1 636
2 1 740
8 1 567
2 1 659
10 1 426
7 1 541
2 1 679
2 1 204
1 1 491
6 1 882
5 1 238
10 1 815
5 1 665
3 1 748
7 1 309
4 1 285
10 1 893
7 1 775
5 1 825
5 1 850
8 1 877
2 1 834
8 1 335
9 1 742
1 1 769
4 1 724
1 1 852
1 1 967
6 1 651
10 1 366
8 1 393
8 1 650
4 1 904
2 1 341
3 1 594
4 1 698
6 1 838
6 1 842
1 1 898
6 1 264
8 1 592
3 1 888
9 1 380
10 1 473
2 1 701
1 1 312
3 1 536
2 1 229
10 1 446
6 1 219
7 1 510
3 1 650
6 1 782
1 1 537
9 1 834
2 1 428
2 1 792
8 1 866
6 1 963
6 1 966
4 1 482
1 1 862
6 1 921
4 1 284
2 1 602
1 1 622
1 1 492
8 1 647
2 1 292
1 1 852
10 1 560
9 1 313
10 1 775
8 1 400
9 1 306
9 1 307
10 1 623
1 1 298
2 1 781
7 1 544
1 1 222
9 1 781
5 1 388
10 1 373
4 1 569
7 1 613
2 1 998
5 1 688
3 1 246
3 1 944
10 1 418
1 1 833
2 1 271
6 1 831
4 1 219
4 1 403
6 1 337
1 1 402
7 1 422
5 1 899
9 1 889
1 1 321
3 1 734
8 1 877
6 1 498
6 1 927
3 1 638
7 1 982
1 1 412
10 1 541
7 1 567
7 1 935
8 1 937
10 1 927
7 1 436
2 1 469
7 1 234
2 1 322
5 1 740
2 1 813
10 1 758
5 1 367
10 1 707
7 1 831
1 1 295
5 1 650
5 1 542
6 1 635
7 1 480
9 1 667
6 1 957
2 1 348
8 1 798
10 1 605
5 1 704
5 1 924
3 1 264
7 1 201
2 1 539
8 1 417
1 1 957
2 1 651
2 1 625
7 1 574
10 1 387
5 1 915
1 1 680
9 1 723
4 1 538
7 1 312
3 1 335
5 1 905
1 1 796
9 1 788
2 1 579
7 1 304
3 1 217
4 1 389
1 1 260
6 1 648
7 1 934
6 1 677
1 1 264
7 1 602
2 1 682
1 1 851
10 1 701
4 1 564
8 1 894
4 1 926
3 1 827
4 1 298
1 1 355
8 1 573
2 1 303
9 1 400
9 1 642
10 1 617
9 1 290
9 1 530
9 1 538
7 1 962
4 1 581
2 1 919
5 1 276
6 1 761
5 1 961
3 1 851
2 1 593
5 1 621
10 1 578
7 1 994
7 1 667
8 1 791
1 1 574
10 1 593
3 1 675
8 1 681
6 1 338
10 1 975
4 1 448
10 1 380
4 1 232
1 1 870
4 1 381
10 1 217
9 1 445
2 1 797
6 1 620
8 1 853
8 1 668
10 1 892
7 1 232
9 1 433
3 1 517
2 1 297
4 1 346
2 1 297
10 1 436
9 1 549
9 1 683
10 1 844
1 1 998
10 1 1000
1 1 369
2 1 323
9 1 475
7 1 942
7 1 417
6 1 999
10 1 899
5 1 547
3 1 556
9 1 992
8 1 232
9 1 732
2 1 242
3 1 467
2 1 743
9 1 234
9 1 298
5 1 900
4 1 355
1 1 462
8 1 804
5 1 479
2 1 407
9 1 443
4 1 362
8 1 529
5 1 931
6 1 595
10 1 674
5 1 203
8 1 743
8 1 623
3 1 928
9 1 776
5 1 521
7 1 997
6 1 248
10 1 597
6 1 624
10 1 242
6 1 482
4 1 373
1 1 641
3 1 525
4 1 503
7 1 620
6 1 813
5 1 914
5 1 622
1 1 462
4 1 875
10 1 880
4 1 928
7 1 650
10 1 437
8 1 609
4 1 866
7 1 506
3 1 531
2 1 347
9 1 270
7 1 888
4 1 472
1 1 334
5 1 348
5 1 734
1 1 879
1 1 961
10 1 965
8 1 901
10 1 742
6 1 584
8 1 225
2 1 333
2 1 245
7 1 285
6 1 601
5 1 646
1 1 345
8 1 380
2 1 425
7 1 663
8 1 215
3 1 290
1 1 425
3 1 331
3 1 734
9 1 981
2 1 480
10 1 874
4 1 403
1 1 894
1 1 590
2 1 912
2 1 984
1 1 300
9 1 947
4 1 879
8 1 556
9 1 642
2 1 666
6 1 751
2 1 257
7 1 411
5 1 258
8 1 387
1 1 470
1 1 540
8 1 617
4 1 514
7 1 528
3 1 788
8 1 735
7 1 255
4 1 656
10 1 217
1 1 408
2 1 505
7 1 358
10 1 537
8 1 845
1 1 750
5 1 943
2 1 659
5 1 599
3 1 456
7 1 872
9 1 789
6 1 896
1 1 315
4 1 632
2 1 415
2 1 979
5 1 719
5 1 684
9 1 399
3 1 677
3 1 464
8 1 606
4 1 954
9 1 313
3 1 730
10 1 827
1 1 271
6 1 665
5 1 701
8 1 885
2 1 430
1 1 671
2 1 894
7 1 608
3 1 686
1 1 643
4 1 820
1 1 281
2 1 720
2 1 432
7 1 817
4 1 234
7 1 608
5 1 883
3 1 497
6 1 758
6 1 606
8 1 700
6 1 598
8 1 740
9 1 827
6 1 202
7 1 500
10 1 914
10 1 608
6 1 829
2 1 437
1 1 917
7 1 495
4 1 576
2 1 485
1 1 890
7 1 699
7 1 686
5 1 537
7 1 230
7 1 427
5 1 252
10 1 442
4 1 204
7 1 459
7 1 895
2 1 938
3 1 396
4 1 954
5 1 228
9 1 407
7 1 833
6 1 928
3 1 346
2 1 562
7 1 794
9 1 305
4 1 241
1 1 754
1 1 970
5 1 810
3 1 838
5 1 766
4 1 360
6 1 803
6 1 401
3 1 1000
10 1 897
3 1 886
6 1 667
3 1 444
6 1 674
3 1 480
9 1 767
6 1 374
6 1 312
5 1 432
10 1 503
7 1 962
6 1 284
10 1 491
2 1 385
