2000
46 1 16
46 1 12
41 1 6
43 1 13
43 1 16
47 1 16
43 1 2
40 1 14
50 1 14
42 1 12
50 1 3
45 1 1
41 1 3
48 1 6
46 1 18
47 1 17
48 1 18
41 1 6
44 1 13
43 1 2
46 1 9
45 1 14
45 1 14
47 1 2
41 1 3
45 1 8
42 1 13
48 1 13
42 1 3
40 1 18
48 1 19
48 1 11
47 1 9
41 1 16
49 1 8
45 1 8
48 1 1
47 1 13
50 1 6
40 1 8
50 1 7
43 1 5
50 1 6
44 1 19
44 1 9
47 1 10
48 1 14
48 1 7
44 1 6
44 1 19
40 1 18
40 1 4
47 1 16
41 1 8
42 1 6
50 1 9
40 1 4
42 1 10
43 1 4
45 1 7
48 1 11
42 1 13
50 1 5
46 1 6
44 1 20
46 1 10
45 1 16
43 1 12
41 1 10
42 1 9
43 1 6
49 1 6
43 1 5
49 1 2
46 1 6
43 1 4
50 1 5
40 1 11
49 1 14
46 1 13
48 1 11
49 1 18
46 1 7
41 1 18
43 1 19
48 1 8
49 1 3
40 1 14
47 1 9
41 1 1
41 1 3
41 1 14
43 1 4
49 1 12
49 1 10
45 1 6
40 1 14
41 1 18
42 1 3
45 1 6
41 1 14
48 1 2
43 1 11
43 1 4
49 1 12
45 1 1
42 1 19
45 1 14
44 1 15
41 1 9
40 1 16
45 1 9
49 1 1
41 1 1
49 1 18
49 1 4
48 1 5
48 1 15
40 1 7
46 1 8
41 1 8
43 1 13
44 1 13
44 1 12
50 1 15
43 1 19
42 1 7
46 1 16
46 1 6
43 1 20
46 1 14
45 1 20
45 1 20
47 1 14
46 1 5
47 1 3
48 1 17
45 1 6
48 1 9
44 1 3
40 1 11
46 1 8
49 1 4
47 1 20
49 1 1
49 1 7
43 1 2
44 1 9
42 1 9
47 1 12
46 1 9
49 1 2
44 1 3
47 1 11
40 1 20
48 1 12
44 1 7
47 1 19
50 1 14
45 1 6
50 1 2
45 1 1
44 1 17
42 1 14
41 1 11
41 1 6
46 1 9
46 1 12
41 1 13
43 1 15
40 1 13
49 1 19
42 1 9
41 1 11
46 1 15
42 1 4
48 1 6
49 1 7
40 1 16
48 1 8
42 1 12
46 1 1
48 1 20
46 1 8
47 1 12
45 1 6
50 1 8
42 1 1
46 1 5
48 1 9
50 1 18
44 1 13
40 1 3
42 1 4
44 1 8
47 1 14
49 1 17
41 1 2
41 1 19
40 1 5
43 1 15
40 1 8
45 1 19
45 1 5
45 1 17
44 1 4
42 1 15
50 1 4
40 1 10
42 1 15
49 1 13
46 1 19
42 1 11
47 1 6
45 1 12
43 1 6
43 1 13
41 1 15
40 1 13
45 1 4
41 1 19
48 1 11
44 1 2
41 1 18
44 1 1
43 1 4
48 1 7
44 1 3
49 1 2
46 1 10
48 1 18
40 1 7
44 1 3
42 1 14
50 1 9
47 1 2
44 1 11
49 1 10
46 1 12
44 1 18
45 1 19
45 1 4
44 1 7
41 1 15
47 1 15
40 1 12
48 1 4
40 1 8
40 1 7
50 1 16
40 1 11
42 1 3
40 1 11
42 1 11
49 1 5
42 1 1
49 1 11
47 1 2
40 1 16
43 1 13
49 1 20
40 1 7
44 1 2
49 1 9
40 1 15
45 1 19
50 1 11
49 1 18
47 1 16
44 1 17
41 1 9
40 1 16
49 1 4
46 1 8
41 1 8
49 1 19
47 1 3
48 1 20
42 1 8
46 1 11
50 1 8
45 1 3
49 1 1
49 1 17
48 1 4
47 1 7
44 1 5
45 1 3
49 1 9
50 1 20
40 1 16
47 1 13
40 1 5
50 1 12
49 1 19
49 1 15
49 1 19
44 1 8
41 1 15
45 1 14
49 1 9
46 1 8
49 1 3
40 1 14
41 1 10
48 1 16
46 1 17
47 1 8
49 1 19
46 1 2
45 1 12
48 1 12
48 1 5
40 1 7
44 1 2
40 1 8
49 1 20
44 1 18
47 1 5
45 1 18
43 1 20
44 1 3
49 1 6
42 1 7
42 1 7
43 1 19
48 1 9
42 1 11
43 1 16
40 1 19
47 1 16
41 1 18
50 1 4
47 1 9
45 1 15
44 1 18
45 1 19
42 1 8
47 1 6
49 1 19
50 1 16
45 1 1
47 1 16
45 1 5
42 1 11
44 1 16
42 1 11
44 1 2
47 1 8
49 1 3
44 1 19
50 1 3
41 1 5
44 1 17
43 1 9
40 1 13
44 1 17
47 1 16
49 1 16
48 1 3
44 1 14
41 1 12
46 1 8
48 1 1
41 1 16
49 1 1
44 1 4
46 1 3
46 1 1
47 1 9
49 1 8
44 1 17
44 1 11
49 1 11
43 1 3
47 1 4
43 1 13
41 1 5
48 1 1
46 1 14
41 1 9
49 1 3
41 1 14
50 1 20
49 1 16
49 1 1
43 1 16
50 1 15
45 1 18
48 1 2
47 1 6
45 1 13
41 1 13
43 1 15
44 1 19
48 1 18
43 1 7
50 1 20
50 1 19
42 1 11
46 1 17
44 1 17
42 1 15
42 1 20
40 1 18
43 1 13
46 1 11
44 1 1
43 1 5
46 1 5
48 1 6
45 1 2
45 1 20
45 1 14
48 1 16
43 1 14
46 1 10
48 1 18
45 1 19
44 1 10
43 1 1
44 1 3
42 1 2
46 1 1
43 1 20
50 1 9
44 1 9
45 1 6
44 1 4
42 1 2
47 1 6
49 1 15
49 1 16
43 1 13
40 1 16
41 1 12
48 1 10
44 1 7
40 1 18
45 1 11
48 1 18
44 1 4
45 1 9
43 1 7
43 1 20
42 1 12
46 1 4
44 1 12
44 1 15
48 1 1
40 1 12
42 1 3
43 1 18
49 1 14
49 1 8
45 1 6
45 1 18
43 1 1
42 1 17
43 1 16
41 1 10
41 1 20
42 1 17
44 1 5
48 1 8
48 1 12
42 1 18
47 1 9
42 1 19
40 1 2
43 1 1
45 1 6
45 1 5
46 1 17
50 1 19
48 1 15
48 1 7
50 1 9
47 1 10
43 1 10
40 1 1
43 1 4
44 1 8
48 1 18
40 1 7
41 1 7
41 1 12
42 1 3
41 1 16
42 1 8
43 1 18
43 1 16
45 1 14
48 1 12
47 1 8
43 1 18
40 1 17
47 1 16
49 1 10
48 1 6
49 1 6
46 1 19
48 1 5
49 1 11
40 1 7
44 1 6
44 1 20
50 1 5
40 1 17
40 1 11
41 1 14
44 1 16
42 1 4
40 1 2
43 1 11
43 1 10
40 1 16
41 1 17
40 1 12
45 1 20
49 1 1
40 1 6
40 1 19
43 1 10
42 1 1
40 1 20
50 1 9
41 1 1
41 1 16
48 1 8
43 1 14
46 1 2
42 1 17
47 1 7
41 1 19
45 1 19
40 1 7
45 1 10
48 1 2
41 1 8
46 1 9
48 1 4
42 1 5
41 1 3
50 1 8
44 1 11
42 1 8
46 1 4
47 1 17
48 1 4
50 1 2
48 1 15
45 1 10
46 1 16
46 1 12
50 1 8
49 1 14
43 1 14
40 1 14
45 1 6
47 1 3
48 1 7
41 1 10
50 1 9
50 1 5
40 1 13
48 1 11
40 1 17
43 1 9
45 1 12
41 1 1
46 1 9
41 1 20
48 1 5
46 1 7
43 1 20
42 1 3
48 1 15
45 1 16
43 1 12
50 1 5
50 1 4
50 1 13
40 1 11
45 1 9
46 1 13
47 1 12
48 1 19
40 1 17
46 1 14
48 1 5
42 1 12
40 1 7
44 1 12
41 1 14
47 1 5
46 1 20
40 1 1
42 1 9
47 1 11
42 1 6
42 1 17
41 1 20
46 1 11
46 1 4
41 1 12
47 1 10
49 1 5
43 1 19
45 1 10
42 1 16
46 1 12
41 1 11
48 1 3
42 1 17
47 1 2
48 1 17
50 1 9
48 1 6
49 1 16
46 1 4
48 1 6
46 1 12
45 1 3
46 1 17
44 1 13
46 1 8
46 1 9
47 1 16
46 1 15
45 1 13
45 1 8
48 1 16
49 1 17
49 1 6
47 1 8
46 1 20
40 1 8
50 1 10
43 1 5
50 1 6
47 1 9
44 1 20
48 1 2
48 1 19
41 1 17
45 1 6
43 1 8
49 1 11
49 1 1
40 1 10
46 1 20
43 1 5
48 1 12
46 1 9
40 1 9
41 1 15
44 1 2
49 1 13
40 1 11
45 1 8
42 1 1
41 1 9
40 1 7
49 1 2
42 1 4
45 1 6
48 1 16
43 1 15
46 1 12
43 1 2
48 1 17
43 1 14
45 1 15
44 1 15
45 1 12
50 1 16
47 1 15
44 1 20
41 1 7
42 1 20
46 1 6
40 1 9
48 1 14
48 1 14
41 1 10
44 1 15
45 1 9
48 1 3
43 1 19
49 1 10
43 1 8
44 1 19
42 1 11
43 1 15
47 1 13
44 1 20
50 1 7
43 1 12
46 1 15
42 1 2
50 1 12
42 1 18
45 1 11
48 1 14
49 1 2
40 1 18
49 1 19
42 1 4
47 1 8
44 1 18
42 1 20
49 1 15
41 1 16
40 1 8
41 1 9
43 1 4
48 1 19
49 1 6
43 1 10
41 1 18
46 1 15
44 1 18
47 1 1
50 1 16
46 1 16
44 1 8
40 1 1
44 1 17
45 1 14
44 1 13
47 1 19
45 1 13
47 1 9
48 1 15
42 1 5
42 1 19
45 1 5
49 1 10
42 1 19
45 1 13
40 1 17
44 1 8
50 1 4
42 1 15
48 1 3
45 1 13
43 1 2
46 1 15
46 1 9
47 1 4
40 1 7
48 1 4
43 1 17
41 1 9
45 1 5
47 1 16
41 1 12
45 1 8
42 1 13
46 1 11
49 1 8
47 1 10
42 1 15
47 1 2
42 1 1
49 1 9
46 1 19
48 1 19
41 1 3
47 1 12
50 1 16
46 1 16
46 1 7
47 1 11
42 1 18
44 1 12
47 1 8
44 1 19
44 1 7
50 1 14
49 1 12
44 1 12
40 1 9
49 1 3
45 1 18
46 1 6
43 1 2
48 1 13
47 1 3
47 1 6
42 1 8
48 1 11
44 1 13
50 1 15
46 1 10
44 1 11
50 1 13
50 1 12
47 1 10
48 1 7
40 1 5
50 1 13
41 1 3
46 1 9
48 1 18
50 1 11
41 1 11
41 1 10
44 1 17
45 1 16
42 1 14
45 1 15
43 1 6
43 1 20
45 1 13
42 1 14
44 1 15
40 1 6
48 1 15
48 1 4
41 1 14
45 1 19
46 1 15
47 1 17
42 1 13
48 1 8
43 1 13
49 1 8
46 1 2
41 1 4
50 1 17
50 1 2
46 1 8
46 1 3
43 1 2
42 1 2
49 1 20
42 1 6
50 1 13
48 1 8
43 1 8
49 1 14
44 1 18
47 1 5
49 1 14
41 1 1
40 1 20
45 1 5
49 1 20
46 1 1
45 1 3
50 1 18
43 1 7
50 1 7
45 1 2
46 1 15
50 1 9
44 1 14
50 1 7
43 1 20
47 1 1
44 1 4
40 1 20
43 1 3
44 1 14
45 1 1
46 1 6
47 1 15
50 1 16
40 1 1
49 1 6
50 1 16
42 1 6
46 1 4
46 1 19
48 1 18
49 1 18
47 1 7
42 1 13
41 1 11
45 1 13
47 1 5
42 1 18
48 1 10
44 1 13
48 1 5
45 1 18
49 1 4
44 1 20
49 1 20
50 1 10
49 1 3
40 1 3
41 1 4
49 1 6
47 1 4
40 1 17
48 1 17
47 1 11
47 1 11
50 1 12
49 1 19
48 1 19
47 1 5
43 1 17
44 1 16
41 1 10
42 1 15
49 1 6
41 1 19
44 1 13
48 1 19
49 1 16
43 1 20
42 1 3
41 1 19
45 1 11
47 1 10
41 1 18
48 1 15
47 1 20
48 1 16
48 1 12
47 1 9
41 1 5
49 1 4
50 1 7
49 1 14
47 1 5
43 1 4
40 1 6
45 1 12
50 1 11
43 1 15
48 1 16
46 1 5
43 1 16
41 1 14
45 1 5
46 1 20
43 1 6
41 1 11
46 1 19
47 1 12
49 1 18
48 1 9
45 1 14
46 1 10
50 1 19
44 1 1
42 1 15
49 1 3
50 1 3
40 1 1
43 1 5
48 1 2
42 1 16
49 1 10
46 1 1
45 1 20
40 1 9
40 1 13
50 1 9
46 1 15
48 1 4
42 1 18
45 1 7
48 1 8
40 1 5
42 1 7
50 1 5
41 1 12
49 1 15
43 1 3
40 1 10
46 1 13
42 1 9
48 1 1
49 1 20
47 1 14
45 1 2
48 1 13
47 1 8
45 1 9
47 1 3
44 1 20
47 1 12
49 1 3
50 1 20
48 1 14
46 1 15
41 1 7
48 1 10
44 1 7
42 1 15
44 1 9
41 1 4
41 1 16
47 1 19
46 1 15
40 1 15
40 1 14
49 1 13
40 1 15
49 1 8
44 1 2
41 1 4
45 1 19
44 1 18
47 1 2
45 1 18
41 1 14
45 1 19
44 1 7
41 1 10
44 1 11
42 1 13
42 1 4
50 1 12
49 1 19
44 1 18
41 1 16
50 1 15
43 1 20
41 1 20
45 1 7
49 1 2
44 1 15
44 1 20
41 1 13
41 1 16
47 1 4
46 1 6
49 1 20
46 1 19
44 1 3
50 1 13
49 1 12
46 1 10
40 1 5
47 1 2
42 1 13
45 1 10
50 1 1
40 1 11
47 1 1
48 1 8
45 1 7
48 1 1
42 1 3
47 1 3
46 1 8
41 1 6
49 1 7
46 1 7
41 1 15
40 1 18
40 1 5
47 1 18
44 1 14
48 1 18
47 1 18
50 1 2
43 1 12
50 1 5
46 1 17
40 1 17
43 1 6
49 1 3
48 1 11
48 1 17
46 1 2
42 1 14
48 1 17
46 1 6
41 1 18
48 1 13
40 1 16
47 1 17
43 1 20
45 1 2
48 1 16
43 1 7
45 1 4
41 1 16
43 1 15
40 1 10
47 1 1
48 1 5
48 1 19
50 1 10
45 1 13
42 1 10
40 1 5
45 1 19
45 1 2
43 1 2
40 1 13
41 1 9
45 1 17
44 1 7
45 1 14
41 1 18
46 1 16
46 1 11
48 1 18
47 1 10
49 1 20
48 1 12
48 1 8
50 1 18
50 1 6
48 1 18
49 1 19
44 1 6
47 1 2
49 1 13
50 1 20
46 1 3
40 1 19
42 1 11
44 1 11
41 1 6
42 1 10
48 1 19
46 1 20
41 1 18
49 1 18
48 1 19
40 1 3
48 1 19
43 1 17
49 1 19
41 1 15
48 1 15
47 1 20
47 1 17
48 1 12
42 1 10
44 1 8
47 1 9
45 1 18
40 1 16
45 1 5
47 1 16
43 1 17
48 1 8
50 1 7
49 1 20
47 1 9
41 1 3
46 1 20
47 1 1
48 1 15
48 1 8
42 1 19
46 1 16
46 1 11
43 1 15
44 1 1
48 1 17
43 1 14
47 1 20
44 1 18
42 1 13
50 1 6
43 1 11
41 1 4
50 1 2
46 1 14
50 1 14
45 1 2
43 1 17
50 1 10
44 1 14
46 1 10
42 1 20
49 1 15
50 1 11
42 1 7
46 1 6
48 1 9
43 1 10
45 1 11
50 1 2
49 1 1
42 1 16
47 1 15
43 1 16
48 1 9
41 1 10
48 1 3
41 1 10
47 1 2
50 1 14
50 1 20
47 1 16
47 1 2
45 1 16
49 1 12
44 1 17
45 1 13
46 1 16
46 1 5
44 1 4
45 1 11
40 1 3
46 1 14
49 1 2
45 1 9
50 1 8
50 1 17
48 1 3
43 1 18
40 1 18
41 1 6
46 1 10
45 1 6
44 1 17
44 1 2
50 1 14
44 1 10
50 1 18
43 1 7
45 1 8
44 1 18
50 1 12
46 1 19
46 1 12
50 1 7
45 1 11
45 1 15
47 1 17
47 1 13
49 1 20
40 1 8
49 1 9
45 1 11
42 1 5
49 1 17
48 1 20
46 1 10
45 1 14
49 1 5
48 1 19
49 1 5
50 1 6
43 1 1
49 1 12
40 1 18
42 1 20
43 1 1
46 1 17
49 1 1
46 1 5
41 1 6
45 1 12
49 1 4
46 1 5
42 1 11
40 1 17
44 1 17
46 1 2
44 1 2
40 1 20
48 1 7
44 1 11
44 1 11
46 1 9
48 1 20
48 1 13
45 1 3
45 1 11
50 1 13
45 1 2
45 1 7
50 1 12
49 1 14
50 1 15
43 1 12
47 1 6
49 1 2
45 1 14
47 1 10
49 1 19
47 1 1
48 1 16
43 1 5
48 1 10
42 1 11
40 1 4
44 1 4
45 1 9
42 1 3
41 1 4
47 1 1
40 1 7
46 1 18
48 1 17
42 1 3
44 1 11
49 1 12
45 1 7
49 1 1
50 1 4
46 1 12
48 1 15
42 1 9
42 1 18
48 1 6
46 1 14
44 1 3
40 1 5
45 1 1
48 1 6
41 1 17
45 1 11
41 1 15
47 1 15
44 1 18
50 1 18
43 1 1
45 1 1
48 1 11
49 1 14
48 1 17
40 1 15
50 1 11
50 1 2
41 1 6
40 1 6
45 1 19
41 1 8
41 1 6
44 1 14
40 1 16
50 1 15
46 1 16
43 1 19
43 1 14
41 1 10
41 1 12
46 1 17
42 1 12
50 1 19
50 1 11
47 1 5
41 1 14
50 1 4
43 1 13
44 1 16
50 1 16
43 1 15
46 1 1
40 1 10
49 1 15
44 1 13
45 1 15
41 1 1
47 1 10
40 1 1
41 1 19
42 1 19
47 1 18
49 1 18
42 1 20
48 1 9
42 1 15
40 1 19
49 1 3
45 1 14
41 1 1
43 1 12
47 1 8
42 1 16
45 1 3
41 1 6
48 1 14
40 1 6
41 1 18
50 1 12
46 1 14
44 1 19
49 1 14
44 1 11
48 1 16
50 1 2
42 1 2
41 1 9
48 1 17
50 1 14
44 1 14
50 1 19
46 1 18
44 1 16
50 1 6
47 1 14
42 1 7
44 1 3
47 1 17
41 1 17
45 1 17
44 1 4
49 1 14
40 1 3
45 1 10
40 1 19
46 1 19
41 1 1
45 1 10
50 1 16
43 1 3
44 1 18
47 1 17
42 1 13
48 1 14
45 1 18
44 1 20
47 1 3
50 1 20
41 1 17
45 1 3
42 1 15
40 1 19
47 1 14
47 1 18
42 1 9
46 1 4
48 1 5
42 1 2
49 1 5
48 1 10
44 1 7
40 1 3
41 1 9
50 1 17
49 1 14
41 1 20
40 1 5
43 1 19
40 1 13
46 1 10
47 1 5
45 1 12
50 1 3
40 1 20
44 1 9
44 1 12
46 1 1
42 1 1
43 1 15
40 1 13
44 1 14
45 1 18
48 1 5
45 1 2
45 1 18
47 1 3
47 1 13
42 1 19
41 1 17
42 1 2
40 1 19
40 1 19
47 1 12
44 1 13
40 1 7
40 1 19
44 1 9
47 1 19
48 1 11
41 1 12
46 1 14
43 1 7
45 1 3
49 1 3
48 1 18
40 1 4
40 1 2
44 1 16
43 1 14
42 1 13
44 1 7
50 1 19
46 1 2
44 1 4
43 1 19
49 1 7
50 1 5
47 1 2
49 1 18
44 1 18
48 1 10
40 1 11
42 1 14
40 1 18
46 1 9
50 1 16
41 1 13
42 1 2
48 1 3
46 1 14
43 1 8
45 1 20
46 1 15
50 1 5
40 1 9
40 1 6
50 1 1
42 1 12
50 1 1
41 1 4
45 1 8
49 1 16
50 1 10
45 1 11
43 1 4
42 1 12
42 1 6
43 1 15
47 1 8
49 1 3
47 1 14
44 1 1
49 1 9
40 1 6
47 1 3
43 1 4
45 1 4
50 1 8
46 1 6
43 1 16
48 1 2
47 1 7
44 1 8
42 1 2
50 1 8
49 1 7
50 1 20
44 1 10
50 1 12
48 1 9
50 1 7
46 1 5
44 1 8
45 1 18
47 1 15
50 1 5
48 1 7
43 1 8
50 1 15
43 1 14
41 1 8
45 1 13
41 1 16
45 1 2
41 1 3
44 1 17
42 1 6
42 1 6
45 1 19
48 1 8
42 1 8
40 1 16
47 1 17
42 1 15
48 1 2
44 1 10
48 1 19
44 1 19
49 1 1
42 1 2
43 1 20
44 1 15
50 1 3
42 1 16
46 1 20
41 1 3
48 1 7
49 1 10
46 1 13
45 1 10
45 1 10
43 1 6
41 1 20
41 1 14
43 1 11
45 1 6
46 1 20
42 1 9
42 1 19
41 1 6
49 1 8
49 1 15
44 1 1
43 1 19
41 1 19
50 1 20
50 1 3
40 1 4
48 1 14
40 1 15
46 1 20
48 1 14
42 1 1
42 1 4
44 1 11
41 1 3
41 1 16
48 1 11
42 1 15
41 1 3
42 1 12
43 1 16
47 1 6
41 1 4
45 1 14
49 1 16
45 1 10
47 1 10
49 1 15
50 1 1
44 1 3
45 1 11
48 1 9
44 1 6
40 1 14
46 1 10
49 1 2
40 1 17
42 1 12
41 1 9
42 1 1
41 1 9
43 1 3
40 1 16
48 1 8
50 1 11
45 1 10
50 1 19
49 1 4
49 1 8
43 1 11
43 1 20
47 1 18
43 1 1
40 1 18
40 1 8
41 1 5
48 1 1
48 1 7
49 1 3
43 1 1
45 1 4
41 1 3
44 1 8
41 1 11
48 1 18
42 1 17
45 1 16
49 1 2
40 1 3
45 1 9
45 1 11
49 1 15
43 1 4
46 1 16
49 1 14
46 1 19
41 1 20
44 1 15
50 1 14
49 1 8
42 1 19
43 1 5
42 1 14
44 1 19
43 1 9
40 1 11
50 1 2
45 1 18
44 1 20
43 1 18
43 1 1
42 1 7
49 1 4
46 1 16
40 1 17
49 1 16
44 1 2
49 1 14
48 1 17
45 1 1
47 1 14
47 1 20
40 1 8
42 1 19
43 1 7
43 1 4
42 1 17
44 1 11
42 1 12
42 1 20
49 1 12
49 1 3
50 1 6
47 1 19
40 1 6
48 1 10
41 1 16
46 1 15
45 1 4
45 1 9
43 1 9
41 1 13
42 1 1
50 1 15
48 1 3
48 1 5
41 1 8
46 1 7
50 1 13
46 1 12
50 1 20
42 1 2
40 1 12
41 1 3
46 1 14
50 1 4
48 1 10
42 1 12
49 1 20
49 1 17
44 1 11
50 1 14
50 1 7
47 1 5
41 1 6
42 1 20
50 1 16
41 1 4
49 1 4
43 1 20
46 1 18
48 1 6
46 1 4
46 1 14
48 1 16
50 1 9
43 1 1
45 1 9
50 1 4
45 1 1
43 1 13
49 1 16
41 1 1
40 1 8
45 1 1
43 1 2
44 1 7
40 1 6
45 1 15
42 1 3
41 1 15
44 1 12
43 1 15
50 1 18
41 1 19
48 1 11
50 1 18
48 1 12
50 1 5
44 1 16
47 1 15
47 1 7
45 1 7
48 1 7
42 1 5
46 1 5
40 1 16
41 1 2
43 1 10
49 1 16
41 1 20
47 1 17
49 1 1
42 1 12
48 1 16
48 1 19
41 1 20
45 1 12
41 1 9
43 1 18
42 1 12
42 1 14
50 1 14
46 1 8
40 1 4
41 1 2
43 1 8
42 1 19
46 1 7
47 1 12
45 1 17
44 1 11
42 1 11
45 1 12
44 1 10
44 1 17
47 1 14
45 1 6
42 1 7
42 1 5
40 1 6
49 1 16
43 1 16
44 1 10
47 1 9
49 1 9
42 1 13
44 1 4
50 1 16
42 1 8
44 1 12
50 1 1
43 1 3
46 1 2
42 1 19
44 1 14
47 1 17
50 1 9
48 1 11
47 1 5
45 1 16
45 1 18
44 1 8
44 1 19
45 1 20
47 1 6
46 1 8
42 1 2
50 1 6
45 1 10
48 1 9
50 1 14
48 1 8
43 1 4
44 1 3
48 1 15
44 1 16
45 1 4
43 1 9
41 1 3
49 1 1
50 1 13
45 1 1
48 1 14
47 1 8
48 1 17
48 1 9
50 1 7
50 1 9
45 1 11
45 1 4
44 1 15
50 1 19
41 1 17
50 1 20
43 1 5
47 1 3
44 1 1
45 1 11
45 1 1
50 1 10
48 1 20
50 1 12
50 1 11
42 1 20
50 1 9
42 1 4
42 1 8
46 1 16
46 1 6
45 1 15
47 1 9
49 1 20
41 1 18
49 1 19
42 1 11
42 1 15
50 1 1
42 1 11
41 1 16
50 1 16
47 1 14
46 1 19
49 1 17
47 1 11
43 1 4
50 1 9
46 1 19
47 1 16
45 1 5
41 1 16
43 1 3
42 1 20
50 1 7
50 1 17
42 1 17
44 1 20
49 1 9
49 1 2
44 1 1
43 1 3
43 1 7
46 1 14
40 1 4
49 1 19
43 1 6
47 1 8
42 1 4
47 1 14
41 1 17
49 1 17
50 1 7
48 1 1
47 1 18
40 1 13
44 1 16
42 1 2
42 1 16
48 1 8
48 1 14
44 1 3
49 1 14
48 1 15
40 1 17
44 1 2
47 1 7
50 1 9
44 1 5
50 1 6
50 1 5
49 1 12
43 1 20
44 1 8
45 1 20
44 1 10
47 1 1
41 1 19
41 1 3
41 1 10
47 1 14
42 1 12
43 1 10
49 1 17
50 1 8
41 1 6
40 1 4
49 1 15
41 1 1
48 1 10
40 1 6
45 1 11
49 1 16
43 1 3
42 1 12
48 1 7
40 1 9
40 1 17
45 1 2
45 1 9
45 1 1
44 1 10
45 1 16
42 1 9
46 1 17
50 1 3
49 1 20
42 1 1
45 1 6
49 1 16
43 1 6
45 1 19
50 1 20
43 1 19
42 1 17
43 1 17
45 1 19
50 1 9
42 1 4
50 1 6
42 1 3
46 1 17
45 1 4
45 1 12
49 1 6
46 1 13
40 1 10
2000
42 1 967596138
49 1 265563923
41 1 609823350
47 1 546806775
46 1 218373169
43 1 740846039
46 1 215030420
44 1 212614201
41 1 761581507
46 1 979044394
46 1 882889994
49 1 232695845
41 1 616725171
41 1 453909697
44 1 128838729
44 1 413782667
46 1 374052464
50 1 550914203
50 1 595081868
47 1 755199482
47 1 512707105
40 1 399356328
47 1 810463769
45 1 152622308
40 1 363547469
41 1 612177228
48 1 228468148
45 1 283878904
40 1 252386315
40 1 911306807
44 1 437930902
41 1 165804907
50 1 235496897
46 1 499425971
49 1 177245236
47 1 972260828
42 1 562537323
46 1 464261396
43 1 716610653
46 1 270010701
50 1 926565463
49 1 332550365
41 1 173998966
41 1 877866924
44 1 290361594
50 1 405609773
50 1 270485222
43 1 805879231
43 1 286692778
49 1 438529357
42 1 323671201
50 1 708584343
45 1 173392297
50 1 639733374
40 1 574097464
50 1 595491417
49 1 865691248
44 1 181845273
45 1 841932417
46 1 768948433
45 1 298886902
45 1 177293548
45 1 762820964
40 1 317830801
44 1 556364483
46 1 404020466
44 1 933648845
49 1 163246525
42 1 349359840
49 1 767924945
40 1 450021693
46 1 834610519
40 1 360400413
50 1 945366157
50 1 106239158
42 1 561178258
43 1 318211162
50 1 358623763
49 1 636842279
50 1 107110340
47 1 404655648
43 1 582917450
50 1 647341494
50 1 832408520
49 1 376879682
42 1 759995354
46 1 541260322
48 1 724434746
45 1 822536849
41 1 769206620
48 1 342217496
44 1 465790362
47 1 497151760
46 1 107991903
49 1 894443081
47 1 639543700
50 1 211124638
47 1 558788465
40 1 554410442
42 1 403451073
46 1 527158051
47 1 176824003
41 1 385657108
47 1 880565189
48 1 300816671
49 1 352671122
42 1 117040110
45 1 158117406
46 1 407917955
43 1 412922247
50 1 159209307
43 1 288930296
47 1 503880566
44 1 822771399
44 1 223392949
47 1 147569560
44 1 100482250
49 1 271880175
42 1 655082613
50 1 865862283
50 1 216307805
43 1 124864075
45 1 349631406
46 1 673546419
44 1 245458027
45 1 435914045
47 1 241650577
48 1 139409627
40 1 632764200
45 1 913927180
44 1 115027109
46 1 948060951
50 1 462708190
46 1 696209682
48 1 216524695
44 1 570752273
50 1 189883681
41 1 358042613
48 1 167606854
41 1 847570476
45 1 375837746
41 1 860622096
40 1 373324488
41 1 747074151
48 1 195916793
48 1 209962998
50 1 909729223
46 1 521302616
47 1 404198656
44 1 105986705
48 1 721691259
48 1 139842840
41 1 230125148
40 1 567145781
41 1 328163725
48 1 197379364
49 1 898879925
50 1 400914831
43 1 458532269
47 1 995579557
48 1 694129420
45 1 203529118
50 1 979229526
50 1 521277327
40 1 337455820
50 1 963877458
47 1 368168445
45 1 150774541
45 1 416545377
40 1 123396226
42 1 759608558
48 1 991697590
45 1 420850258
49 1 534596957
45 1 772495304
40 1 160517554
42 1 320889190
44 1 348698669
44 1 829668226
44 1 471152881
46 1 649150109
42 1 851950496
49 1 352339035
43 1 904220371
46 1 354751580
44 1 364512055
45 1 866044335
44 1 472076209
41 1 709327338
42 1 115030816
49 1 876446447
45 1 258742316
47 1 767779661
50 1 161969859
41 1 600238189
41 1 935439034
44 1 214768269
43 1 224710867
40 1 250278538
41 1 279127031
44 1 210533469
44 1 552383793
40 1 488856853
50 1 368918225
44 1 387184774
45 1 275645923
47 1 887969231
45 1 203750980
45 1 691439328
40 1 890153931
48 1 917895168
41 1 237385360
43 1 879198518
49 1 411635673
40 1 178696196
44 1 546146813
42 1 585076435
49 1 219087829
45 1 339947307
50 1 723632735
46 1 193597905
46 1 534406348
44 1 120080624
43 1 369533308
47 1 631363683
47 1 209346891
41 1 706492473
42 1 433362056
42 1 303349561
46 1 202601283
45 1 648738813
45 1 467618057
42 1 950736320
48 1 728717777
44 1 942060824
48 1 691033649
42 1 339289383
42 1 490306891
50 1 839315061
42 1 227978974
40 1 948612590
42 1 587192953
50 1 377160657
46 1 109098553
41 1 634107587
40 1 896919755
42 1 577808451
43 1 286377971
43 1 272564477
40 1 853768119
46 1 453270998
41 1 131168904
50 1 112485735
48 1 680523934
45 1 814799544
44 1 253197099
50 1 860292204
50 1 874566502
45 1 973223252
47 1 493565579
45 1 956030500
45 1 201536548
46 1 166985795
42 1 115496772
47 1 793128566
41 1 373274327
46 1 484114875
48 1 376264862
46 1 186917034
46 1 626726247
48 1 124264884
46 1 204270487
42 1 258788730
47 1 467274131
41 1 532370792
40 1 779114250
40 1 792181834
50 1 894273817
45 1 636471386
46 1 322940959
43 1 642733125
45 1 401739835
40 1 296254032
45 1 146580092
43 1 898601366
48 1 211519708
44 1 951484499
45 1 122578365
47 1 345413577
42 1 335030804
42 1 774867969
41 1 383425721
49 1 235140094
47 1 191138207
49 1 280459757
49 1 175215938
48 1 111311840
48 1 811559786
44 1 486717213
42 1 333079815
48 1 435897330
40 1 882241954
43 1 881128067
45 1 217380682
49 1 712626464
45 1 217547427
47 1 929805649
42 1 775571475
48 1 131870217
48 1 654728503
45 1 104085398
41 1 978584319
50 1 665082979
41 1 729076173
50 1 382108431
48 1 526542853
50 1 118642924
50 1 743779958
40 1 755247496
49 1 275722500
49 1 139938800
40 1 387552873
42 1 159049731
43 1 739534285
49 1 217919470
48 1 338796775
50 1 354866996
42 1 555396873
43 1 254217091
43 1 857258830
41 1 741004151
40 1 861931899
48 1 215903381
42 1 193199995
46 1 414383415
42 1 171619757
44 1 126579847
46 1 109064932
47 1 760521027
49 1 754142981
47 1 267705694
41 1 243584420
47 1 590358210
41 1 579723138
42 1 418172522
40 1 345283900
43 1 287131093
40 1 581815946
49 1 677598572
42 1 822408280
44 1 760018461
40 1 280978191
40 1 778809444
48 1 333230622
41 1 695135018
50 1 406276914
45 1 162822666
44 1 704966908
43 1 443384303
45 1 665264149
41 1 742340320
46 1 205940501
50 1 257516063
50 1 582646632
45 1 825112185
44 1 443732368
42 1 169528221
40 1 690035968
47 1 489713820
41 1 471185475
41 1 129478498
50 1 162283790
47 1 287099005
46 1 472839133
46 1 865128693
46 1 220438471
45 1 822295580
45 1 406795906
40 1 953436828
42 1 803131542
43 1 890912960
50 1 208529288
42 1 483835138
46 1 804616189
50 1 498683285
46 1 862511076
44 1 987980781
44 1 310452579
42 1 100182236
41 1 321999325
40 1 561259003
44 1 451531919
41 1 817913692
49 1 787708127
41 1 807745234
41 1 855405054
45 1 621842513
45 1 666622751
43 1 163200242
47 1 736531056
42 1 736789257
50 1 182649007
44 1 814491543
49 1 408216455
45 1 656990388
44 1 392150593
49 1 226185297
45 1 569820654
43 1 895943331
48 1 845534604
40 1 445535853
48 1 301568804
46 1 669111410
50 1 279346798
43 1 328465341
45 1 741834878
49 1 693007041
40 1 691742289
48 1 573816218
48 1 574147416
40 1 465409911
41 1 309983656
42 1 501457429
45 1 841139853
48 1 369488266
49 1 624134696
50 1 860933001
40 1 551389552
49 1 877298269
47 1 965133862
49 1 275974809
49 1 682913295
44 1 588263479
46 1 292619207
48 1 708489569
50 1 301970191
45 1 489814722
40 1 839717407
49 1 201706597
40 1 837400466
43 1 278642352
41 1 210124151
42 1 497105363
49 1 909810277
46 1 235811308
49 1 269306991
49 1 725509426
44 1 226509682
48 1 899939908
48 1 595101531
48 1 576696990
40 1 101380453
45 1 255722321
47 1 810090604
50 1 864142879
50 1 924987255
50 1 591738297
50 1 824263005
47 1 207986958
44 1 204538297
49 1 415238106
46 1 406090954
46 1 557314367
42 1 288301495
50 1 557787896
46 1 996099130
43 1 633161246
44 1 326292261
43 1 156855521
50 1 913041117
44 1 517897178
48 1 610028278
46 1 607709835
48 1 170894584
46 1 266078003
45 1 918514120
44 1 704306246
47 1 146476069
44 1 648250732
42 1 420426360
41 1 325409445
47 1 136386595
45 1 957449358
47 1 849414194
41 1 334114550
41 1 864809127
44 1 783319347
42 1 819426936
45 1 218511126
50 1 463408337
41 1 690636452
44 1 713795755
40 1 121023791
40 1 852575800
43 1 714056178
40 1 233744655
48 1 153560456
50 1 164543733
48 1 650483683
47 1 945561499
41 1 323142965
47 1 800007850
43 1 829174011
43 1 195195585
40 1 614498400
41 1 144935637
49 1 455290387
47 1 833440954
49 1 864655011
46 1 848364473
43 1 615559629
48 1 564254860
45 1 333720334
50 1 422699300
49 1 692234182
47 1 967907032
47 1 542620342
50 1 206821526
45 1 612349091
48 1 254397136
48 1 831670145
40 1 452160938
47 1 388290166
43 1 402410827
48 1 855691524
47 1 303331934
48 1 498978521
45 1 338099741
43 1 218169726
50 1 547715270
44 1 107870939
48 1 758506837
40 1 887981786
41 1 203662168
47 1 395682622
44 1 386336841
46 1 173921800
45 1 548125656
49 1 430657163
46 1 245065057
50 1 351848371
50 1 340419332
49 1 325091380
44 1 377539688
45 1 743213775
45 1 160731176
42 1 750857438
48 1 140059658
40 1 657252182
40 1 743122326
42 1 304696994
40 1 968408409
45 1 292311377
46 1 607170601
49 1 288227442
41 1 284605663
46 1 634431627
42 1 644163512
48 1 256605803
50 1 489573537
46 1 770971256
50 1 199763368
48 1 667743304
40 1 726961259
45 1 474682447
49 1 510269024
49 1 378462358
45 1 695335310
50 1 483353029
42 1 320870076
46 1 490916403
46 1 103209619
42 1 194989995
40 1 546938204
48 1 454669041
50 1 283251526
42 1 512905648
49 1 152447463
48 1 313973538
47 1 392131221
43 1 172916133
40 1 372989134
40 1 379028025
43 1 518094358
43 1 788780690
50 1 243454171
42 1 285720231
44 1 846668651
48 1 829464408
41 1 182506352
42 1 605593657
43 1 640127823
40 1 317697991
43 1 525603958
45 1 174361080
46 1 299576622
40 1 400381816
48 1 565466659
42 1 468897035
47 1 347741379
41 1 214230074
47 1 413732587
46 1 424622688
46 1 751764417
47 1 398993611
48 1 633087501
42 1 119008303
47 1 704548769
45 1 198046759
42 1 471360684
44 1 101070865
44 1 631457370
42 1 308649739
46 1 615670881
43 1 798363965
41 1 445674748
45 1 898810763
42 1 165801026
42 1 190999094
49 1 757883069
50 1 179203154
46 1 415045556
48 1 388967484
47 1 624122264
40 1 170560291
44 1 113623503
48 1 273662096
46 1 235785580
45 1 337802598
48 1 125909122
43 1 756845922
50 1 319411887
43 1 142830763
41 1 612209875
45 1 980745596
49 1 819067693
49 1 416471896
44 1 111436449
47 1 153364311
49 1 248853694
46 1 789100560
42 1 769964590
42 1 370864386
41 1 438653576
42 1 156029070
41 1 868036847
48 1 168359485
40 1 215743292
44 1 289486924
49 1 581939679
43 1 792819178
45 1 282856146
50 1 160462007
50 1 952983539
41 1 343412136
48 1 187854989
46 1 150853961
43 1 384391935
45 1 676044125
40 1 627609829
40 1 228007527
45 1 273661913
45 1 367838614
44 1 835884103
49 1 625025772
47 1 517148499
40 1 491201407
41 1 433554000
49 1 681538520
45 1 215086894
40 1 579306040
42 1 462062344
44 1 127738281
50 1 804324639
41 1 826993571
50 1 971406003
46 1 956448806
48 1 379631571
48 1 458972100
41 1 876229973
45 1 123469958
41 1 800364909
44 1 245992227
49 1 312061568
49 1 914993393
40 1 746941482
49 1 160061641
49 1 426304345
48 1 877373689
41 1 142244814
47 1 622532015
40 1 382326563
49 1 341721311
41 1 446151437
50 1 118874005
42 1 263714845
40 1 394162485
41 1 971544328
46 1 400060132
46 1 431685563
44 1 364920369
40 1 113029824
48 1 651355246
45 1 319977930
50 1 191127070
42 1 606303243
46 1 963411151
44 1 209868170
44 1 155048107
46 1 933591427
40 1 984516888
47 1 687672085
48 1 476045777
48 1 674279268
45 1 452087289
44 1 848930807
46 1 983722230
45 1 345159558
47 1 148091960
48 1 102946664
42 1 925427062
49 1 313868286
42 1 493562583
44 1 276282368
41 1 342662855
49 1 369565832
43 1 431836983
47 1 836572370
50 1 927003789
50 1 794380444
44 1 928396779
48 1 288406509
42 1 643360741
44 1 190979098
49 1 415749563
50 1 568819481
43 1 281087909
50 1 183242172
43 1 270534619
45 1 301777745
49 1 822703632
42 1 588967741
43 1 114695567
44 1 538664403
46 1 361896262
47 1 512086376
42 1 306371168
45 1 453239741
47 1 341759133
48 1 468883224
42 1 597305159
42 1 655219069
42 1 643796954
41 1 111345094
48 1 282651615
45 1 416646829
47 1 221988270
42 1 557548519
49 1 972561174
43 1 432935280
43 1 237865004
47 1 847788342
50 1 610122304
43 1 757320764
40 1 323522662
43 1 896541238
40 1 188354527
47 1 487691792
41 1 354418123
46 1 547925983
42 1 838702844
50 1 562445021
41 1 999535354
40 1 381140774
44 1 279936651
46 1 298612330
44 1 872644376
46 1 213235578
48 1 166754026
43 1 425485770
40 1 468512260
46 1 652884576
44 1 692797053
41 1 169016201
46 1 436419084
49 1 506890720
50 1 321655507
48 1 355314972
44 1 894199305
50 1 318966391
45 1 903328426
44 1 767018133
45 1 915430029
42 1 569845868
41 1 101866798
41 1 641396968
41 1 246788395
46 1 542023875
46 1 885188283
46 1 304958139
45 1 493438410
50 1 904926792
49 1 697471980
45 1 326236937
45 1 822132060
41 1 126677143
42 1 352681366
45 1 360663944
46 1 962062957
49 1 479091696
50 1 405399889
46 1 713181782
45 1 408090748
46 1 155635899
44 1 735184673
46 1 802910812
43 1 431156507
50 1 113972027
40 1 460818214
48 1 534186072
45 1 730588893
48 1 645127251
49 1 931429215
48 1 214133905
44 1 890804727
48 1 753169023
44 1 219593031
50 1 402164662
48 1 403212252
43 1 811887193
45 1 650726242
49 1 548779820
46 1 271656876
50 1 249523609
48 1 277874689
47 1 449350312
45 1 588752577
49 1 853414130
47 1 163178983
43 1 342201052
44 1 794183001
49 1 478810823
42 1 924981459
47 1 455990051
48 1 646579570
40 1 556780586
44 1 306657671
42 1 643968036
44 1 821105117
42 1 817272715
42 1 131952682
46 1 663533655
45 1 488657436
44 1 233914500
45 1 249895672
49 1 647258964
42 1 930317747
49 1 433152568
44 1 922818089
41 1 104231501
48 1 150929998
45 1 309683582
50 1 212101258
41 1 253178191
45 1 978522124
42 1 903962169
42 1 923252370
41 1 355411394
43 1 157448008
40 1 877841407
50 1 178345355
47 1 434901904
42 1 233983282
46 1 284953205
50 1 534610794
44 1 915059058
44 1 663045455
45 1 553775780
44 1 799374847
50 1 696969314
47 1 836674472
42 1 478754247
45 1 686850996
48 1 287778607
48 1 384128530
41 1 399403593
48 1 779096195
42 1 706278582
46 1 610969375
48 1 859733767
45 1 870226840
46 1 333458901
46 1 198997918
42 1 685558099
47 1 675133096
46 1 917331132
47 1 986902378
40 1 407421079
43 1 614477362
49 1 758947081
46 1 701558438
48 1 937331065
45 1 150577820
45 1 705531357
44 1 514650320
40 1 416582234
44 1 641824399
47 1 801224649
50 1 366045453
41 1 611747445
42 1 467629386
42 1 273703718
48 1 226660772
48 1 646614085
45 1 709363832
48 1 207037331
44 1 346097940
47 1 488593252
49 1 139521566
41 1 535074696
48 1 183304066
49 1 964602730
45 1 960840778
40 1 583244206
47 1 157987459
41 1 161459766
46 1 408595191
40 1 388303954
42 1 955676024
44 1 501423420
44 1 461287287
44 1 391267430
44 1 612421989
41 1 161657945
42 1 763338691
45 1 204559294
41 1 103958694
47 1 468437321
45 1 704273341
41 1 349477025
43 1 673820576
40 1 963055316
43 1 191175204
43 1 712108522
40 1 907990407
41 1 595135451
41 1 419998836
41 1 728981789
47 1 141675653
50 1 167783884
46 1 265411833
43 1 451120521
41 1 583464143
41 1 701630814
45 1 939466079
41 1 367360931
43 1 739027135
42 1 906985352
41 1 289018836
42 1 613494301
45 1 141365020
43 1 989181755
49 1 109671419
43 1 535732843
43 1 864889054
48 1 572804529
43 1 120518586
42 1 400554899
43 1 848459086
40 1 116692833
50 1 801350109
47 1 286842295
47 1 526735706
50 1 119402631
41 1 493996449
45 1 279791632
40 1 688852974
46 1 988716943
41 1 406348250
40 1 786141342
50 1 380197370
48 1 129391872
44 1 334404921
45 1 218154936
40 1 855384327
49 1 834580632
47 1 305474130
42 1 681944641
44 1 853537205
45 1 353446560
41 1 698547227
42 1 330197276
41 1 311836472
48 1 418009885
41 1 617781109
46 1 603266950
48 1 115044379
47 1 404084221
41 1 153172666
43 1 980773061
45 1 880670809
44 1 884129440
48 1 150820537
45 1 235896802
46 1 229863948
50 1 860253232
50 1 912220567
43 1 447520922
42 1 907221737
47 1 840344870
45 1 722941051
47 1 805609132
45 1 233479271
40 1 771762989
43 1 261038716
40 1 307725568
44 1 983376850
42 1 109208615
43 1 283970719
47 1 221154685
45 1 712381282
42 1 272117268
41 1 606833064
42 1 620828520
42 1 759860107
47 1 898877116
45 1 430081380
40 1 137905263
45 1 172167931
40 1 731991004
40 1 784549133
44 1 936446457
44 1 777923441
46 1 245299510
50 1 210019330
43 1 921772348
49 1 197152945
42 1 319871010
41 1 194795005
49 1 114376084
40 1 251802409
43 1 349997663
44 1 456443919
43 1 415292055
48 1 473212898
41 1 378437316
50 1 528829233
50 1 620709525
40 1 287492860
44 1 352429270
45 1 265569361
48 1 124448162
41 1 219413358
48 1 717223660
45 1 751310479
46 1 662150263
48 1 439980786
43 1 166036656
41 1 840149458
41 1 325129791
44 1 107978695
41 1 528303660
49 1 515138046
40 1 482053271
41 1 282018474
50 1 394731790
49 1 423417817
48 1 890404755
46 1 204928300
49 1 217057242
40 1 177880673
42 1 466131193
41 1 222924058
44 1 469598971
44 1 277415969
48 1 276722607
44 1 712331380
50 1 608019724
44 1 713725577
45 1 735519768
50 1 359976671
49 1 425975430
48 1 367059289
42 1 297957643
44 1 760830042
49 1 976907957
47 1 284774567
46 1 677717452
44 1 315182510
41 1 254935220
44 1 911683185
50 1 216602611
48 1 178697842
46 1 393261211
50 1 402731447
47 1 789375303
47 1 275150945
41 1 962673648
47 1 109345395
47 1 678237500
44 1 434795119
47 1 326138678
50 1 394172395
41 1 702366085
48 1 641043886
41 1 260317498
48 1 130648992
50 1 397147034
50 1 260839048
40 1 426765414
43 1 270505000
41 1 166572766
46 1 234787378
46 1 368688179
40 1 683557301
45 1 212986832
41 1 772018560
44 1 188416621
43 1 689891130
40 1 469117601
40 1 567181811
48 1 375656431
47 1 967386352
44 1 475304802
42 1 428324051
47 1 240541285
47 1 155657270
45 1 494858842
43 1 202445201
40 1 248125307
48 1 427281742
45 1 888259192
48 1 425879769
41 1 592622118
42 1 886760134
46 1 185189652
45 1 399825557
43 1 217137033
44 1 907482010
40 1 134260870
40 1 590133348
50 1 332970793
45 1 436644449
43 1 238247778
50 1 305695951
49 1 442245986
42 1 917952629
50 1 172191720
44 1 363002419
43 1 249796780
46 1 745938832
47 1 227674835
47 1 474957177
46 1 416494129
48 1 918441671
49 1 777818052
43 1 561032853
48 1 781510494
48 1 433686444
48 1 946152237
47 1 327256959
48 1 760185844
47 1 785732421
44 1 430262033
42 1 884855719
43 1 133782399
48 1 112114736
43 1 536929246
42 1 979351202
49 1 549631995
44 1 537151012
45 1 279397113
43 1 177550091
43 1 273919843
47 1 637615894
45 1 760845271
40 1 139661394
46 1 391660769
45 1 190833994
49 1 860648949
46 1 446713834
47 1 287049956
47 1 959101272
43 1 727962330
44 1 438481972
41 1 196923072
48 1 753754383
44 1 125227574
43 1 515813498
46 1 993313984
49 1 303833198
50 1 994392469
44 1 854480278
44 1 899549678
40 1 482546733
40 1 760428138
44 1 770120976
43 1 351740172
47 1 469854228
44 1 947670336
46 1 399916811
40 1 109438606
47 1 107321036
49 1 379843457
48 1 334461465
47 1 902626665
40 1 969215742
48 1 268570106
41 1 589183058
50 1 151035501
46 1 695400918
42 1 305157174
43 1 663102736
41 1 458198804
42 1 764990438
44 1 423668072
42 1 858610169
45 1 937037753
50 1 253924879
45 1 101708842
43 1 694566277
42 1 290689572
40 1 248710054
45 1 199410423
43 1 588716534
41 1 721016060
50 1 926592141
40 1 985826899
43 1 654397196
50 1 997562232
50 1 318588816
44 1 281632191
49 1 777036746
45 1 234706626
43 1 962340543
50 1 563409018
50 1 836849850
40 1 201333609
45 1 514363058
41 1 740768839
48 1 867435677
46 1 190112445
40 1 137407601
43 1 955876051
47 1 418224103
40 1 341646874
41 1 685932043
47 1 725596530
48 1 823728632
46 1 169349170
43 1 493477710
43 1 852047546
45 1 616395350
50 1 934626762
48 1 479063962
49 1 671802553
49 1 553163083
42 1 814900764
47 1 583699317
45 1 462979580
49 1 622945387
48 1 146281477
47 1 596174412
45 1 444487759
49 1 233079758
45 1 348205223
42 1 671346857
41 1 571632998
43 1 389621460
50 1 362507449
43 1 234773560
48 1 242841102
42 1 423304986
41 1 196032314
48 1 769565302
46 1 916045778
45 1 240679011
40 1 739220076
43 1 422598264
45 1 191226820
47 1 925673209
50 1 122952593
47 1 860248609
43 1 107319398
50 1 636272764
48 1 291101179
49 1 845488917
44 1 132485216
41 1 346201286
47 1 426468649
46 1 537436659
42 1 258852239
41 1 325129584
41 1 965025189
46 1 214982147
44 1 154364290
50 1 400000177
50 1 111477636
48 1 341373721
42 1 404430079
48 1 124405491
46 1 607375155
49 1 956312752
41 1 994650126
43 1 109364155
48 1 120166720
47 1 751373222
47 1 959892426
47 1 837195122
45 1 405868656
40 1 541312052
49 1 939149927
48 1 528257838
40 1 863986372
50 1 338155533
47 1 184499684
50 1 878205751
43 1 359606768
45 1 723279874
43 1 357846831
41 1 514774546
44 1 800328431
41 1 172415844
42 1 886058168
42 1 906654350
42 1 309544124
41 1 885676978
50 1 314457117
48 1 113643669
45 1 419515296
48 1 181922003
48 1 918497306
44 1 189852513
43 1 925572986
44 1 974245019
43 1 291810266
49 1 220987280
48 1 405958378
44 1 842633695
44 1 680713049
46 1 491951076
47 1 157522493
46 1 251951472
46 1 776020331
48 1 623924956
40 1 566239074
40 1 815885764
48 1 320681477
43 1 251799512
50 1 679366943
43 1 163171922
41 1 805935440
43 1 482178613
44 1 579106464
45 1 451219867
47 1 817122940
44 1 419471719
49 1 872655020
46 1 398691997
48 1 104826014
50 1 716118569
50 1 919721884
45 1 505836838
49 1 683814883
48 1 764631166
46 1 997981838
40 1 997396747
42 1 187164913
40 1 107687871
46 1 305815424
48 1 319555900
44 1 181118459
40 1 828812139
40 1 178864982
46 1 226009571
43 1 932440820
40 1 971540589
41 1 480133818
42 1 156380876
44 1 355670192
41 1 654104345
43 1 292121072
49 1 452706515
44 1 415484335
49 1 387312349
41 1 146488754
43 1 659295133
42 1 217127448
45 1 109499948
41 1 839666466
44 1 288196398
42 1 136186170
42 1 386441820
47 1 105220468
50 1 634809930
43 1 141278574
46 1 820544142
49 1 299776495
47 1 169456509
46 1 344568863
49 1 418327111
42 1 975028816
48 1 809571810
44 1 378449968
48 1 658010508
43 1 979731818
46 1 807057777
45 1 748266385
45 1 644503880
46 1 871523505
44 1 216881624
46 1 529138073
48 1 705568280
47 1 352243036
41 1 408394780
48 1 981303636
49 1 230169154
50 1 663425631
47 1 488214853
48 1 554338370
41 1 808580462
43 1 539647194
40 1 265144119
40 1 689703693
44 1 846785226
48 1 710357912
44 1 822082322
50 1 732012239
42 1 164823977
48 1 432688212
49 1 720335836
50 1 776919012
49 1 109082402
41 1 136556719
46 1 802419217
41 1 173255245
45 1 896270865
45 1 338962634
50 1 241442087
41 1 250467574
50 1 363421428
40 1 141229030
45 1 548435629
43 1 802834718
42 1 949885629
43 1 813106926
46 1 172421054
45 1 833775219
41 1 153758321
47 1 989268502
48 1 231407770
40 1 917999146
49 1 496934635
48 1 254887085
42 1 137704080
44 1 668597070
46 1 342119131
43 1 929993455
47 1 287388983
44 1 266966172
50 1 372433198
48 1 762515790
43 1 243219109
42 1 796159924
49 1 870486455
41 1 785460408
48 1 199047644
46 1 238413918
48 1 895900206
42 1 946961826
50 1 173910474
47 1 122228774
48 1 103612333
45 1 369425521
49 1 302775150
46 1 983483651
43 1 736255109
48 1 936659942
44 1 490175329
43 1 957909161
46 1 378034662
50 1 842105159
49 1 429455974
46 1 969736751
44 1 452044253
49 1 511080696
40 1 556258321
45 1 743793230
42 1 448630525
48 1 344240672
43 1 101759530
50 1 442478139
49 1 300549367
45 1 183573864
49 1 548672810
40 1 283082908
45 1 266341397
50 1 724600004
48 1 706937529
50 1 243083776
43 1 768562656
49 1 855914005
40 1 486225619
50 1 771673880
40 1 687217415
41 1 252221342
43 1 400790555
46 1 784198158
50 1 779476425
49 1 209223461
45 1 585612736
40 1 483298856
43 1 745982868
46 1 415673168
40 1 636161007
47 1 712569229
47 1 167059717
40 1 668203911
42 1 322595015
46 1 278229465
49 1 170489266
46 1 647026742
47 1 146690380
45 1 253013969
44 1 222111491
43 1 424702038
42 1 617906188
42 1 168713566
44 1 582353940
44 1 984829126
43 1 275304473
48 1 575745295
43 1 160530314
48 1 607607827
50 1 715520297
49 1 337235346
46 1 143761801
48 1 226744198
43 1 337100805
44 1 419304208
45 1 588401534
40 1 909352085
41 1 117882092
43 1 616084051
49 1 207085547
43 1 974947644
40 1 530089651
45 1 289265344
42 1 618579153
42 1 347781644
44 1 757449324
49 1 418196035
47 1 755543249
40 1 550888623
40 1 151747965
45 1 413704703
40 1 863052720
50 1 288666851
46 1 234688329
40 1 676296518
41 1 194899507
48 1 362489847
50 1 790479644
44 1 178227685
49 1 837464031
42 1 877815563
44 1 913975162
47 1 764263607
45 1 343851526
46 1 269212114
43 1 856883896
50 1 284609310
45 1 438733596
44 1 662445328
42 1 232207307
43 1 975791441
44 1 337912189
45 1 103632804
41 1 194331142
45 1 397019393
47 1 764659091
44 1 372044000
45 1 608469640
48 1 808338347
42 1 301800899
40 1 761026640
48 1 600662623
42 1 177905260
49 1 538254247
42 1 688662159
41 1 225897139
44 1 795043135
50 1 375390715
41 1 140006006
48 1 405537497
47 1 152977767
46 1 814118214
50 1 681011940
46 1 821311738
42 1 179428040
40 1 126692608
47 1 277397233
46 1 670144603
46 1 380970919
42 1 132045828
46 1 149687499
48 1 958599118
44 1 703330784
44 1 546263637
42 1 311124339
44 1 628591876
45 1 104370317
40 1 114739052
43 1 700025428
41 1 130251514
44 1 398423428
40 1 835121521
47 1 629739405
41 1 820994016
42 1 565280309
50 1 336961842
43 1 263778353
44 1 323913959
45 1 733510556
49 1 364190212
44 1 771683190
50 1 257617311
50 1 507764048
46 1 308530202
45 1 403517299
50 1 934015222
50 1 689478334
44 1 400884995
45 1 282338505
45 1 851052003
50 1 305103197
40 1 627663031
40 1 685315215
43 1 568316108
42 1 556043514
45 1 389450039
49 1 337040333
49 1 685783295
47 1 831329478
42 1 245601350
50 1 247253016
41 1 212760050
46 1 331067062
41 1 977921446
42 1 727656800
46 1 280555384
48 1 381311806
46 1 284377916
44 1 660076918
41 1 235718380
40 1 303009261
48 1 685723485
46 1 458377762
44 1 171963052
40 1 632348830
50 1 123846644
45 1 380004861
50 1 376948134
41 1 310123030
49 1 673968138
47 1 345203138
43 1 141940921
49 1 824881114
43 1 991714449
45 1 617384687
45 1 221848073
42 1 488807347
44 1 286499426
45 1 343442101
42 1 390300043
44 1 576164069
48 1 275579243
44 1 746647474
42 1 333123262
44 1 199680530
43 1 744713843
48 1 442911291
45 1 710472457
47 1 428355227
40 1 735362728
44 1 713016208
43 1 687325721
50 1 300712757
49 1 565177114
45 1 231984489
45 1 995562431
45 1 255541346
41 1 255305396
43 1 457970405
45 1 678973056
47 1 960155845
48 1 827181735
48 1 201140924
48 1 838806701
41 1 615377927
40 1 460501194
50 1 671255266
42 1 357728863
45 1 443937604
45 1 720290638
47 1 623122319
48 1 605362547
49 1 785292682
49 1 693747863
45 1 190021808
50 1 363054255
45 1 246146747
46 1 856675078
48 1 815745671
47 1 394113031
48 1 751997230
48 1 919273496
48 1 136602905
48 1 304203165
40 1 316021373
43 1 211374538
44 1 344343481
47 1 216307119
41 1 989936336
44 1 994624035
42 1 173045756
42 1 302120333
47 1 848897358
48 1 838903476
47 1 945471245
40 1 551301411
43 1 183004742
43 1 349236449
42 1 221842109
49 1 205391963
43 1 618992003
47 1 969684122
41 1 213655262
44 1 569330714
42 1 711311358
46 1 366264146
42 1 116128392
43 1 373946488
50 1 996262262
47 1 552532903
44 1 517741969
48 1 324160182
42 1 377899314
49 1 990329502
45 1 494322047
42 1 989963138
46 1 187367238
42 1 272612036
42 1 273250754
40 1 671503437
40 1 547596755
48 1 992156744
49 1 281719240
42 1 557076785
50 1 199898345
43 1 306785312
46 1 264045058
49 1 120208221
48 1 139424599
46 1 539173267
42 1 648085836
50 1 782845398
45 1 960622777
45 1 823232262
43 1 321943573
40 1 151464087
41 1 593303334
43 1 145339505
47 1 119129549
50 1 272681068
41 1 751358852
42 1 287782790
41 1 158667114
45 1 396775729
48 1 398616491
50 1 516715343
47 1 366439403
49 1 627892947
50 1 203247339
49 1 972338552
47 1 742346112
45 1 360973694
41 1 547067769
40 1 403823626
50 1 932515538
44 1 732095689
47 1 900767955
45 1 329212367
43 1 156269734
49 1 662731978
40 1 840901753
44 1 662394874
40 1 405242811
49 1 231077199
49 1 603226266
41 1 396534480
40 1 476047054
44 1 119206878
46 1 976883476
49 1 816786967
45 1 342619222
41 1 419685128
42 1 175940391
42 1 287171008
43 1 445958290
41 1 138669691
40 1 872534664
47 1 241081489
43 1 338224832
40 1 163552352
50 1 598197099
43 1 848005581
49 1 217984288
45 1 154133288
50 1 992248900
47 1 887560853
40 1 146119032
44 1 344161777
41 1 224289834
42 1 162506571
45 1 800503038
43 1 785398339
41 1 137774372
46 1 913537202
43 1 711895117
43 1 757870032
44 1 841064841
45 1 470116697
40 1 169555572
50 1 656432575
41 1 935854002
46 1 822119751
43 1 447426436
49 1 377726124
40 1 477683940
40 1 882672609
48 1 973930741
40 1 258830723
42 1 888189778
46 1 574328854
48 1 287399462
44 1 881266275
44 1 200113942
47 1 183657867
46 1 343193714
49 1 332150322
45 1 720466858
41 1 115390012
44 1 746116239
50 1 451841903
50 1 342227729
44 1 764251997
49 1 193313876
43 1 680481012
46 1 127577295
45 1 230786314
42 1 429101410
46 1 435367783
45 1 549867086
49 1 247196552
44 1 911633245
40 1 965649109
45 1 171029993
41 1 931359380
49 1 525135769
50 1 476651901
49 1 367625891
40 1 332157967
42 1 955392767
44 1 642552620
41 1 360508639
47 1 679274814
50 1 553374407
41 1 424713653
42 1 125620138
42 1 253873920
49 1 761715807
44 1 523502827
49 1 735304829
46 1 121707871
45 1 169378618
47 1 238284287
46 1 146966751
40 1 411152107
45 1 395216916
46 1 453326251
49 1 472872174
40 1 771062912
50 1 702111148
41 1 669659479
49 1 372440591
40 1 687633078
46 1 694468674
43 1 279481132
41 1 732094212
41 1 715092269
44 1 380074243
46 1 161635678
42 1 437506391
44 1 294170340
43 1 102993430
44 1 209134907
40 1 189840558
48 1 204873217
40 1 423519358
45 1 755801610
41 1 645599958
49 1 660010801
41 1 822165154
45 1 437831572
47 1 536882779
48 1 231782682
45 1 343092595
44 1 183643419
49 1 295707073
49 1 436673954
46 1 695359100
42 1 268144250
44 1 211962057
45 1 606306139
50 1 492860173
50 1 144155791
47 1 519179316
41 1 469232116
46 1 124925185
50 1 926641626
50 1 239870307
42 1 217349546
48 1 338901901
48 1 357461295
41 1 162061984
44 1 971867210
50 1 316164185
50 1 316925053
49 1 683111476
40 1 350313051
44 1 301510542
48 1 812920675
50 1 475165646
45 1 722961725
49 1 628125501
46 1 793000516
47 1 530863528
49 1 581627023
42 1 329022911
50 1 346913549
46 1 280778462
46 1 532179759
41 1 400208798
43 1 252949687
43 1 875615996
44 1 146235005
42 1 394490465
43 1 654962599
48 1 191552137
47 1 250059679
40 1 136205401
49 1 398653277
42 1 612566578
43 1 150700710
44 1 413078595
48 1 650591692
45 1 582988956
45 1 745320079
44 1 408881658
44 1 826249454
46 1 717916310
49 1 634688126
49 1 549874870
43 1 634024938
50 1 562903421
43 1 733031072
48 1 655335807
41 1 681259504
40 1 848885852
49 1 685817545
50 1 281466120
48 1 528467858
49 1 469924042
45 1 946826463
46 1 673290660
47 1 759841592
42 1 280972210
42 1 371328702
47 1 349844830
43 1 887444703
41 1 394229155
40 1 575434798
49 1 350496359
48 1 858918716
40 1 885921176
49 1 533186279
46 1 683220794
42 1 212593695
46 1 787248673
