1937
48 1 10
44 1 17
45 1 15
40 1 3
47 1 13
45 1 3
41 1 13
50 1 8
45 1 18
50 1 4
49 1 5
48 1 9
50 1 19
46 1 14
48 1 2
45 1 5
42 1 2
50 1 17
42 1 4
50 1 20
47 1 5
40 1 19
44 1 16
44 1 9
40 1 7
45 1 2
47 1 5
50 1 13
47 1 19
43 1 11
45 1 4
46 1 9
46 1 7
49 1 12
45 1 1
42 1 13
46 1 7
46 1 1
49 1 3
49 1 17
45 1 13
46 1 5
42 1 14
43 1 4
49 1 19
45 1 18
45 1 1
40 1 18
43 1 2
42 1 18
41 1 14
44 1 20
46 1 6
47 1 9
49 1 12
49 1 19
49 1 10
49 1 9
41 1 16
40 1 6
42 1 15
50 1 8
42 1 16
41 1 11
40 1 20
43 1 17
40 1 11
41 1 9
48 1 4
42 1 6
45 1 5
48 1 10
48 1 6
43 1 10
40 1 3
50 1 11
50 1 10
43 1 8
41 1 4
42 1 13
42 1 1
47 1 9
44 1 1
44 1 9
42 1 17
40 1 1
50 1 11
42 1 17
48 1 12
48 1 19
42 1 2
45 1 14
50 1 2
46 1 2
48 1 20
40 1 2
48 1 1
48 1 6
47 1 8
46 1 16
42 1 10
41 1 5
49 1 11
50 1 15
41 1 17
45 1 3
45 1 15
49 1 10
44 1 2
42 1 15
43 1 2
40 1 14
50 1 20
45 1 15
41 1 12
49 1 7
50 1 17
42 1 5
43 1 10
46 1 3
45 1 7
46 1 15
47 1 9
43 1 19
44 1 1
42 1 7
40 1 17
47 1 18
46 1 2
40 1 16
40 1 10
45 1 15
48 1 4
45 1 5
49 1 6
50 1 20
44 1 11
44 1 14
43 1 1
45 1 9
43 1 13
49 1 19
44 1 2
44 1 8
49 1 12
46 1 12
42 1 2
44 1 13
50 1 15
42 1 13
41 1 20
42 1 6
47 1 14
42 1 20
44 1 6
50 1 6
44 1 6
48 1 12
42 1 16
40 1 19
41 1 10
48 1 14
42 1 15
44 1 2
48 1 6
43 1 18
50 1 3
44 1 14
41 1 5
42 1 14
43 1 14
42 1 2
40 1 16
41 1 6
41 1 5
40 1 8
45 1 18
49 1 7
50 1 7
50 1 14
50 1 9
48 1 9
45 1 6
41 1 12
50 1 9
48 1 16
41 1 1
45 1 7
42 1 2
43 1 16
48 1 1
42 1 18
45 1 19
49 1 4
45 1 7
41 1 19
42 1 15
43 1 11
48 1 10
40 1 14
46 1 18
45 1 13
48 1 10
40 1 15
48 1 19
45 1 18
47 1 19
49 1 9
43 1 8
46 1 15
43 1 3
41 1 4
50 1 18
49 1 12
43 1 16
46 1 19
40 1 10
50 1 17
47 1 12
45 1 5
41 1 10
46 1 11
47 1 14
50 1 16
45 1 5
44 1 14
45 1 4
43 1 11
46 1 2
46 1 4
49 1 18
45 1 20
42 1 18
46 1 12
42 1 13
49 1 12
48 1 10
43 1 19
47 1 1
49 1 9
42 1 11
44 1 13
42 1 10
41 1 2
45 1 17
42 1 19
40 1 19
44 1 5
48 1 18
42 1 5
42 1 9
40 1 20
45 1 10
46 1 12
46 1 13
50 1 20
50 1 17
40 1 2
40 1 11
41 1 3
47 1 10
49 1 4
40 1 8
42 1 18
49 1 7
44 1 13
45 1 1
42 1 20
47 1 15
50 1 19
49 1 4
45 1 16
41 1 10
48 1 11
46 1 19
47 1 13
42 1 20
50 1 9
44 1 3
44 1 19
45 1 4
48 1 9
46 1 13
40 1 11
41 1 1
49 1 8
42 1 1
46 1 4
42 1 4
46 1 14
43 1 20
40 1 6
43 1 13
47 1 12
48 1 12
47 1 9
49 1 3
40 1 19
40 1 19
43 1 1
40 1 19
48 1 2
49 1 2
50 1 6
50 1 17
43 1 16
43 1 17
43 1 19
41 1 9
41 1 3
48 1 18
48 1 4
40 1 20
48 1 20
42 1 17
40 1 14
42 1 10
47 1 12
40 1 4
49 1 7
50 1 4
50 1 11
45 1 2
49 1 14
46 1 13
50 1 6
41 1 6
47 1 20
42 1 20
45 1 2
47 1 1
47 1 9
43 1 20
40 1 11
49 1 9
45 1 11
43 1 16
41 1 13
41 1 19
41 1 7
42 1 4
44 1 3
45 1 2
47 1 20
41 1 12
44 1 2
40 1 12
43 1 10
45 1 17
46 1 15
47 1 16
48 1 14
47 1 7
42 1 19
48 1 19
42 1 14
40 1 8
42 1 18
47 1 10
43 1 6
40 1 3
41 1 20
42 1 14
40 1 18
47 1 3
44 1 4
43 1 6
49 1 20
41 1 3
42 1 1
46 1 8
41 1 16
45 1 17
44 1 6
41 1 11
42 1 2
46 1 18
42 1 1
45 1 18
47 1 13
45 1 5
42 1 6
42 1 4
40 1 2
40 1 5
40 1 9
40 1 20
41 1 11
42 1 9
47 1 5
46 1 8
42 1 12
47 1 2
42 1 11
42 1 7
48 1 12
46 1 5
45 1 1
47 1 11
42 1 13
45 1 6
42 1 3
46 1 5
43 1 2
41 1 13
50 1 6
46 1 19
49 1 15
40 1 12
46 1 9
48 1 17
42 1 14
49 1 3
42 1 8
46 1 10
44 1 9
41 1 18
44 1 17
46 1 14
44 1 15
49 1 9
41 1 20
50 1 2
47 1 3
48 1 4
41 1 19
48 1 19
45 1 5
41 1 15
42 1 4
50 1 13
48 1 2
41 1 15
50 1 18
44 1 13
45 1 4
43 1 7
44 1 18
44 1 14
48 1 11
45 1 6
41 1 8
44 1 10
42 1 20
48 1 6
40 1 6
44 1 19
40 1 14
49 1 16
41 1 16
40 1 4
50 1 16
46 1 18
42 1 11
50 1 6
45 1 7
40 1 9
40 1 6
50 1 15
43 1 7
44 1 6
50 1 19
45 1 19
46 1 1
42 1 5
48 1 14
50 1 18
50 1 18
42 1 3
41 1 19
46 1 15
45 1 12
43 1 8
45 1 9
41 1 15
49 1 19
44 1 20
49 1 5
48 1 17
49 1 11
42 1 14
43 1 3
43 1 16
50 1 9
43 1 19
48 1 19
40 1 8
44 1 3
48 1 5
43 1 2
41 1 12
44 1 5
44 1 8
44 1 8
49 1 1
42 1 8
50 1 17
47 1 12
48 1 18
48 1 17
49 1 8
43 1 8
43 1 13
46 1 16
41 1 17
45 1 4
45 1 13
43 1 20
46 1 6
42 1 10
41 1 8
48 1 5
46 1 5
46 1 17
47 1 5
48 1 15
48 1 7
41 1 11
50 1 19
45 1 4
40 1 17
49 1 18
44 1 1
42 1 13
41 1 16
42 1 17
44 1 15
43 1 20
50 1 19
41 1 19
47 1 18
48 1 19
44 1 7
43 1 4
46 1 18
48 1 13
50 1 10
41 1 8
44 1 9
41 1 2
41 1 4
46 1 20
48 1 8
44 1 2
48 1 10
43 1 2
46 1 6
46 1 10
50 1 3
43 1 5
42 1 6
45 1 9
48 1 5
42 1 20
40 1 1
40 1 16
42 1 19
48 1 19
47 1 10
40 1 20
46 1 4
42 1 18
50 1 18
45 1 7
48 1 14
41 1 17
45 1 6
50 1 14
45 1 2
50 1 2
44 1 10
47 1 15
43 1 10
47 1 9
46 1 6
42 1 10
49 1 9
50 1 1
49 1 18
50 1 18
44 1 2
40 1 15
42 1 19
44 1 5
43 1 12
50 1 17
48 1 15
48 1 5
40 1 5
40 1 4
47 1 17
42 1 12
45 1 1
47 1 6
48 1 19
47 1 1
41 1 20
50 1 17
42 1 14
45 1 4
43 1 2
47 1 1
42 1 4
46 1 15
42 1 3
40 1 12
40 1 17
50 1 3
50 1 16
46 1 2
49 1 3
40 1 12
41 1 9
41 1 5
50 1 18
43 1 2
42 1 5
40 1 15
40 1 17
43 1 16
45 1 4
42 1 13
40 1 7
46 1 6
43 1 16
45 1 16
43 1 1
50 1 16
40 1 15
45 1 15
45 1 8
41 1 18
46 1 14
48 1 14
49 1 5
41 1 6
45 1 18
46 1 2
49 1 6
45 1 11
47 1 14
44 1 9
40 1 15
49 1 20
49 1 4
49 1 9
47 1 19
43 1 10
44 1 13
42 1 1
40 1 7
45 1 12
44 1 3
44 1 6
49 1 9
42 1 8
40 1 4
42 1 13
48 1 12
44 1 8
45 1 17
44 1 11
43 1 9
41 1 9
47 1 13
43 1 5
47 1 7
41 1 10
41 1 6
47 1 16
47 1 7
47 1 17
43 1 8
43 1 5
40 1 10
44 1 10
45 1 6
45 1 3
45 1 8
41 1 14
42 1 7
43 1 2
44 1 15
43 1 4
44 1 4
40 1 11
46 1 6
50 1 10
45 1 12
47 1 11
49 1 3
42 1 18
42 1 10
43 1 7
44 1 10
40 1 1
48 1 16
47 1 6
49 1 16
41 1 16
46 1 17
41 1 19
44 1 13
41 1 6
42 1 5
40 1 14
49 1 16
50 1 20
40 1 20
48 1 16
41 1 3
43 1 20
48 1 4
42 1 13
47 1 8
45 1 19
40 1 11
43 1 13
41 1 13
42 1 10
50 1 17
45 1 6
40 1 1
45 1 12
49 1 7
41 1 3
43 1 20
47 1 12
45 1 10
47 1 18
46 1 3
46 1 3
41 1 5
49 1 7
45 1 1
43 1 10
50 1 7
42 1 19
47 1 5
42 1 10
50 1 16
49 1 3
49 1 16
43 1 12
45 1 8
50 1 14
40 1 13
42 1 6
40 1 18
41 1 18
47 1 9
44 1 19
48 1 19
47 1 13
49 1 13
48 1 14
40 1 3
50 1 4
42 1 13
45 1 17
45 1 9
48 1 15
49 1 17
41 1 5
44 1 15
50 1 7
41 1 1
45 1 16
45 1 7
42 1 4
41 1 8
41 1 17
48 1 8
45 1 6
48 1 7
47 1 19
43 1 6
42 1 1
41 1 2
42 1 11
50 1 6
40 1 8
49 1 15
46 1 8
42 1 19
50 1 5
45 1 8
42 1 2
50 1 20
47 1 15
42 1 15
45 1 9
47 1 18
46 1 6
48 1 6
49 1 18
41 1 2
40 1 16
43 1 13
48 1 17
50 1 20
40 1 1
49 1 9
49 1 19
44 1 9
47 1 16
50 1 7
45 1 13
49 1 1
42 1 2
49 1 6
47 1 13
50 1 18
45 1 5
43 1 3
46 1 15
45 1 7
40 1 18
46 1 4
48 1 4
45 1 14
49 1 8
44 1 14
47 1 19
44 1 8
46 1 12
47 1 9
47 1 15
44 1 2
49 1 12
47 1 17
46 1 10
46 1 8
47 1 2
48 1 10
50 1 20
41 1 7
48 1 4
42 1 2
50 1 20
44 1 3
42 1 19
46 1 17
41 1 17
50 1 3
48 1 13
46 1 10
45 1 17
40 1 9
45 1 17
49 1 19
50 1 19
40 1 14
43 1 2
48 1 18
45 1 10
48 1 5
50 1 9
49 1 12
48 1 19
49 1 5
45 1 5
49 1 4
45 1 7
41 1 15
47 1 14
50 1 19
42 1 20
48 1 1
44 1 19
50 1 5
46 1 3
49 1 11
40 1 20
50 1 10
42 1 6
47 1 12
49 1 13
42 1 1
40 1 13
40 1 8
47 1 18
42 1 2
45 1 10
50 1 15
42 1 13
40 1 8
46 1 17
44 1 1
41 1 14
44 1 1
42 1 12
48 1 17
48 1 16
46 1 12
40 1 16
48 1 19
50 1 13
46 1 18
44 1 7
42 1 7
45 1 17
40 1 7
46 1 13
44 1 13
42 1 8
48 1 16
49 1 2
43 1 14
50 1 17
40 1 12
48 1 5
48 1 9
49 1 14
48 1 8
47 1 6
44 1 12
49 1 17
43 1 4
46 1 4
47 1 4
45 1 4
42 1 3
50 1 13
48 1 20
48 1 19
46 1 6
48 1 19
44 1 5
43 1 2
48 1 19
45 1 11
45 1 9
45 1 6
46 1 19
43 1 6
46 1 15
43 1 16
40 1 5
47 1 15
46 1 16
41 1 13
44 1 14
40 1 11
40 1 4
40 1 9
48 1 14
43 1 11
41 1 2
47 1 15
43 1 6
47 1 5
47 1 4
49 1 8
41 1 2
50 1 13
42 1 19
40 1 6
40 1 10
50 1 17
43 1 3
48 1 10
49 1 9
43 1 10
40 1 9
47 1 11
49 1 5
44 1 19
45 1 15
43 1 5
48 1 17
50 1 2
40 1 7
49 1 15
41 1 19
43 1 10
40 1 15
40 1 14
46 1 10
46 1 1
41 1 5
44 1 7
46 1 16
44 1 3
40 1 19
47 1 11
41 1 17
46 1 6
48 1 13
45 1 6
40 1 4
40 1 8
50 1 9
47 1 5
50 1 4
50 1 14
46 1 11
43 1 7
47 1 15
47 1 11
45 1 19
48 1 16
40 1 2
40 1 6
49 1 12
44 1 4
50 1 13
49 1 5
47 1 16
42 1 6
50 1 9
47 1 13
40 1 14
40 1 1
45 1 6
45 1 3
44 1 13
44 1 19
46 1 4
49 1 14
48 1 13
49 1 19
44 1 19
45 1 8
40 1 8
43 1 7
40 1 12
47 1 18
49 1 10
46 1 2
44 1 9
41 1 7
45 1 1
46 1 10
47 1 8
41 1 8
50 1 18
48 1 8
42 1 19
47 1 16
46 1 19
41 1 18
40 1 15
44 1 19
49 1 4
41 1 12
40 1 14
46 1 3
41 1 3
48 1 14
48 1 1
41 1 4
47 1 2
41 1 6
43 1 16
46 1 11
47 1 12
46 1 10
45 1 8
43 1 3
44 1 10
47 1 8
49 1 6
43 1 16
47 1 11
45 1 9
42 1 8
46 1 8
40 1 8
46 1 20
40 1 17
50 1 7
46 1 12
40 1 9
43 1 10
47 1 6
50 1 12
46 1 4
41 1 19
44 1 5
48 1 19
42 1 4
46 1 15
45 1 1
47 1 11
41 1 17
40 1 14
49 1 12
40 1 5
45 1 13
46 1 6
48 1 15
46 1 12
41 1 20
50 1 4
46 1 20
48 1 15
46 1 20
46 1 6
46 1 6
46 1 4
50 1 20
45 1 1
44 1 11
49 1 5
43 1 14
44 1 10
41 1 6
40 1 19
42 1 1
41 1 7
40 1 20
43 1 16
44 1 20
40 1 18
46 1 7
43 1 16
45 1 15
49 1 12
43 1 2
43 1 11
42 1 19
46 1 9
45 1 19
40 1 20
46 1 10
48 1 3
49 1 19
46 1 13
41 1 8
43 1 10
47 1 9
40 1 2
45 1 13
48 1 12
41 1 17
41 1 17
49 1 7
40 1 6
46 1 11
43 1 10
49 1 18
41 1 3
43 1 15
47 1 20
47 1 20
49 1 12
41 1 12
47 1 1
44 1 1
45 1 15
48 1 4
42 1 1
47 1 20
49 1 17
46 1 10
46 1 16
46 1 4
42 1 14
42 1 7
41 1 1
40 1 12
46 1 8
45 1 14
46 1 4
42 1 4
42 1 9
43 1 4
46 1 11
49 1 12
43 1 9
40 1 20
41 1 4
42 1 10
48 1 16
42 1 19
50 1 20
41 1 14
43 1 5
47 1 19
48 1 1
46 1 11
41 1 15
48 1 7
42 1 2
43 1 3
40 1 19
48 1 11
46 1 6
46 1 9
50 1 5
47 1 14
47 1 16
47 1 12
48 1 2
44 1 19
49 1 19
43 1 20
41 1 3
41 1 16
40 1 2
42 1 6
47 1 19
49 1 17
42 1 9
48 1 15
45 1 20
41 1 4
50 1 11
48 1 8
50 1 17
40 1 3
44 1 3
44 1 13
43 1 12
49 1 6
43 1 4
42 1 16
41 1 3
49 1 6
41 1 7
45 1 3
44 1 3
46 1 12
46 1 5
47 1 9
45 1 12
49 1 13
45 1 13
50 1 20
48 1 15
43 1 6
47 1 14
42 1 9
40 1 13
43 1 4
42 1 1
46 1 5
45 1 14
49 1 12
50 1 14
43 1 14
42 1 8
42 1 13
45 1 9
50 1 13
40 1 6
48 1 4
47 1 19
42 1 6
42 1 14
44 1 4
44 1 19
40 1 6
45 1 3
50 1 13
41 1 15
43 1 1
48 1 18
48 1 11
41 1 8
46 1 1
45 1 17
41 1 7
46 1 2
43 1 20
47 1 16
50 1 7
40 1 16
47 1 10
43 1 12
43 1 1
50 1 3
43 1 16
43 1 3
45 1 9
44 1 18
45 1 14
44 1 4
48 1 3
47 1 19
47 1 17
41 1 18
48 1 11
48 1 11
46 1 11
41 1 6
45 1 10
40 1 16
50 1 8
49 1 8
48 1 15
41 1 17
49 1 20
42 1 10
45 1 17
50 1 4
42 1 16
48 1 7
42 1 9
44 1 16
44 1 20
47 1 10
41 1 15
49 1 5
44 1 19
50 1 17
47 1 13
43 1 14
47 1 12
42 1 2
49 1 13
40 1 12
43 1 9
49 1 2
42 1 16
41 1 20
46 1 10
41 1 15
47 1 16
44 1 8
46 1 20
44 1 13
43 1 14
40 1 19
41 1 10
43 1 9
48 1 17
40 1 1
43 1 18
42 1 15
40 1 4
42 1 2
41 1 10
47 1 9
47 1 15
40 1 3
47 1 6
41 1 3
49 1 4
43 1 1
44 1 18
49 1 7
49 1 7
48 1 12
50 1 15
44 1 5
45 1 17
49 1 4
44 1 13
46 1 14
46 1 4
46 1 7
43 1 11
43 1 14
46 1 15
41 1 10
45 1 13
48 1 7
46 1 15
49 1 1
43 1 7
41 1 13
48 1 11
45 1 5
40 1 6
45 1 5
50 1 3
50 1 7
49 1 16
48 1 5
46 1 4
48 1 9
41 1 16
45 1 2
41 1 10
46 1 15
45 1 6
45 1 11
49 1 10
40 1 3
40 1 17
49 1 15
45 1 19
49 1 2
49 1 6
41 1 12
49 1 15
49 1 4
47 1 4
47 1 11
42 1 7
44 1 19
49 1 6
49 1 2
43 1 18
45 1 17
49 1 13
44 1 4
40 1 6
48 1 20
49 1 11
48 1 6
41 1 12
45 1 17
42 1 11
46 1 20
47 1 17
42 1 9
40 1 7
47 1 1
40 1 9
44 1 13
41 1 9
41 1 20
42 1 13
41 1 20
49 1 7
44 1 20
47 1 14
44 1 4
43 1 7
41 1 15
48 1 17
44 1 1
42 1 6
50 1 3
48 1 11
41 1 9
48 1 14
43 1 19
41 1 11
49 1 18
48 1 7
47 1 17
49 1 13
45 1 12
48 1 13
44 1 5
41 1 17
43 1 19
41 1 14
47 1 15
41 1 5
41 1 4
42 1 5
50 1 7
49 1 19
42 1 13
43 1 8
46 1 15
46 1 2
50 1 19
49 1 17
43 1 9
46 1 16
49 1 3
45 1 3
44 1 16
45 1 16
46 1 20
42 1 1
41 1 7
48 1 11
44 1 11
43 1 10
46 1 13
48 1 17
50 1 5
49 1 14
50 1 8
42 1 16
44 1 20
45 1 18
46 1 9
47 1 4
45 1 15
42 1 17
49 1 7
46 1 9
47 1 20
50 1 20
41 1 3
49 1 20
45 1 20
46 1 10
42 1 11
44 1 9
43 1 13
46 1 7
40 1 20
42 1 3
44 1 12
49 1 19
41 1 19
48 1 6
48 1 12
50 1 19
49 1 8
45 1 12
48 1 16
50 1 9
50 1 3
46 1 5
41 1 16
41 1 11
40 1 4
42 1 5
41 1 8
41 1 19
45 1 12
47 1 11
48 1 8
47 1 1
45 1 11
46 1 5
43 1 2
40 1 1
45 1 17
46 1 17
40 1 8
40 1 13
46 1 9
41 1 10
41 1 8
50 1 10
43 1 20
40 1 3
48 1 4
44 1 10
41 1 10
50 1 17
41 1 4
42 1 16
40 1 9
41 1 16
48 1 18
43 1 5
48 1 20
49 1 13
46 1 3
47 1 4
48 1 19
45 1 19
46 1 8
42 1 10
40 1 3
46 1 15
44 1 2
40 1 14
50 1 20
41 1 16
44 1 5
42 1 16
44 1 6
43 1 3
45 1 20
43 1 20
45 1 11
49 1 11
40 1 8
49 1 8
47 1 13
43 1 6
44 1 12
50 1 20
43 1 15
40 1 17
40 1 3
46 1 8
50 1 1
49 1 10
40 1 13
41 1 18
45 1 20
44 1 13
50 1 4
42 1 2
49 1 14
41 1 17
46 1 12
44 1 8
47 1 14
40 1 6
47 1 8
48 1 16
44 1 7
50 1 19
41 1 8
48 1 9
49 1 6
45 1 13
43 1 10
46 1 17
45 1 5
44 1 12
42 1 6
49 1 5
42 1 8
41 1 20
45 1 2
40 1 18
47 1 8
41 1 5
50 1 3
45 1 12
48 1 4
48 1 20
49 1 3
44 1 12
42 1 7
44 1 18
40 1 17
45 1 17
44 1 2
45 1 4
47 1 19
47 1 20
47 1 2
46 1 2
47 1 13
41 1 5
44 1 12
40 1 3
46 1 9
45 1 15
47 1 20
47 1 9
42 1 17
46 1 17
41 1 9
50 1 2
49 1 1
47 1 12
46 1 13
42 1 14
44 1 6
40 1 19
48 1 10
45 1 7
47 1 4
43 1 3
49 1 4
48 1 6
48 1 14
44 1 19
49 1 6
46 1 3
50 1 12
49 1 2
40 1 20
42 1 20
50 1 6
41 1 6
50 1 14
50 1 2
46 1 17
46 1 9
41 1 17
48 1 12
42 1 20
46 1 2
46 1 11
49 1 11
41 1 16
50 1 9
50 1 7
42 1 2
48 1 17
44 1 17
48 1 5
47 1 14
44 1 4
41 1 3
47 1 1
47 1 5
41 1 20
47 1 16
49 1 2
49 1 20
43 1 1
40 1 20
49 1 14
42 1 1
46 1 13
45 1 11
43 1 6
45 1 13
43 1 17
50 1 14
40 1 10
44 1 10
47 1 10
42 1 7
40 1 13
48 1 5
48 1 15
46 1 15
47 1 5
50 1 15
43 1 7
42 1 9
44 1 16
50 1 17
46 1 16
42 1 5
49 1 18
50 1 12
48 1 13
45 1 13
49 1 8
47 1 12
45 1 17
48 1 7
47 1 17
41 1 8
49 1 3
50 1 17
40 1 12
42 1 16
45 1 12
49 1 17
40 1 1
50 1 18
46 1 1
42 1 6
42 1 8
45 1 5
41 1 8
49 1 6
49 1 16
41 1 12
42 1 13
42 1 4
41 1 4
46 1 6
45 1 17
40 1 6
44 1 11
42 1 2
50 1 5
43 1 14
44 1 14
50 1 5
43 1 4
41 1 14
47 1 20
44 1 14
43 1 14
45 1 6
42 1 17
41 1 7
50 1 8
40 1 12
40 1 12
46 1 11
43 1 7
49 1 14
50 1 13
48 1 2
43 1 2
40 1 3
40 1 12
45 1 7
47 1 17
45 1 15
40 1 12
41 1 20
46 1 18
41 1 17
44 1 9
47 1 4
40 1 19
43 1 20
49 1 3
46 1 6
45 1 1
44 1 20
48 1 11
43 1 3
46 1 4
50 1 11
46 1 18
50 1 19
42 1 11
50 1 11
49 1 9
48 1 17
40 1 4
44 1 6
49 1 6
40 1 13
49 1 13
42 1 11
41 1 5
48 1 20
41 1 10
42 1 17
44 1 18
48 1 11
41 1 14
40 1 3
46 1 17
47 1 19
48 1 15
49 1 10
40 1 17
44 1 19
49 1 15
44 1 13
45 1 3
43 1 3
46 1 4
41 1 20
46 1 13
44 1 18
40 1 9
50 1 3
49 1 2
47 1 11
44 1 11
46 1 19
40 1 6
44 1 5
46 1 8
40 1 6
50 1 3
49 1 19
41 1 13
46 1 5
47 1 18
47 1 13
50 1 6
47 1 16
41 1 18
48 1 3
45 1 1
47 1 5
43 1 4
46 1 9
41 1 9
50 1 1
44 1 10
50 1 12
49 1 5
45 1 2
47 1 17
40 1 8
45 1 16
42 1 1
49 1 6
47 1 3
44 1 16
40 1 17
48 1 13
46 1 19
41 1 11
45 1 16
40 1 7
50 1 10
45 1 5
49 1 2
42 1 17
41 1 5
45 1 12
50 1 12
50 1 14
47 1 9
44 1 17
46 1 10
50 1 20
48 1 1
41 1 20
40 1 1
42 1 13
43 1 7
40 1 13
46 1 7
41 1 17
43 1 2
48 1 2
40 1 19
50 1 6
42 1 2
41 1 20
46 1 1
44 1 9
46 1 14
45 1 19
42 1 18
44 1 15
41 1 8
48 1 2
42 1 15
41 1 15
50 1 7
43 1 16
45 1 19
45 1 16
44 1 20
47 1 7
48 1 14
41 1 6
46 1 13
43 1 13
45 1 11
44 1 10
42 1 4
42 1 12
44 1 20
45 1 1
49 1 18
47 1 19
41 1 13
46 1 4
50 1 1
50 1 11
46 1 12
50 1 1
47 1 14
46 1 19
45 1 6
45 1 3
45 1 18
50 1 19
42 1 5
40 1 13
49 1 8
45 1 16
49 1 4
48 1 19
43 1 13
40 1 1
40 1 19
45 1 12
49 1 4
46 1 20
1984
41 1 411746097
50 1 879973840
41 1 371998847
49 1 143916259
40 1 132022499
44 1 924191541
40 1 687244420
46 1 773362565
42 1 163229722
47 1 552957642
46 1 320081887
48 1 676078124
44 1 604408464
49 1 693707500
46 1 580355684
40 1 452750621
41 1 462086194
49 1 265157058
40 1 312482496
45 1 518221182
46 1 744797255
40 1 719084789
49 1 289651436
41 1 364450294
40 1 960037762
43 1 788099197
43 1 338413798
45 1 122014518
43 1 360406983
49 1 459046240
46 1 941590975
47 1 591517058
45 1 995223133
47 1 101204296
42 1 316480367
49 1 928159595
46 1 814962135
44 1 161104247
46 1 116491944
45 1 699986464
46 1 509947098
50 1 326535313
40 1 459195497
45 1 844515483
47 1 868654521
44 1 876112528
45 1 419513462
41 1 626391266
41 1 638676349
41 1 857760528
44 1 873508079
43 1 268132094
49 1 291476028
42 1 432919583
44 1 781619970
43 1 674138118
48 1 587415105
48 1 541422135
41 1 463764132
49 1 583813320
48 1 588786787
48 1 270796088
43 1 806807819
49 1 562012544
45 1 861825979
43 1 492830423
47 1 440285731
49 1 390336587
43 1 189434504
50 1 424882271
42 1 151630778
44 1 273802124
44 1 839743129
47 1 121760178
40 1 566543773
40 1 205035618
40 1 641381922
42 1 445616262
48 1 149298767
47 1 735866901
47 1 683525824
40 1 503941720
42 1 168362078
49 1 210985306
48 1 777346810
44 1 121399204
45 1 659145530
49 1 239017606
47 1 176320866
40 1 490853479
42 1 384231967
46 1 681492889
45 1 786973759
47 1 773800585
40 1 307878213
49 1 725905669
50 1 476519524
40 1 510869422
41 1 230630017
40 1 422538390
41 1 271303234
42 1 330506968
47 1 303578699
43 1 221926904
48 1 713281168
43 1 556455478
45 1 667378551
50 1 621211998
44 1 107365193
47 1 401210505
45 1 856331334
49 1 568432239
46 1 674855861
43 1 143293774
44 1 210373772
49 1 137150304
44 1 903051094
47 1 122933405
49 1 919889405
50 1 266981662
43 1 143203474
47 1 153989223
47 1 312758096
50 1 345742501
45 1 230649691
44 1 934950676
43 1 798475252
42 1 782994757
42 1 970249476
42 1 798279178
43 1 683083893
42 1 117085475
43 1 873916104
50 1 411592959
45 1 246243678
41 1 674967630
45 1 212116576
45 1 377797753
41 1 393789668
49 1 355626091
47 1 976806652
47 1 718650632
45 1 566964526
42 1 595540931
46 1 672937175
44 1 692708835
43 1 821130810
48 1 211175507
48 1 283667793
49 1 483626458
46 1 617823274
40 1 307839111
49 1 331347239
43 1 718132533
46 1 261173712
41 1 378978905
48 1 580718988
46 1 160594386
48 1 193352190
42 1 174956745
48 1 957878546
50 1 288562523
43 1 213285471
49 1 942867686
44 1 390439799
47 1 223029881
42 1 555714116
43 1 425189346
42 1 406843653
42 1 169542625
45 1 659569636
40 1 431930774
48 1 534900177
44 1 852566772
43 1 593939241
43 1 443927083
41 1 897825596
49 1 233907812
50 1 510407797
49 1 518154325
42 1 813340744
44 1 285769171
49 1 703669473
49 1 653513852
41 1 816365618
45 1 544235438
44 1 916645697
47 1 445015712
48 1 914723158
46 1 909902234
44 1 416813167
41 1 389562852
41 1 848447908
48 1 405560134
50 1 304709641
43 1 683737068
41 1 542334477
47 1 415662450
49 1 291191969
43 1 426096946
49 1 454727728
46 1 504019589
47 1 194227724
48 1 338375923
46 1 275387705
47 1 212095342
41 1 580603906
40 1 376986050
48 1 462957194
49 1 954336676
47 1 933262183
48 1 289574767
44 1 248372029
41 1 832678069
48 1 255968072
42 1 366946829
46 1 416320658
43 1 319135118
44 1 850391805
48 1 641311135
42 1 796693891
48 1 495843992
43 1 217184702
45 1 756968328
41 1 624648382
50 1 306322309
41 1 264695694
40 1 439012009
44 1 545296494
49 1 195863924
50 1 360144463
41 1 694733502
50 1 547949946
43 1 420898432
49 1 617738877
47 1 111261940
46 1 826273474
48 1 102473885
47 1 236168097
50 1 273509146
43 1 340583794
48 1 646117469
44 1 620969182
41 1 293873556
40 1 688108710
40 1 940831988
44 1 410148129
46 1 411541338
49 1 446106409
47 1 611774920
44 1 177258604
40 1 231533813
46 1 612214464
44 1 473864879
48 1 970908875
46 1 292787799
42 1 641434309
42 1 778845625
40 1 867800833
41 1 431204963
45 1 915362301
42 1 581693816
46 1 110419679
45 1 794659661
48 1 802710125
45 1 310213025
42 1 873095201
48 1 371024499
43 1 333982950
50 1 456302492
47 1 798668050
49 1 595173380
42 1 332927165
40 1 230296573
42 1 470791429
42 1 252655365
44 1 532602959
48 1 438135980
44 1 862447589
44 1 883503504
46 1 218178717
41 1 162498713
50 1 319458194
40 1 286127545
48 1 383148429
50 1 444726063
42 1 725317497
47 1 117395438
40 1 285366192
40 1 487969498
49 1 331514262
46 1 301263382
44 1 623624753
48 1 810479965
47 1 906988078
47 1 462474178
42 1 673418869
48 1 442813493
43 1 397757830
41 1 676110075
41 1 163478025
46 1 172974779
42 1 253016605
45 1 743360897
47 1 680548763
43 1 364936266
46 1 143141039
43 1 272229234
46 1 296698364
49 1 428692691
48 1 396617802
41 1 216722939
40 1 238451943
45 1 498359290
45 1 168109763
40 1 992788463
44 1 205153498
40 1 877210481
42 1 565668547
42 1 986228995
46 1 540169815
49 1 169136752
40 1 374061349
44 1 317394676
46 1 890085378
42 1 693000411
42 1 928025914
48 1 724984515
50 1 320440118
49 1 167412232
47 1 719922102
45 1 562608948
45 1 651435465
41 1 180697904
41 1 860240462
40 1 366311818
50 1 901811299
44 1 319395114
41 1 282767622
43 1 241583879
49 1 492772390
43 1 227473227
48 1 330676910
41 1 393614865
44 1 203508784
45 1 329814221
48 1 520845202
46 1 943083571
50 1 609117360
45 1 182248386
44 1 795698310
46 1 530491997
49 1 132513294
44 1 168790733
45 1 111874942
45 1 302563114
46 1 206922775
44 1 190029803
48 1 838259853
40 1 361746542
42 1 189331939
44 1 538197895
47 1 318737594
44 1 539950364
49 1 675618962
45 1 416098491
48 1 587655073
41 1 130023669
41 1 550149114
44 1 249430743
47 1 570500249
43 1 737305767
44 1 171604353
40 1 321156263
46 1 960792174
40 1 296525990
50 1 705201173
45 1 762847168
41 1 531728746
41 1 404076190
42 1 996814237
50 1 770282033
46 1 438928945
41 1 424293947
47 1 793863339
43 1 968197694
42 1 347703352
47 1 259157856
50 1 327413420
50 1 913494563
46 1 310261815
41 1 654419486
42 1 784193403
40 1 606229846
48 1 342956808
43 1 913161374
41 1 169447618
45 1 408758697
42 1 608726929
44 1 306979393
42 1 362260776
49 1 348558956
49 1 527833556
48 1 602758816
46 1 930827204
42 1 635071408
43 1 806363854
50 1 684541164
42 1 803571095
41 1 785034820
49 1 123321458
43 1 953961507
47 1 246669521
49 1 120660374
49 1 291217902
49 1 986175971
45 1 732793686
50 1 918071516
50 1 342699763
40 1 439367900
47 1 729045584
46 1 929075195
41 1 256106219
48 1 723436804
50 1 451372483
48 1 295243794
48 1 340679104
42 1 329624201
43 1 196711436
46 1 404828651
47 1 230607300
44 1 162760587
48 1 966679357
41 1 518277502
50 1 343095778
48 1 235107220
50 1 239458340
45 1 381643119
40 1 310453772
49 1 997787731
45 1 401851733
42 1 421235290
49 1 205769069
45 1 517568372
46 1 942551772
43 1 874508672
48 1 888683895
44 1 975982526
46 1 198177588
47 1 123802167
49 1 800190843
40 1 736307007
44 1 143715587
47 1 236605324
46 1 788921567
49 1 424793989
48 1 902114313
43 1 636226678
45 1 379236705
41 1 522146980
49 1 692308687
49 1 740918936
40 1 751800824
49 1 261807078
50 1 709997626
47 1 913376055
45 1 999257723
49 1 352351862
41 1 343267300
47 1 984955681
41 1 314629652
40 1 305576511
47 1 184281301
50 1 960259095
47 1 504814878
41 1 858791792
42 1 945137518
45 1 304288393
40 1 697364438
41 1 594842005
40 1 367554460
49 1 978965468
44 1 304003927
47 1 112640822
40 1 107481909
44 1 952706867
45 1 134600897
49 1 101982371
45 1 654098606
42 1 448370168
49 1 291293241
43 1 648959176
41 1 639030237
45 1 574126399
44 1 566179097
47 1 238344885
40 1 713185445
44 1 266127268
46 1 340169063
50 1 134760875
48 1 322562574
50 1 955316246
41 1 725509851
47 1 328200594
41 1 335031516
47 1 422402398
42 1 111500648
41 1 707802454
49 1 277055962
44 1 410362323
44 1 868520228
45 1 760477735
46 1 568610897
46 1 322714447
40 1 480038397
45 1 116389767
47 1 938557304
40 1 686933756
50 1 250456348
44 1 874176223
44 1 884458489
44 1 320557279
41 1 715553701
41 1 453940402
40 1 106136926
48 1 253734418
42 1 464542697
48 1 866868582
41 1 305742027
43 1 830363623
43 1 281567404
43 1 276325666
49 1 353764245
44 1 880685013
49 1 158143374
49 1 147805963
48 1 856555475
46 1 230700862
43 1 660157550
42 1 241250007
41 1 385104304
45 1 752821548
43 1 352749320
47 1 714974896
41 1 493557110
45 1 405022928
48 1 727955165
47 1 643290260
49 1 805330953
47 1 394243724
41 1 648131334
48 1 559780952
44 1 162652723
46 1 709802884
50 1 981870097
47 1 471030555
48 1 588080624
41 1 409092896
48 1 885980119
48 1 145628983
46 1 108182760
48 1 114509945
47 1 648303875
48 1 364979338
49 1 229128555
46 1 410291991
47 1 618519957
49 1 256071699
48 1 303532455
44 1 476538808
43 1 381487022
48 1 906370625
44 1 772958386
42 1 462770236
46 1 393839885
50 1 634300814
45 1 399474991
47 1 224427254
41 1 752018607
41 1 359651300
43 1 452086393
46 1 312397629
50 1 175340187
41 1 182536236
43 1 120942089
40 1 815449014
45 1 360807484
44 1 911691637
41 1 688454050
47 1 430165230
43 1 644880297
44 1 526073869
46 1 525721148
45 1 227656149
50 1 303544472
41 1 894485354
44 1 169665841
41 1 284562197
49 1 187933899
50 1 311414044
46 1 764085034
50 1 988843941
44 1 374072825
42 1 351909598
43 1 123631532
49 1 561862472
43 1 152902492
43 1 683726954
50 1 305108378
43 1 269647522
50 1 682804240
44 1 427347734
48 1 684991634
46 1 832200476
40 1 389724747
49 1 330755021
47 1 256386108
43 1 865181514
46 1 924107110
48 1 710970092
46 1 706529582
43 1 616269847
46 1 665652388
42 1 232962257
46 1 211984971
46 1 418632068
49 1 625051910
40 1 893723806
48 1 730222801
46 1 816073636
46 1 400869543
48 1 155736394
44 1 404067417
44 1 169004889
46 1 583756620
46 1 687908187
46 1 573261019
43 1 689692540
49 1 812939811
41 1 887907003
44 1 173965051
44 1 118135753
42 1 116820313
42 1 110339498
42 1 457376731
40 1 832838247
40 1 387867976
49 1 297903575
49 1 204659366
50 1 734754908
45 1 223475814
48 1 430599336
45 1 239580886
49 1 210587573
45 1 958563737
41 1 276034029
41 1 434444226
41 1 882357957
46 1 392409219
45 1 311289761
48 1 488191688
46 1 442366174
41 1 569378291
40 1 366541841
43 1 107779330
50 1 419781990
40 1 875898028
49 1 760697130
49 1 155291332
43 1 925685746
47 1 441376126
50 1 236755555
49 1 209927531
41 1 127385677
45 1 197139136
45 1 440964031
44 1 912626742
45 1 151271288
44 1 631009180
41 1 605376503
49 1 154212117
49 1 527972467
43 1 706705979
45 1 329565276
46 1 318149039
40 1 489155448
41 1 257301354
42 1 791497636
48 1 910505927
46 1 600297738
43 1 273517948
40 1 424154458
49 1 206809043
49 1 781990010
45 1 346199651
44 1 237732543
46 1 623281380
41 1 652750914
44 1 759619022
41 1 148166706
41 1 934801712
47 1 901341825
47 1 757457028
50 1 245639004
43 1 156900675
44 1 224849624
42 1 307070732
40 1 944491833
43 1 357845076
40 1 163114358
43 1 403095062
42 1 137548938
40 1 711182108
41 1 332429337
41 1 739645831
45 1 597739388
43 1 265282554
50 1 755992748
41 1 214438718
47 1 431102801
42 1 273015201
48 1 788465604
48 1 325117341
46 1 238079850
43 1 550320485
41 1 148663373
40 1 219116996
45 1 377539026
40 1 628419454
42 1 164500586
49 1 233976994
44 1 629889813
40 1 513808442
45 1 268971506
49 1 505680872
43 1 560891252
47 1 722561311
46 1 235570190
50 1 462672171
48 1 864370917
40 1 970348849
45 1 244083278
44 1 573529552
44 1 405471250
40 1 942836843
44 1 257857737
40 1 200915617
44 1 951074147
48 1 366279460
49 1 236796400
49 1 975413752
42 1 811285013
41 1 380711435
49 1 624673128
45 1 852557277
50 1 426860351
49 1 399474201
48 1 791460423
45 1 853385566
48 1 919570759
40 1 994845873
40 1 209397367
40 1 124832459
41 1 708473567
41 1 753026357
44 1 885910640
41 1 605797876
44 1 184743386
45 1 192124904
45 1 336371317
42 1 559484580
45 1 833763272
45 1 662083221
46 1 366780923
45 1 214398180
42 1 699515188
43 1 961583820
42 1 772841944
48 1 197445043
48 1 298096353
41 1 286735385
47 1 877621995
46 1 381470467
48 1 895523805
49 1 174642939
49 1 948994576
49 1 349498893
48 1 942279061
45 1 831285995
46 1 807262633
45 1 871744275
44 1 906915173
40 1 910447446
43 1 117184168
46 1 420628193
46 1 683026245
43 1 528689728
50 1 573650848
45 1 283531336
50 1 344465006
44 1 209626831
47 1 287924308
42 1 822206561
47 1 454545281
40 1 301941630
44 1 688915565
46 1 638004964
47 1 501621941
49 1 109908788
50 1 943973961
43 1 581925538
43 1 864118380
44 1 293909868
50 1 556887162
48 1 424558909
41 1 730251138
41 1 528266467
43 1 181940310
50 1 206270249
43 1 277867942
40 1 495018536
43 1 250191077
46 1 151445475
48 1 953052001
45 1 793563858
44 1 654309637
40 1 915900019
49 1 962319506
44 1 493354702
49 1 608657281
45 1 406507592
47 1 752446378
48 1 104479212
47 1 484966436
42 1 754932785
42 1 181390906
50 1 664423217
40 1 350396460
50 1 272432106
48 1 980917848
48 1 395745897
49 1 918210017
50 1 853075068
48 1 330001199
43 1 843257131
47 1 133367463
42 1 279315685
48 1 723386260
46 1 809337212
46 1 725386755
42 1 960825907
46 1 745820801
50 1 533739234
44 1 315215980
46 1 203641380
45 1 492647922
43 1 434740850
49 1 273203154
41 1 724465591
49 1 156875270
41 1 465223625
42 1 969024318
44 1 296527505
43 1 125397243
40 1 372952847
40 1 248522849
48 1 758366174
41 1 358063578
49 1 862264360
41 1 419868863
44 1 675261310
44 1 103614245
43 1 271699564
42 1 494271528
48 1 222233153
45 1 174643423
48 1 626424576
47 1 701817770
43 1 336718465
43 1 393337561
44 1 309439513
49 1 525883342
44 1 368020265
44 1 582754443
43 1 384613586
47 1 484382487
44 1 656739915
43 1 208751575
40 1 379477207
43 1 576657882
46 1 262202194
48 1 253826390
43 1 246417417
46 1 858539617
42 1 977128998
50 1 994740869
40 1 470424886
41 1 429993852
48 1 112004592
47 1 816206402
44 1 904482496
47 1 489474531
44 1 298222546
43 1 135608392
46 1 763894534
43 1 936848804
47 1 116950521
49 1 130095863
42 1 660965051
48 1 230524409
42 1 928800946
41 1 102840838
43 1 917409871
48 1 636390372
45 1 396728220
49 1 914840247
46 1 668806670
49 1 652931814
46 1 749147659
50 1 407087773
46 1 324874310
43 1 240682820
42 1 180751580
47 1 163569095
40 1 927010423
50 1 402519970
47 1 371802677
42 1 100765989
40 1 986270037
50 1 444868146
49 1 611160710
41 1 242928438
46 1 495625033
42 1 702379141
50 1 315858083
46 1 142435645
47 1 625054303
40 1 450967302
43 1 131465128
40 1 253742774
49 1 141297595
42 1 871278544
41 1 658339952
42 1 184687587
40 1 322233243
50 1 338156001
45 1 254154272
50 1 512240784
44 1 307811471
46 1 590084844
40 1 929457973
40 1 349022685
40 1 597892561
46 1 784268690
41 1 334908039
46 1 176655179
47 1 705936744
44 1 690677258
46 1 368384017
40 1 364474846
46 1 228468322
47 1 546840515
49 1 454399241
44 1 636304160
47 1 457331088
43 1 830124190
49 1 192699988
48 1 781242520
44 1 429155031
50 1 417171561
47 1 530421862
42 1 525661287
41 1 257547960
44 1 697201738
40 1 969393352
48 1 621957944
50 1 256244792
41 1 821775769
41 1 946544794
43 1 398020967
48 1 123743351
45 1 845091755
45 1 777049720
49 1 935582473
48 1 176105813
46 1 110693912
42 1 939806117
46 1 667329580
47 1 276008226
49 1 851278694
43 1 414952203
49 1 247431369
42 1 550044904
50 1 245470400
40 1 901645372
47 1 103046486
42 1 246607014
44 1 262926311
40 1 741370370
46 1 705307987
45 1 395590567
46 1 811831448
49 1 215740897
46 1 108019505
50 1 218418216
40 1 196343363
44 1 633662625
40 1 736279818
46 1 704965464
41 1 595943268
49 1 726330399
46 1 355993935
40 1 303856290
40 1 413367761
41 1 235735313
44 1 100415124
48 1 752439163
42 1 636634659
41 1 219200243
49 1 435140987
47 1 346789822
50 1 625820941
44 1 403751548
50 1 136940221
43 1 138039691
43 1 337298966
40 1 560685698
43 1 343834826
46 1 396211065
42 1 251125194
45 1 766783329
49 1 607755578
45 1 360262209
42 1 161430703
42 1 821989858
49 1 347291007
40 1 352181794
45 1 930668060
40 1 418125005
41 1 163303298
43 1 257053553
42 1 146573438
47 1 918859360
45 1 388827160
46 1 988450822
43 1 333838720
46 1 318126921
48 1 582355350
41 1 126567262
40 1 209926164
41 1 113424965
40 1 434300286
49 1 951466281
44 1 361714653
42 1 588961136
46 1 431006168
42 1 256318699
46 1 305172890
43 1 768520946
41 1 230009559
41 1 224069803
46 1 743753190
50 1 449561712
44 1 204382786
42 1 411377435
42 1 485968730
48 1 936622676
47 1 574662498
45 1 334632550
48 1 436718120
42 1 121883867
40 1 735203392
44 1 347616920
47 1 809318450
45 1 350882066
49 1 774362833
47 1 553108571
47 1 289701554
46 1 265178670
46 1 324391921
42 1 487276683
41 1 356193557
49 1 284739502
43 1 941919744
40 1 138145778
44 1 429180905
42 1 220475591
40 1 660957331
48 1 213198419
49 1 133548789
49 1 832375902
46 1 767218861
46 1 499414021
47 1 304706988
41 1 163288843
46 1 127317356
45 1 885782036
48 1 342546988
50 1 174386443
46 1 915799695
46 1 365933987
49 1 393750238
42 1 194330161
45 1 756093918
40 1 458943323
44 1 636671825
41 1 458815194
48 1 655576972
41 1 110364482
43 1 416731773
44 1 429148368
44 1 984097680
46 1 665190630
43 1 553809233
46 1 567770521
41 1 515767861
48 1 978424046
42 1 585013452
42 1 485841585
48 1 773376559
49 1 401342122
50 1 155113052
45 1 826655766
42 1 794124367
40 1 140911079
47 1 546418104
47 1 705701943
50 1 327142542
41 1 163817488
46 1 145353666
40 1 798642492
42 1 982149125
48 1 304041644
41 1 256481925
48 1 532654179
43 1 695074399
46 1 700717926
42 1 347725408
45 1 220535026
47 1 823861316
47 1 928314269
45 1 826127723
47 1 389242012
49 1 957888466
42 1 553542727
41 1 419971895
48 1 930220938
41 1 522876095
47 1 985765325
49 1 717110102
40 1 444833746
45 1 853744170
40 1 493396919
50 1 173053792
41 1 157388623
49 1 866606530
47 1 434984993
40 1 318498293
45 1 903401128
44 1 263816143
40 1 848066922
50 1 182924647
50 1 468992443
48 1 338353355
46 1 613885087
41 1 168353293
47 1 276516129
40 1 506029890
48 1 254978662
45 1 721428528
49 1 394411432
45 1 344144573
44 1 854407204
42 1 325348366
44 1 248159172
45 1 269635756
43 1 839547727
48 1 654818941
48 1 295556198
44 1 613764225
45 1 628862195
48 1 468394194
49 1 130456003
42 1 585441480
49 1 147384866
50 1 316269007
49 1 781944010
48 1 105449609
44 1 414023089
48 1 276196511
40 1 319362035
44 1 111072082
44 1 692639403
45 1 651007296
47 1 907245588
50 1 192443836
40 1 100241060
49 1 265372071
50 1 255970642
45 1 924698883
50 1 909686731
42 1 372360827
45 1 237208182
40 1 443189061
42 1 277040104
47 1 463339123
42 1 431729992
49 1 817693938
44 1 651697521
43 1 545392908
50 1 796263443
42 1 133082139
46 1 552005741
46 1 613337183
43 1 303842815
43 1 332473708
43 1 649886942
50 1 579911392
48 1 595342509
47 1 297803468
45 1 633727007
45 1 587158161
45 1 913181320
44 1 836190269
50 1 474955040
45 1 313255712
49 1 438794691
48 1 694046499
42 1 397141852
49 1 731688882
49 1 147678186
46 1 122143624
44 1 220843693
40 1 155428425
44 1 667296614
50 1 184834843
47 1 447904654
49 1 201380172
43 1 767399101
46 1 264823637
42 1 243508365
47 1 393418983
48 1 123168752
50 1 138690996
46 1 154893233
41 1 537071271
42 1 260993478
42 1 936044574
48 1 176638070
43 1 381592814
48 1 700356598
41 1 364389485
42 1 804069973
46 1 453358372
40 1 784330386
48 1 889872973
46 1 407597324
42 1 630520423
44 1 473793898
46 1 104230227
46 1 327468439
49 1 777225776
49 1 626633493
40 1 727280846
42 1 446503021
46 1 718526190
41 1 169226638
48 1 690380562
40 1 140006172
44 1 532707463
47 1 172771445
45 1 314846177
43 1 797443550
42 1 198116672
50 1 174597656
43 1 646495536
50 1 171871245
40 1 238045476
48 1 690582079
45 1 391821156
42 1 357536873
40 1 268066006
45 1 341014933
41 1 108047282
43 1 141059835
43 1 152637120
49 1 601481876
44 1 903747356
50 1 529057004
41 1 707205582
48 1 443834970
49 1 573279787
45 1 358760650
50 1 828239236
40 1 295390883
48 1 672054981
50 1 508630640
40 1 465815699
46 1 386218176
49 1 984400777
46 1 467886024
48 1 572676328
44 1 850037844
46 1 488345452
48 1 314774466
49 1 602301240
46 1 648496822
49 1 390730245
49 1 937411907
41 1 750630881
45 1 360716052
43 1 767557572
45 1 489337928
48 1 683231987
40 1 104264947
49 1 703105245
49 1 544010483
42 1 268713809
45 1 303395228
44 1 660064327
48 1 126581172
40 1 820761086
50 1 902032204
45 1 286954451
45 1 337439596
48 1 195165077
47 1 231159914
49 1 633296356
40 1 739862594
40 1 430859831
48 1 336527101
41 1 708233659
48 1 652233773
49 1 196123442
43 1 110353823
43 1 693464131
45 1 669573574
45 1 342460021
46 1 352151812
42 1 467140759
43 1 624339063
48 1 521305874
42 1 334421542
40 1 438959355
41 1 963407733
46 1 330495099
48 1 441428058
43 1 700919187
46 1 785191719
40 1 977648829
40 1 370745409
50 1 165577619
46 1 928230242
42 1 450083668
50 1 315880469
44 1 288356895
44 1 626361286
43 1 661610479
42 1 151724185
42 1 134301612
44 1 106372324
45 1 505681020
40 1 360834830
40 1 879134368
48 1 523754524
41 1 958718730
44 1 286015585
44 1 814148092
45 1 875448695
49 1 200802490
41 1 962456515
50 1 678891002
40 1 150058244
50 1 327921439
50 1 403509656
40 1 547010585
46 1 666341916
48 1 221861469
50 1 397348983
48 1 141315079
47 1 605650888
45 1 462006793
49 1 409699084
46 1 333317838
44 1 233942917
50 1 163070685
45 1 144136302
43 1 237622892
41 1 532411915
44 1 565438774
46 1 276047001
49 1 641972830
49 1 851732396
40 1 605041981
45 1 865007509
40 1 747888308
41 1 406221294
41 1 565705705
49 1 182045757
42 1 158327117
42 1 447493931
50 1 323773361
47 1 526726153
44 1 210793335
40 1 183368691
46 1 998980148
42 1 877146368
44 1 915542866
42 1 894912939
44 1 995809785
47 1 944587014
40 1 429754453
43 1 624946564
42 1 798067949
50 1 774818252
42 1 854740556
48 1 434573607
44 1 633340584
41 1 490429495
45 1 383666456
48 1 740462247
50 1 204829536
48 1 853869421
43 1 360189087
41 1 414639999
47 1 640742674
46 1 728218914
42 1 763234327
42 1 872119175
41 1 918123778
49 1 308864595
43 1 901156431
40 1 341795799
50 1 338403014
47 1 309216593
49 1 151035296
48 1 453490415
50 1 672043994
50 1 470496062
47 1 122249490
46 1 342967660
41 1 400946972
47 1 136070389
40 1 100482067
49 1 633049047
41 1 228262750
50 1 950806907
50 1 452606883
41 1 518013295
46 1 321147783
45 1 914430405
41 1 286519077
50 1 294863787
46 1 925444856
50 1 513267507
50 1 701198578
42 1 170670028
40 1 141326570
41 1 503221320
42 1 268153794
42 1 636827496
49 1 454551203
44 1 595536259
46 1 232638724
49 1 505176952
44 1 635622748
43 1 995679238
43 1 423090176
44 1 755879857
49 1 692893125
45 1 848293490
49 1 813637108
43 1 400046356
49 1 225674115
46 1 673495126
40 1 281156923
42 1 788451561
43 1 236629872
47 1 188101477
50 1 554206375
44 1 615159773
48 1 699895207
47 1 746426614
46 1 280349189
49 1 341374304
50 1 222662932
46 1 437013456
42 1 939463068
42 1 376670094
46 1 530705529
49 1 617913417
43 1 271749642
48 1 427827877
44 1 671795629
50 1 466433792
42 1 422460761
40 1 913598663
43 1 283844468
50 1 732594119
43 1 504328786
46 1 741561551
43 1 696889678
40 1 713073888
48 1 292385681
45 1 282810326
40 1 730860490
50 1 223851574
48 1 150834512
43 1 242228419
40 1 106780549
41 1 852296995
46 1 640336645
48 1 551968732
49 1 322755692
40 1 864614108
40 1 237422670
42 1 133753555
40 1 689128631
45 1 380388577
44 1 779620960
50 1 653727632
40 1 174580488
50 1 328474424
46 1 845845424
45 1 825701409
44 1 925682613
44 1 473194268
40 1 152856367
50 1 745512349
49 1 427081528
42 1 332108305
50 1 702120363
43 1 160985958
50 1 587432975
43 1 414254119
50 1 409673445
47 1 847998679
43 1 360717907
40 1 623978306
43 1 142295766
46 1 268659933
46 1 265145663
40 1 516961441
47 1 307317917
45 1 137723578
47 1 378078546
41 1 139407116
44 1 990018265
40 1 107988611
50 1 191973131
50 1 198264438
43 1 261025342
44 1 148280254
50 1 430165254
44 1 840943374
43 1 782034998
40 1 372934879
40 1 424745699
46 1 540670293
50 1 862228744
41 1 662620172
42 1 602658598
46 1 773805105
49 1 426438652
42 1 178186460
47 1 606816451
44 1 446203091
41 1 361524116
44 1 543015581
47 1 764049808
41 1 310618433
46 1 365043514
47 1 369638855
48 1 360648954
47 1 540952816
40 1 691557960
50 1 322904931
44 1 421463527
41 1 908241055
43 1 112624108
47 1 908100922
45 1 472106803
42 1 578749912
45 1 490700394
43 1 722710251
42 1 869366933
48 1 645187519
43 1 293629647
41 1 174110371
49 1 247749925
46 1 158434938
46 1 641859693
46 1 160317239
47 1 391071967
49 1 545722847
41 1 591011675
49 1 966571187
46 1 894639631
40 1 146967447
48 1 640709256
47 1 363687948
40 1 519301369
47 1 157451364
41 1 917535859
45 1 225646499
46 1 250757372
42 1 809613334
40 1 226896904
48 1 113041093
42 1 770841565
40 1 150834871
49 1 108869816
41 1 559108450
43 1 404420884
40 1 391798614
40 1 172932960
44 1 729290903
46 1 315475628
42 1 369404918
45 1 577811384
43 1 976882954
42 1 425835428
50 1 337024679
47 1 556190354
43 1 459767320
49 1 675278085
45 1 528488113
49 1 624442013
48 1 998149478
44 1 633389427
49 1 680431781
41 1 345281938
43 1 709396685
50 1 925890078
47 1 943885054
47 1 357445135
41 1 157637164
41 1 414833187
47 1 763830495
47 1 233870783
46 1 336760299
43 1 508250043
43 1 614679924
43 1 904509213
48 1 560357716
50 1 291215710
49 1 904107177
44 1 287442707
40 1 770110722
45 1 240649954
44 1 183672852
46 1 202275501
50 1 346243771
45 1 617769749
45 1 610329096
48 1 554890403
41 1 674178017
44 1 443587809
47 1 842398012
46 1 679869116
50 1 688007397
45 1 173058270
43 1 102967411
47 1 530974557
45 1 176111513
50 1 560849900
45 1 189726600
43 1 223340565
49 1 213582884
46 1 256024899
46 1 258874448
50 1 188150600
48 1 453535407
47 1 944567411
49 1 521091233
48 1 356760259
45 1 112078722
44 1 426084644
41 1 181265473
45 1 994852475
41 1 943316083
50 1 510449982
42 1 109986732
47 1 405451931
49 1 774237335
45 1 299033394
43 1 134076472
44 1 718830323
47 1 765702750
48 1 248857470
50 1 998897090
47 1 285245104
48 1 291993375
48 1 527053430
40 1 363021138
45 1 215761358
40 1 395645358
47 1 158217725
42 1 708398737
42 1 917275469
40 1 798614268
46 1 785786104
41 1 666775708
45 1 765154109
41 1 731224673
47 1 355919258
46 1 505208901
42 1 130363639
40 1 229561281
44 1 154136640
49 1 327799869
46 1 580140675
43 1 552057728
41 1 514787816
48 1 578957036
48 1 443409603
44 1 940530262
42 1 103880453
46 1 338806395
47 1 604029220
45 1 212166702
49 1 278959062
47 1 234382816
50 1 505762167
46 1 307360797
42 1 506276669
41 1 185579532
41 1 458953082
50 1 355363127
43 1 691276944
50 1 218911412
48 1 848804223
45 1 292151880
48 1 754301214
42 1 890806848
50 1 195058530
48 1 373689892
47 1 775895763
47 1 266623150
47 1 222075105
48 1 219910157
40 1 635508225
42 1 426707323
41 1 819383059
45 1 835685270
48 1 385948516
47 1 539925915
44 1 541160301
48 1 446123865
41 1 630479284
50 1 571339310
48 1 851752610
40 1 107380997
43 1 376500498
42 1 365859813
41 1 338096587
47 1 375579491
43 1 732726346
46 1 140177881
50 1 126327187
40 1 889079799
47 1 911302374
47 1 276514516
49 1 438298884
48 1 297748850
50 1 141600412
45 1 301237642
40 1 386351895
47 1 664149291
41 1 150260040
43 1 915199522
47 1 655641216
40 1 931599451
48 1 725124726
43 1 568185517
43 1 894846802
41 1 736651475
40 1 441847159
43 1 662163597
49 1 249076994
44 1 671052470
42 1 198423319
44 1 175023598
40 1 255472173
48 1 738868719
43 1 616125440
45 1 490804720
44 1 525746410
43 1 181195661
43 1 388283863
46 1 145562099
43 1 388203299
45 1 352843455
48 1 472032649
44 1 324932436
44 1 678188853
40 1 334359202
43 1 743735445
40 1 318508656
45 1 524412821
43 1 852295593
44 1 578724669
43 1 122741560
40 1 352644494
50 1 447817278
48 1 236543918
49 1 688649478
50 1 364251394
40 1 799953813
42 1 533325623
47 1 180564586
48 1 121006262
44 1 541700271
50 1 247788708
42 1 743194164
50 1 251967481
40 1 726736201
49 1 878076016
46 1 207081361
45 1 562653119
49 1 895990343
40 1 286726950
42 1 876390587
43 1 161953828
40 1 921973019
41 1 354751099
48 1 285997545
43 1 764709742
42 1 869735914
47 1 550066927
40 1 183099625
44 1 622164667
46 1 581134695
46 1 443288025
47 1 659062634
43 1 150039127
45 1 553044729
46 1 748880377
44 1 500695361
47 1 636310220
42 1 193524424
47 1 189094963
45 1 816862214
48 1 441647092
48 1 850834011
49 1 753033072
42 1 989020299
50 1 176119431
48 1 580239663
50 1 988014486
40 1 131899179
41 1 188165408
47 1 865861081
46 1 530030581
42 1 415227236
42 1 814277474
44 1 109278975
47 1 348536553
47 1 509870649
47 1 293544654
43 1 920054935
50 1 215185880
47 1 584742960
46 1 220056272
45 1 295609965
43 1 511313831
42 1 673072205
40 1 532240983
41 1 244084165
42 1 297128850
49 1 126327560
42 1 342574798
43 1 422497180
44 1 285944695
45 1 473239566
43 1 553928836
48 1 638132308
40 1 305759226
41 1 556988775
43 1 862194893
49 1 867764873
46 1 709690428
43 1 862252107
46 1 606243283
41 1 393426471
45 1 434352660
49 1 341355990
47 1 310338464
44 1 246776853
46 1 172699851
46 1 308032273
50 1 852880852
46 1 864783672
44 1 332634961
42 1 340597502
44 1 839031258
47 1 316598895
45 1 897569849
45 1 359119715
47 1 924884539
49 1 443126506
46 1 326166448
50 1 506373618
50 1 153031846
48 1 515315484
46 1 346819290
49 1 513017760
48 1 262556221
48 1 500962510
49 1 479701170
43 1 412946363
45 1 433669982
45 1 395412813
48 1 743814549
40 1 308616417
43 1 107930297
41 1 673572417
43 1 105312048
49 1 140215417
49 1 440471578
41 1 305397076
48 1 685973028
44 1 249768855
46 1 603767890
50 1 351358891
49 1 368061114
46 1 826810041
49 1 428398797
50 1 412113459
49 1 616122543
50 1 503653745
47 1 401912452
49 1 676807232
43 1 207595424
40 1 895094232
50 1 188985685
44 1 807627087
49 1 424190623
46 1 568732920
40 1 860347799
44 1 472419164
40 1 280929052
44 1 149342485
44 1 530375800
48 1 428537833
42 1 378556713
49 1 300997233
50 1 747311747
44 1 602320389
43 1 593593168
44 1 582179860
48 1 836277564
40 1 554412463
41 1 845869441
43 1 683139450
41 1 912088260
50 1 748126954
47 1 660623363
40 1 791857762
45 1 690913761
48 1 768899325
43 1 117648385
45 1 830340555
50 1 416437186
50 1 670181252
49 1 426009763
47 1 449558440
41 1 404746096
43 1 586332763
49 1 285429325
42 1 531805851
41 1 380950398
48 1 240832209
43 1 445262586
44 1 732965053
44 1 463047451
50 1 811002194
47 1 299639128
50 1 321316032
49 1 725897048
40 1 329065079
49 1 584400348
44 1 831850883
42 1 233251310
