2000
43 1 160482641
50 1 128216371
43 1 795777040
48 1 639914818
44 1 341588814
50 1 694546956
47 1 111220218
44 1 529410604
49 1 33620380
47 1 488422815
48 1 689416355
44 1 128908044
43 1 804535816
43 1 778001742
46 1 332918417
42 1 757120862
40 1 835341946
48 1 69935722
40 1 702766873
46 1 992433599
49 1 158114480
48 1 577761534
46 1 236854310
45 1 492734996
46 1 344260243
42 1 168746332
50 1 824571339
45 1 765918493
46 1 61916824
49 1 806113602
40 1 995576418
43 1 34248421
42 1 577695389
42 1 870067082
47 1 124262156
49 1 602367512
48 1 568178341
46 1 877114006
41 1 59157771
50 1 402635164
47 1 873607130
50 1 141662959
45 1 275022170
47 1 211741843
47 1 450452266
46 1 547450993
47 1 745612106
45 1 355805116
45 1 393184241
47 1 611377227
50 1 633900620
47 1 244657442
48 1 107107731
42 1 266236029
40 1 712709051
50 1 203323442
46 1 766084727
44 1 698154100
45 1 43946104
42 1 140673511
47 1 294324498
42 1 914246272
45 1 113066758
42 1 58089548
47 1 121290940
50 1 442797556
50 1 151673944
47 1 24976215
40 1 519458294
45 1 980590608
46 1 208776027
50 1 227099718
50 1 428336499
49 1 220860073
41 1 662357237
48 1 445287858
50 1 401618304
47 1 731711326
41 1 557559816
43 1 64649538
49 1 356688193
44 1 532025959
48 1 144600963
43 1 927953989
45 1 268201607
49 1 767975459
43 1 571210219
40 1 871733772
43 1 711551295
43 1 649992766
47 1 980574158
46 1 10930291
42 1 465076450
43 1 462634902
41 1 342603523
41 1 85019212
40 1 462336172
49 1 711003845
50 1 846893232
40 1 399465707
40 1 50060595
50 1 985172083
42 1 399902415
42 1 501333018
40 1 810886473
43 1 863145474
50 1 565483325
49 1 420560630
48 1 829382284
50 1 864692605
40 1 911645900
41 1 752787703
42 1 726676315
48 1 236464960
41 1 886798777
41 1 763769113
42 1 167535516
40 1 751906877
42 1 598654068
48 1 289090720
44 1 50035744
45 1 169452754
48 1 585953366
42 1 803915956
48 1 961743078
50 1 715807164
45 1 505789404
42 1 679234022
44 1 312938850
41 1 122089409
48 1 153607672
44 1 130096500
41 1 322222412
50 1 681505976
42 1 162975614
44 1 760624756
49 1 958475391
47 1 184610148
47 1 297135981
41 1 723373411
46 1 912548816
40 1 184200343
48 1 20532745
43 1 528837227
49 1 951706552
49 1 510823904
47 1 663438441
50 1 477630317
46 1 934623610
46 1 192048759
50 1 110120322
46 1 881297994
49 1 241043008
48 1 816366592
45 1 303650748
44 1 548489474
46 1 90954372
43 1 132960815
41 1 725376567
40 1 101230547
49 1 882468914
44 1 882673043
40 1 436365627
48 1 256818425
50 1 732376635
50 1 289931279
44 1 213822565
42 1 743423428
42 1 286905134
41 1 364903322
44 1 744643601
49 1 857658210
47 1 249208671
48 1 769564827
43 1 172376167
43 1 785849610
50 1 463831497
48 1 801045414
45 1 660324642
42 1 255173422
41 1 841876642
43 1 738600306
40 1 814546348
47 1 509496026
50 1 254277083
43 1 929594872
46 1 518756396
44 1 903075067
49 1 94132732
50 1 204148804
50 1 904398598
45 1 848952991
48 1 50847777
44 1 325227553
40 1 516295463
41 1 260543273
45 1 801193800
46 1 210611253
44 1 790635242
47 1 416590007
47 1 77458237
43 1 869555350
47 1 509473728
41 1 294979982
42 1 597666939
42 1 687097105
49 1 646843343
43 1 654005857
46 1 748099040
48 1 69387093
43 1 527838791
40 1 438759610
41 1 464957376
49 1 685665234
44 1 151133187
50 1 894422764
46 1 791352855
42 1 831090182
50 1 607483183
42 1 546581437
47 1 804039251
49 1 582461156
43 1 890983841
50 1 548897571
42 1 275088279
41 1 649398346
40 1 570443958
50 1 639303618
48 1 20049137
43 1 906580426
40 1 965903582
49 1 787442903
42 1 909922548
42 1 160444595
46 1 375185528
43 1 404486828
42 1 34506116
49 1 474427404
49 1 429222739
46 1 633911580
47 1 407355488
44 1 205324283
46 1 957774728
45 1 136670720
47 1 978040591
49 1 739215308
49 1 505774000
48 1 663373051
45 1 854436634
46 1 119399055
45 1 369145232
47 1 805907215
45 1 800631275
45 1 107199636
47 1 540390840
44 1 171039321
49 1 626434749
43 1 462077551
44 1 824941054
40 1 900061732
44 1 398204458
41 1 170351448
49 1 868537709
47 1 327887599
46 1 465969789
41 1 735531940
43 1 394151236
44 1 552558895
50 1 59619402
47 1 865825710
49 1 293239987
46 1 668269859
47 1 344264357
44 1 376466653
49 1 133457133
42 1 130383618
49 1 129776650
40 1 608523293
44 1 299125628
48 1 848969574
45 1 74799473
49 1 619980192
49 1 984300844
41 1 320906171
48 1 455043156
43 1 750493395
50 1 504029185
44 1 946887679
46 1 839680515
48 1 982735543
48 1 45356377
48 1 655292872
50 1 178520074
40 1 695033892
42 1 977935056
49 1 214741263
43 1 973099397
40 1 341311627
48 1 166714664
40 1 781979552
45 1 138317124
49 1 825333718
48 1 287912688
46 1 36456159
46 1 705180155
46 1 300879019
45 1 856122143
43 1 446695251
42 1 863367704
42 1 131695014
40 1 802632687
43 1 22349589
47 1 840600426
44 1 487611463
43 1 789707053
46 1 955873355
45 1 601448090
40 1 218859473
44 1 460093844
40 1 51469094
48 1 334028028
48 1 570736607
46 1 921765066
48 1 984402636
43 1 809721970
43 1 535311709
48 1 382769662
46 1 817454830
44 1 139029651
46 1 772517804
47 1 519374590
49 1 133379970
45 1 99868057
41 1 214067797
48 1 788425294
44 1 587525721
50 1 858143610
48 1 635869440
45 1 785267394
46 1 634281053
47 1 129466538
49 1 123336135
45 1 727676142
48 1 266048463
45 1 507053352
47 1 243776098
46 1 308011763
45 1 14382944
49 1 118620811
49 1 321506728
48 1 187132926
45 1 924940858
43 1 606672504
42 1 570156443
41 1 923124809
50 1 644390668
49 1 683292650
50 1 802745220
46 1 996703973
48 1 51582315
50 1 618995230
49 1 955485615
50 1 750357960
40 1 520871027
46 1 248216519
40 1 691715218
45 1 915658704
50 1 344639011
44 1 43804295
42 1 129097258
42 1 751544267
44 1 253279039
46 1 828374443
50 1 963088244
42 1 11511942
45 1 879660962
44 1 337223869
48 1 79831104
44 1 430947567
47 1 587777713
46 1 41706154
48 1 183230231
49 1 39241406
43 1 474106377
41 1 814613463
49 1 689423534
40 1 158705866
41 1 169839451
50 1 998973438
44 1 451498261
47 1 824403349
42 1 657384153
49 1 399220689
43 1 44746399
45 1 895271752
45 1 388990492
42 1 801664006
43 1 73778581
42 1 75480584
41 1 782748492
43 1 472545878
47 1 255549918
49 1 483405586
45 1 868556184
46 1 416029281
46 1 217809542
42 1 52327785
43 1 500469218
48 1 476507967
40 1 212439476
45 1 710274585
46 1 555749868
41 1 858456663
41 1 814121816
48 1 336520027
42 1 774746590
42 1 918594388
49 1 882344616
45 1 897300989
48 1 989249980
46 1 958176542
41 1 121170372
49 1 785362825
45 1 810793592
40 1 268424744
44 1 149836243
47 1 157475100
45 1 458446556
45 1 140977585
49 1 894577636
50 1 241101043
43 1 59287671
50 1 526421195
46 1 721048413
40 1 68597738
42 1 163358176
42 1 690249305
47 1 93682027
48 1 144787408
44 1 545813648
47 1 94547350
42 1 322914900
40 1 157999070
43 1 176899495
40 1 864227562
43 1 187688264
44 1 135237778
50 1 453956073
44 1 544739853
43 1 28302054
49 1 170977283
42 1 268354050
45 1 881006095
47 1 391855932
41 1 127668592
49 1 931149997
49 1 406416251
40 1 511928176
44 1 57204091
44 1 516255354
42 1 647196262
42 1 63789627
41 1 284505518
41 1 531908377
47 1 321313467
45 1 748885973
49 1 287276093
43 1 211829252
45 1 616345844
41 1 780772947
49 1 975586848
48 1 892016982
50 1 258156052
41 1 805365457
45 1 371903654
40 1 758829171
50 1 943624099
42 1 306695501
41 1 925077469
47 1 664826989
46 1 977503804
47 1 741255155
44 1 382622951
40 1 713774426
41 1 47080619
41 1 543767737
46 1 469251745
40 1 873682645
41 1 285408372
46 1 987469447
41 1 499502734
46 1 28368027
48 1 843055023
42 1 271979556
49 1 657963024
43 1 284373718
42 1 574824692
46 1 11998215
49 1 811656698
46 1 112665527
41 1 146316377
50 1 41300613
46 1 855208461
50 1 554004682
40 1 734742399
41 1 756998262
40 1 377299481
45 1 154918132
41 1 711470293
45 1 383580836
46 1 962871929
48 1 36539244
50 1 998682661
49 1 489726943
42 1 133542992
46 1 760625749
50 1 208710436
44 1 625508495
47 1 308371595
41 1 129792586
45 1 977381209
49 1 147224947
43 1 398323882
48 1 780393112
48 1 902993063
47 1 967610676
40 1 40302946
46 1 992482819
44 1 793172560
50 1 261225222
43 1 580657765
47 1 242318056
50 1 328254740
44 1 128765255
42 1 130899752
46 1 592568356
48 1 673308861
42 1 866531024
47 1 62243418
42 1 613569899
44 1 529464168
41 1 650551677
48 1 714851947
43 1 582102588
42 1 528037266
43 1 945073925
50 1 389940643
43 1 143954565
48 1 61108845
47 1 252596401
48 1 656482270
47 1 362896949
41 1 59492688
45 1 334522462
49 1 786429743
41 1 208155028
48 1 633658644
40 1 257943230
44 1 404229105
50 1 453474520
41 1 394287612
41 1 847457634
40 1 791875808
43 1 239235181
40 1 170810166
42 1 887837769
45 1 630234185
47 1 251568236
46 1 532703622
46 1 450125013
50 1 193500853
49 1 247108839
45 1 137225434
43 1 111697541
48 1 731494545
45 1 424746358
40 1 124594733
43 1 951306001
45 1 641663181
41 1 188806262
42 1 801482643
41 1 950930488
47 1 29087179
45 1 349194408
48 1 756414510
43 1 929483066
49 1 68180773
44 1 647970051
40 1 969946709
49 1 29270736
50 1 460228345
45 1 52576637
50 1 52698786
45 1 499678387
50 1 374853588
42 1 593002704
43 1 576057686
40 1 289761609
46 1 396293127
41 1 561099808
44 1 722952620
49 1 544694563
48 1 61389409
43 1 940876483
47 1 526641599
41 1 667428331
41 1 187454207
42 1 264040099
48 1 992333001
46 1 601229152
45 1 710203930
40 1 393344067
40 1 460989129
42 1 603501584
47 1 841068950
44 1 930561090
42 1 307175805
50 1 71539590
47 1 869997494
45 1 560715367
49 1 271124982
49 1 859626302
40 1 971302223
45 1 826785359
49 1 29227636
50 1 28247753
40 1 457986036
47 1 933086400
50 1 211610633
48 1 240853384
45 1 753604907
46 1 805238318
50 1 796953345
49 1 974099087
46 1 845933656
48 1 867814070
46 1 768639988
44 1 541477821
42 1 221898594
50 1 804613388
45 1 995386090
44 1 653351145
45 1 536396093
50 1 194880599
45 1 180787939
48 1 483746216
48 1 806873652
46 1 115214779
40 1 379197177
44 1 717594340
46 1 886658635
49 1 273099981
50 1 86892383
41 1 929580702
42 1 382457286
49 1 645242786
48 1 427861701
40 1 871579529
47 1 121237215
41 1 941291505
50 1 448803442
46 1 751588762
48 1 991377205
47 1 70034993
48 1 351758969
45 1 719689012
47 1 91534032
48 1 831653634
40 1 48006127
50 1 99955545
41 1 760262515
41 1 634131763
49 1 252175384
42 1 589598866
44 1 946874358
46 1 106799844
42 1 39174135
43 1 344277858
41 1 305107899
45 1 895664431
47 1 917505131
47 1 811779579
49 1 999293762
47 1 12129232
50 1 939652555
49 1 956127514
49 1 606882480
49 1 367339244
46 1 778327599
50 1 524081573
44 1 755031590
49 1 573596348
45 1 515211898
50 1 958633248
40 1 451813360
44 1 807791861
45 1 118558749
44 1 231514621
48 1 102373313
46 1 89040787
40 1 620137473
45 1 442707594
40 1 700135766
47 1 824061413
44 1 606450152
41 1 960146431
41 1 873827630
43 1 492056637
41 1 435630790
49 1 261658608
43 1 465041323
43 1 278924982
40 1 739306674
50 1 87912592
44 1 358193392
47 1 546446947
42 1 605792850
40 1 753693389
48 1 214976679
42 1 512858904
41 1 727397148
46 1 928093280
42 1 151473680
49 1 54824844
49 1 435796079
40 1 960670941
49 1 32033864
49 1 677516643
41 1 323724496
40 1 57035209
43 1 352499992
46 1 333550742
44 1 676185035
43 1 922284916
49 1 173391258
42 1 538061231
44 1 584963991
50 1 841724229
46 1 970224177
44 1 880877237
40 1 62254677
46 1 56649459
45 1 428372035
40 1 21315288
47 1 54326497
49 1 394687095
40 1 586662633
45 1 969658771
47 1 89096310
48 1 122327174
47 1 554432391
48 1 705857046
41 1 895641842
48 1 614566703
50 1 398541364
47 1 854578201
43 1 112203321
43 1 405307488
48 1 59684645
49 1 705965623
49 1 405853000
49 1 331844069
48 1 639938617
50 1 386449832
43 1 570448653
46 1 250456748
50 1 396157298
40 1 402543652
45 1 984434024
49 1 369809079
49 1 663651669
49 1 99260102
43 1 369373054
46 1 384934107
43 1 409887579
42 1 286002643
43 1 651909984
49 1 780348159
48 1 429397258
43 1 354990325
49 1 614829095
43 1 321603446
48 1 50496644
41 1 20986330
48 1 554135491
40 1 487930752
47 1 86785431
44 1 126023577
48 1 235681709
42 1 427893846
42 1 809564856
41 1 55011748
46 1 938915603
46 1 409465096
45 1 889820745
48 1 140870142
49 1 992266459
49 1 637083759
49 1 59943169
41 1 52003150
40 1 331849975
44 1 661809030
41 1 951926593
46 1 373292058
47 1 14276393
42 1 190134517
48 1 504955280
45 1 532420742
41 1 88171914
49 1 26517618
40 1 371781527
45 1 437828773
43 1 671550702
44 1 791285256
50 1 267357180
47 1 302205441
48 1 742698204
41 1 467913099
42 1 711280229
46 1 170106682
44 1 730712939
44 1 684873816
41 1 261288045
50 1 484607636
42 1 499228850
42 1 276886614
50 1 857350255
44 1 606684147
47 1 858137920
43 1 951863631
49 1 370758101
50 1 44204421
49 1 85487477
49 1 12883175
43 1 224713811
47 1 71006454
46 1 107887876
49 1 690665614
50 1 34083627
46 1 822086101
43 1 605467729
47 1 987938168
41 1 266592190
43 1 84727105
50 1 94238623
40 1 438048384
49 1 927932038
47 1 975075636
47 1 599331276
41 1 594360022
50 1 922007792
43 1 938156799
44 1 103447652
41 1 87966970
50 1 680331380
45 1 273977275
43 1 767217862
50 1 213321094
45 1 559101416
40 1 459405096
41 1 775143340
46 1 779303222
47 1 100813464
45 1 358142928
45 1 724636352
47 1 163811319
45 1 354873629
44 1 541705227
47 1 101442514
47 1 136354676
45 1 758375090
42 1 588138445
49 1 513031549
42 1 136526140
40 1 841825046
42 1 846676472
42 1 275567199
43 1 81905938
42 1 915317761
41 1 175991891
44 1 933742700
50 1 73674761
46 1 839354600
47 1 380638701
42 1 86134897
45 1 939877094
44 1 159343840
42 1 15229656
42 1 646527771
42 1 352359411
45 1 843240600
43 1 117278749
43 1 174137655
44 1 807618021
42 1 881224946
45 1 491519359
42 1 58493598
47 1 500889031
41 1 326849807
47 1 199899559
48 1 35267860
49 1 838337310
43 1 537385994
43 1 834731003
40 1 374308474
42 1 722156967
44 1 96366320
42 1 76398284
44 1 636375997
48 1 78936434
43 1 603188108
47 1 502467972
47 1 513776194
47 1 474707615
50 1 987743657
42 1 758753267
47 1 487635968
48 1 23355458
43 1 889501248
50 1 880736723
48 1 985568570
49 1 342976409
48 1 156942429
42 1 323811211
44 1 667777192
45 1 368012209
50 1 58946098
43 1 685373642
45 1 361422335
48 1 86670304
49 1 956753151
44 1 230951934
49 1 840659983
48 1 569880679
48 1 237875618
44 1 318969788
47 1 983403187
48 1 803258045
50 1 848814496
50 1 355903846
43 1 855093019
48 1 385026283
50 1 497249013
44 1 188500811
45 1 711139935
41 1 495636414
46 1 847754317
50 1 122408220
40 1 126761624
41 1 204185783
50 1 919480994
40 1 484273204
42 1 523227416
41 1 879768231
45 1 37449266
47 1 278000484
45 1 659249922
45 1 687051321
50 1 66955638
43 1 471638254
49 1 424367261
42 1 965547840
41 1 543830133
48 1 170813694
43 1 965656368
44 1 577661220
48 1 679020039
46 1 889064914
44 1 297845721
46 1 702136633
45 1 404744482
45 1 497503329
48 1 154324745
50 1 522879987
48 1 397844350
50 1 434053450
49 1 472291792
48 1 831311551
48 1 100672762
48 1 38736854
44 1 440223575
48 1 23377656
43 1 376024219
47 1 971876160
50 1 362786410
42 1 490869073
47 1 70189251
47 1 418713058
50 1 557177075
40 1 709470377
48 1 135387238
45 1 443817238
46 1 301261016
45 1 748777070
41 1 232972920
45 1 802414516
40 1 588148779
50 1 23688730
46 1 966524623
49 1 162686213
50 1 595504557
44 1 23105622
50 1 544660196
48 1 848252755
49 1 635831508
46 1 96251704
46 1 282307151
45 1 57844699
42 1 905196151
40 1 306067580
43 1 862805447
42 1 942798787
49 1 978410006
47 1 14820270
44 1 965136213
49 1 28485137
47 1 684955803
46 1 152722855
45 1 504775274
45 1 534277708
41 1 226551060
41 1 328527511
41 1 107461881
48 1 451095859
41 1 767383867
41 1 419292304
40 1 549657944
40 1 819734315
42 1 998529878
43 1 605297223
40 1 598034097
45 1 747566550
48 1 340164510
42 1 35101449
46 1 837334852
48 1 360600659
44 1 651453611
42 1 422405475
49 1 81346726
44 1 292624926
45 1 475882140
50 1 74974748
47 1 279417582
42 1 590504998
41 1 556529389
44 1 957896706
43 1 119882052
45 1 16912085
40 1 526780576
49 1 838207858
41 1 39529660
43 1 666456187
41 1 941543385
48 1 797540725
45 1 442257751
42 1 676239368
49 1 773243094
47 1 712426949
41 1 21552611
40 1 258369029
40 1 506266006
42 1 362552272
40 1 32704318
47 1 629246732
47 1 543073325
41 1 538264568
48 1 728412762
44 1 661939490
43 1 115145699
48 1 677011774
46 1 852038776
43 1 722694094
43 1 695192931
41 1 75549489
40 1 804342174
48 1 188672645
50 1 825978291
45 1 441938680
40 1 447221116
47 1 242391773
47 1 346422819
50 1 784134225
49 1 27624260
41 1 74172399
44 1 147324654
44 1 735956867
43 1 593674090
47 1 838136501
43 1 150813787
44 1 53526491
50 1 65940279
44 1 92184282
49 1 454957248
47 1 965562447
50 1 891488841
43 1 110844416
40 1 136315063
49 1 819929136
50 1 853020263
47 1 92914292
42 1 390592695
42 1 268429731
46 1 990334724
43 1 722085147
46 1 699673354
50 1 499394162
44 1 718975958
44 1 312312571
48 1 784687281
50 1 940869451
48 1 343284913
40 1 99129467
40 1 836126940
50 1 166311140
45 1 693178868
48 1 820467239
40 1 154520956
40 1 159686056
48 1 174850633
46 1 143591943
42 1 743742843
43 1 775229464
47 1 299376078
46 1 277408685
50 1 725623661
45 1 485616152
40 1 429908430
42 1 245007575
45 1 834910652
41 1 127503357
46 1 93874015
50 1 556954628
40 1 702854852
42 1 757856173
47 1 691102873
42 1 770549334
48 1 162729134
47 1 329288956
50 1 659611993
44 1 550270065
50 1 669235513
43 1 61834411
46 1 971868632
41 1 804217215
50 1 396479368
46 1 101114742
40 1 994632056
42 1 795948011
41 1 38155832
48 1 841985306
42 1 438390414
42 1 976088803
47 1 883557516
46 1 647093352
48 1 688305910
45 1 626975315
50 1 294868228
42 1 815529770
41 1 655347527
46 1 712944032
40 1 110940824
44 1 558068860
49 1 204121528
50 1 161726849
49 1 477518014
46 1 579583512
50 1 179818756
45 1 554452375
50 1 853995136
49 1 81259460
41 1 15851645
47 1 804368936
42 1 66595407
40 1 421942989
49 1 575443839
50 1 912261098
46 1 78874545
48 1 933450779
47 1 396402416
41 1 26187151
46 1 877850440
45 1 459229761
47 1 10382226
43 1 120475941
47 1 328170504
42 1 532215449
43 1 660760043
45 1 940623895
40 1 415204621
42 1 54724804
48 1 636410445
40 1 503713726
42 1 135573689
44 1 162274477
46 1 359758172
45 1 210336154
49 1 879027003
47 1 34518925
47 1 140109137
47 1 652314208
41 1 858275024
46 1 186537218
44 1 574852672
47 1 801235130
50 1 590128338
44 1 936242038
48 1 514110311
47 1 39727107
42 1 958092224
40 1 37091049
41 1 196975454
41 1 923694156
47 1 839936383
49 1 280039964
44 1 576673981
50 1 849101516
44 1 377560234
42 1 72496215
40 1 625161401
48 1 758765435
48 1 463442112
42 1 583699471
41 1 429845012
40 1 968752157
42 1 43929128
47 1 164986368
48 1 862669488
42 1 395121615
46 1 61340880
48 1 54675124
45 1 623729662
45 1 838641024
42 1 959322333
47 1 738807137
48 1 752448113
50 1 350379330
40 1 826780942
49 1 560896113
44 1 344101754
48 1 339959287
45 1 672836543
45 1 565327223
43 1 825407582
44 1 186035712
44 1 462546633
50 1 371785539
45 1 621937642
47 1 17474005
50 1 546737594
43 1 572628202
48 1 965485528
41 1 51658229
41 1 526745389
43 1 732929775
49 1 162564519
46 1 760629500
43 1 214312279
48 1 171696781
43 1 405272721
42 1 401186359
45 1 303380902
50 1 930802050
50 1 982134094
41 1 596600159
41 1 940419800
44 1 923611502
46 1 203839159
42 1 606896431
40 1 823724530
45 1 884277065
49 1 53018615
48 1 130461809
48 1 749430508
45 1 209541880
46 1 628846886
48 1 422612526
42 1 82577781
48 1 452554122
48 1 610187052
41 1 767027063
46 1 574028835
41 1 595985677
43 1 564341853
47 1 426167771
44 1 540672521
42 1 52505523
41 1 191389185
46 1 708395469
50 1 106682143
50 1 50587918
46 1 70189086
45 1 487385531
47 1 996969768
49 1 398085218
44 1 339442769
45 1 607765494
41 1 179822439
43 1 636961363
48 1 98770400
44 1 971864745
50 1 534245794
48 1 272199970
45 1 890501101
43 1 335986878
43 1 826137868
50 1 315601769
46 1 745367978
43 1 102784451
44 1 99785592
49 1 447233294
44 1 123578569
50 1 552971356
48 1 145095743
41 1 49910166
42 1 33166484
50 1 48253356
42 1 908250616
42 1 259334105
46 1 226172195
47 1 778944327
43 1 119313358
45 1 330273061
45 1 310528921
43 1 913882256
41 1 154895720
41 1 703692233
42 1 90922458
43 1 207673722
48 1 386469144
45 1 640156678
40 1 556527997
44 1 974838417
41 1 372909069
44 1 448560753
44 1 36885116
44 1 963767049
47 1 27829284
44 1 120987617
48 1 439059527
50 1 378671428
44 1 40024568
47 1 310998815
46 1 125127843
46 1 517485092
44 1 145897123
41 1 990160286
42 1 310160960
40 1 889928892
42 1 212124926
50 1 167346032
40 1 151652309
43 1 101670788
46 1 215385679
42 1 878707216
49 1 74238413
48 1 300780253
49 1 444707963
50 1 147600584
50 1 509720622
47 1 525450844
43 1 676375187
48 1 397484431
45 1 972138193
44 1 554928719
40 1 70698691
43 1 890910699
45 1 126349316
48 1 27621308
42 1 120695640
45 1 227615357
48 1 740749160
41 1 999667356
48 1 839080572
40 1 378915899
47 1 16490889
40 1 432088930
46 1 55612260
50 1 190325539
48 1 583703973
46 1 605343992
43 1 448234854
40 1 890243713
46 1 466101099
45 1 888958025
47 1 749527680
48 1 17711517
40 1 956251734
45 1 753659854
43 1 268586384
47 1 711525471
43 1 293822342
49 1 129207332
45 1 385168954
47 1 414383533
45 1 15621880
47 1 309176008
41 1 643885000
46 1 641753476
45 1 297049647
44 1 823311174
47 1 897900822
40 1 817383248
46 1 209229249
42 1 877874346
48 1 859571331
40 1 984382240
49 1 900800624
43 1 779860687
48 1 465385201
44 1 798429726
44 1 577182899
44 1 506489603
46 1 661535940
48 1 12103059
47 1 744083290
50 1 828214907
48 1 166791711
41 1 627448631
42 1 724202871
47 1 388454890
44 1 582730798
50 1 435561050
50 1 676558828
42 1 641052702
47 1 465766657
40 1 789980288
44 1 791207577
43 1 190820340
42 1 329451933
46 1 573834539
46 1 960064101
50 1 863584695
48 1 917964098
41 1 486318702
42 1 57721589
47 1 336708644
41 1 457910437
44 1 988743358
43 1 115410493
45 1 519041662
44 1 956554783
45 1 716094577
46 1 895190164
49 1 363951455
45 1 569638772
49 1 164728321
41 1 762951192
41 1 123888306
41 1 119818006
50 1 432050110
44 1 943490738
43 1 413066239
42 1 195863745
50 1 877255050
47 1 482756782
48 1 575326238
45 1 65888726
43 1 636209644
40 1 33711680
49 1 224800332
42 1 602035633
50 1 11518112
47 1 393647223
47 1 744550004
41 1 133016138
40 1 26320301
42 1 362569656
50 1 430426475
45 1 334677420
48 1 311249687
50 1 781071976
46 1 239240968
50 1 228254098
44 1 469508854
46 1 259414977
47 1 21876757
44 1 95571838
41 1 788874522
42 1 755262997
48 1 465735919
42 1 66080903
47 1 439663388
45 1 705241913
43 1 964688480
47 1 105190940
42 1 881024304
45 1 969988023
41 1 26246171
45 1 146010794
50 1 450553049
43 1 892049625
43 1 913832949
44 1 48542269
50 1 875778064
45 1 108928618
43 1 912479317
41 1 300001272
46 1 435892257
48 1 69152445
46 1 724869813
44 1 303880611
45 1 36807984
42 1 531538639
42 1 817438037
49 1 647991545
43 1 710631119
40 1 911097538
43 1 737172133
50 1 805955647
40 1 838226960
46 1 166378497
41 1 455270306
48 1 277215774
44 1 125894531
47 1 702445807
48 1 306295748
40 1 43837793
46 1 219874530
44 1 996462936
40 1 292936334
50 1 611848002
40 1 439498862
47 1 226548118
40 1 360331170
40 1 440002873
49 1 434966745
44 1 469732211
44 1 176896914
42 1 892796567
48 1 533442534
43 1 711158203
48 1 701134713
48 1 785841028
45 1 343828573
40 1 336499127
46 1 876903286
42 1 441623871
40 1 851322469
46 1 287178568
46 1 945488133
45 1 126316786
49 1 568841613
45 1 151094262
46 1 90029941
41 1 733309782
50 1 50012532
48 1 834086409
50 1 361575237
45 1 945459323
47 1 550985605
45 1 650566633
50 1 451840754
41 1 561652799
44 1 201085045
48 1 372897868
44 1 893467214
47 1 385500790
40 1 969194725
48 1 139066664
50 1 373905112
44 1 410158742
49 1 165379194
50 1 502667967
50 1 459142104
44 1 804410275
42 1 964253075
42 1 592109096
48 1 968720012
49 1 407165181
40 1 601554200
43 1 605218318
43 1 588856256
45 1 579932041
41 1 855854275
44 1 646135163
45 1 150811811
49 1 74216526
43 1 97176407
43 1 490511536
40 1 366738108
46 1 457587111
47 1 208175118
41 1 122868649
50 1 13024704
42 1 858589692
50 1 241825060
50 1 342174233
49 1 393083268
40 1 314622767
48 1 472929146
47 1 877859952
44 1 895969257
41 1 210570272
40 1 626037349
46 1 18910606
41 1 475184835
46 1 830404499
43 1 937101825
41 1 827354963
41 1 270441658
46 1 857088268
47 1 947976408
44 1 43181612
43 1 240938739
50 1 773778869
50 1 178603432
45 1 26455776
47 1 646313584
46 1 109965701
45 1 835740850
50 1 698980253
43 1 82949638
45 1 771482127
42 1 970651253
45 1 445888295
46 1 470279271
41 1 15695125
43 1 552651805
49 1 291092345
43 1 653701363
45 1 257031984
46 1 355109046
49 1 791751618
40 1 163249287
43 1 572784335
43 1 388128666
42 1 655018043
45 1 216033625
41 1 198075568
44 1 313397699
48 1 999444238
47 1 565911882
41 1 570739236
48 1 190280930
40 1 908443137
46 1 904809402
44 1 379134633
46 1 478649284
45 1 82526306
41 1 477492326
46 1 28668940
41 1 767389319
46 1 685430464
50 1 935354246
44 1 418677231
49 1 736039673
41 1 70612564
47 1 118486062
50 1 538295162
47 1 581391502
43 1 285291520
42 1 305765217
46 1 259595864
42 1 840650790
43 1 175025625
43 1 226501371
50 1 967117246
42 1 112390216
46 1 457670503
49 1 491458236
42 1 848242540
40 1 785929360
42 1 41203111
44 1 60640187
42 1 905857202
43 1 238530969
47 1 640456015
41 1 929693595
41 1 54257578
47 1 183882224
45 1 417598437
45 1 237058695
46 1 174781022
43 1 27471367
41 1 859561454
46 1 670244866
47 1 606693720
40 1 403907481
44 1 157578162
48 1 758926227
50 1 115853990
49 1 956723268
46 1 382375861
43 1 735209580
40 1 932470089
45 1 587161933
41 1 782618676
41 1 959610298
48 1 603108672
44 1 212435765
49 1 297208782
45 1 658920310
45 1 156201274
48 1 130389215
49 1 754377548
48 1 508837354
45 1 603087588
47 1 922743319
44 1 24127857
44 1 123379867
43 1 261560537
48 1 484701734
48 1 231040053
41 1 988130806
40 1 37685988
47 1 802113752
44 1 457913870
49 1 552596953
45 1 598878961
47 1 254097763
47 1 425318151
48 1 15184188
42 1 92000338
46 1 403969533
42 1 267630063
47 1 31479837
44 1 256686967
43 1 82361164
46 1 462860600
41 1 15731161
47 1 772239016
42 1 67363164
42 1 434272615
50 1 217111663
41 1 310751929
44 1 363373417
41 1 519175785
41 1 241066222
49 1 144572119
43 1 76317168
43 1 363134221
43 1 543885165
48 1 293242647
42 1 985657933
45 1 919712744
45 1 56405437
40 1 285444311
49 1 308170868
44 1 921053975
44 1 953365581
40 1 326230642
40 1 55911512
41 1 984950780
42 1 526341076
46 1 764771932
48 1 537047437
41 1 168927833
46 1 549380823
49 1 441839663
49 1 826082822
49 1 279415378
45 1 973934607
50 1 606587113
47 1 607226020
41 1 533226366
44 1 578516004
49 1 663467858
42 1 72122307
40 1 170595678
43 1 485954798
43 1 854382279
47 1 570817323
48 1 249441516
43 1 672433059
44 1 137385405
41 1 330143963
47 1 861533795
42 1 846913738
43 1 403066636
46 1 778504204
40 1 936154690
44 1 722639015
46 1 10815494
46 1 148440609
43 1 529034701
41 1 141817160
46 1 494754526
49 1 427746430
43 1 965468812
46 1 372025663
42 1 822124784
48 1 569790912
44 1 315103955
50 1 218860858
41 1 267161498
40 1 428174387
41 1 495137957
50 1 433437272
46 1 61719944
49 1 619657001
42 1 196063985
45 1 108406264
44 1 53825757
42 1 351073220
48 1 74160440
43 1 640068817
45 1 402185359
49 1 243242794
48 1 707955841
47 1 662057417
47 1 540838451
46 1 241208199
43 1 193015830
49 1 285289571
42 1 860335205
41 1 815000914
47 1 505964606
48 1 934870362
49 1 156780874
42 1 170232213
47 1 522199483
43 1 797803818
48 1 911654154
46 1 506652948
47 1 916455135
42 1 581167758
44 1 561064886
50 1 681319417
45 1 85702879
40 1 822617518
47 1 168769113
47 1 400818278
43 1 502473360
44 1 63115490
48 1 967888394
49 1 839748909
40 1 826193826
49 1 453287062
44 1 158868279
50 1 169291146
43 1 51081646
43 1 754657278
50 1 158660758
40 1 794410012
50 1 946343942
45 1 287739025
49 1 658686380
43 1 110113558
49 1 426105425
47 1 555849351
40 1 955898961
45 1 318867225
44 1 173197575
40 1 516032800
44 1 141656917
49 1 174283031
46 1 627328558
47 1 801371657
45 1 826589375
43 1 714249135
45 1 143303481
50 1 316108494
48 1 19889898
47 1 36692829
47 1 597531368
47 1 563008759
46 1 463286488
44 1 547539345
43 1 175647871
40 1 794323605
47 1 152346756
45 1 862981112
43 1 322479076
43 1 295962096
48 1 139899776
40 1 887455447
48 1 712720305
43 1 103471853
46 1 159660346
40 1 707868577
50 1 997984896
43 1 120078228
47 1 769295669
49 1 326567161
46 1 637368032
45 1 47651063
47 1 843732816
46 1 978579828
48 1 686747082
45 1 746629508
46 1 275169496
48 1 759628042
46 1 521896192
50 1 688114256
50 1 235297344
47 1 823531118
47 1 735651284
48 1 447434715
49 1 551809266
41 1 84881544
45 1 725235043
44 1 732019842
43 1 630311346
40 1 33257572
43 1 542930423
43 1 912821802
44 1 33931354
46 1 437527578
45 1 195624570
43 1 992711311
49 1 769961756
46 1 236407106
44 1 594527569
41 1 158949531
48 1 617707100
41 1 834506854
46 1 400185996
47 1 84989812
43 1 697672849
45 1 239582993
40 1 89554066
43 1 166687114
45 1 68807958
50 1 411204916
41 1 17904284
46 1 821773660
41 1 649604019
49 1 700401889
43 1 694306174
41 1 843044343
44 1 378451371
50 1 867777052
48 1 778111469
44 1 342468653
44 1 238577138
40 1 92736747
50 1 27934039
41 1 539263807
42 1 501283607
44 1 138187367
49 1 263871849
40 1 245663965
44 1 334856594
50 1 638977249
46 1 861028360
40 1 576174959
44 1 341479880
47 1 947302670
41 1 94764618
48 1 782178607
43 1 383250047
43 1 552729483
43 1 88032663
48 1 534820660
50 1 14860375
47 1 592679153
45 1 637548367
44 1 452911631
41 1 137144694
43 1 967748549
40 1 374954838
42 1 360979691
45 1 122339506
45 1 375978159
44 1 299305552
42 1 410563827
49 1 111717248
45 1 154668606
47 1 908488932
49 1 170259010
44 1 739778459
44 1 169339506
50 1 211331130
48 1 131717039
43 1 103899470
40 1 819630859
45 1 983904806
50 1 602323981
47 1 663138774
41 1 813583965
44 1 211774566
45 1 541157779
50 1 289861980
41 1 676394461
42 1 820783059
50 1 815201731
49 1 183083752
43 1 339190334
50 1 613800243
43 1 807790818
42 1 240628068
49 1 790689129
45 1 862793248
43 1 817078318
41 1 700815973
44 1 693552108
46 1 129481375
41 1 252164931
47 1 369020019
49 1 304413869
47 1 728635221
48 1 764413348
44 1 285457117
50 1 405399957
44 1 200537763
41 1 283308993
49 1 198426037
47 1 114265682
43 1 107725962
44 1 505378075
2000
48 1 16
48 1 15
45 1 14
41 1 4
48 1 2
47 1 2
40 1 8
43 1 19
41 1 3
48 1 20
48 1 6
48 1 5
40 1 20
46 1 8
41 1 5
45 1 12
48 1 19
43 1 6
50 1 6
42 1 7
45 1 8
40 1 1
49 1 7
47 1 17
42 1 14
41 1 13
48 1 5
42 1 11
43 1 16
41 1 1
50 1 8
49 1 8
48 1 18
50 1 11
46 1 7
40 1 8
43 1 11
43 1 19
42 1 3
43 1 4
42 1 20
48 1 5
41 1 2
46 1 6
47 1 18
43 1 4
40 1 1
46 1 1
48 1 8
48 1 15
49 1 5
44 1 19
47 1 7
50 1 5
44 1 15
40 1 8
50 1 16
42 1 18
50 1 12
47 1 2
48 1 16
48 1 18
48 1 9
47 1 20
46 1 5
45 1 3
48 1 19
43 1 11
47 1 17
50 1 3
40 1 17
48 1 12
44 1 4
50 1 17
44 1 19
50 1 20
44 1 2
44 1 1
48 1 13
40 1 7
41 1 16
46 1 14
41 1 20
48 1 16
47 1 4
40 1 4
47 1 5
46 1 3
42 1 10
40 1 5
45 1 13
49 1 17
48 1 12
47 1 6
44 1 4
42 1 14
48 1 20
49 1 10
41 1 5
48 1 16
45 1 9
46 1 12
47 1 7
49 1 6
40 1 15
45 1 13
50 1 20
44 1 7
43 1 15
45 1 2
43 1 18
43 1 18
45 1 13
49 1 5
42 1 2
50 1 2
43 1 10
42 1 16
46 1 8
49 1 10
41 1 19
43 1 15
44 1 7
42 1 6
50 1 6
46 1 7
46 1 19
44 1 15
46 1 18
43 1 8
43 1 2
42 1 12
46 1 3
42 1 3
42 1 9
47 1 13
50 1 9
45 1 17
48 1 19
50 1 5
47 1 12
43 1 20
49 1 9
48 1 16
40 1 17
42 1 3
47 1 14
46 1 20
45 1 18
48 1 4
40 1 7
45 1 1
40 1 15
42 1 2
49 1 11
50 1 18
44 1 7
43 1 9
42 1 12
49 1 6
40 1 20
50 1 12
44 1 2
49 1 11
46 1 20
50 1 16
41 1 13
46 1 6
42 1 18
49 1 7
42 1 14
46 1 2
47 1 19
40 1 5
50 1 3
43 1 13
49 1 6
49 1 6
44 1 13
45 1 18
42 1 4
50 1 10
47 1 11
43 1 13
40 1 20
40 1 8
41 1 8
44 1 10
44 1 5
50 1 2
49 1 8
47 1 3
49 1 14
41 1 19
41 1 14
40 1 16
42 1 14
43 1 12
50 1 13
44 1 16
48 1 17
42 1 18
44 1 12
42 1 9
50 1 15
46 1 10
42 1 16
50 1 3
50 1 8
43 1 1
49 1 5
46 1 19
42 1 18
45 1 15
42 1 19
41 1 10
49 1 13
46 1 7
44 1 17
50 1 3
43 1 16
50 1 14
46 1 1
40 1 8
44 1 5
48 1 19
49 1 15
47 1 19
49 1 7
47 1 16
50 1 17
43 1 14
49 1 15
46 1 4
48 1 12
47 1 11
48 1 14
43 1 5
45 1 18
48 1 6
48 1 2
40 1 15
43 1 14
50 1 20
50 1 18
43 1 15
45 1 16
49 1 16
43 1 2
45 1 18
45 1 17
41 1 11
47 1 17
42 1 7
41 1 2
49 1 5
47 1 19
46 1 6
50 1 12
47 1 16
49 1 13
50 1 2
43 1 1
44 1 16
45 1 18
46 1 10
45 1 12
48 1 1
41 1 15
42 1 4
41 1 10
48 1 12
46 1 12
43 1 17
48 1 15
40 1 16
48 1 7
42 1 19
50 1 12
48 1 3
43 1 13
41 1 4
40 1 19
44 1 6
50 1 18
43 1 16
46 1 7
50 1 5
50 1 3
41 1 19
41 1 20
44 1 8
44 1 7
45 1 20
40 1 18
49 1 14
40 1 19
44 1 3
44 1 6
47 1 1
50 1 4
47 1 16
49 1 14
47 1 20
41 1 14
41 1 17
46 1 9
40 1 8
41 1 13
42 1 16
46 1 17
41 1 2
42 1 13
41 1 7
48 1 8
44 1 3
40 1 4
44 1 9
49 1 14
45 1 14
43 1 10
44 1 10
47 1 6
50 1 15
40 1 20
43 1 15
41 1 10
42 1 12
47 1 1
45 1 12
45 1 16
46 1 10
46 1 3
40 1 9
40 1 17
46 1 19
50 1 16
49 1 19
49 1 6
48 1 15
42 1 17
40 1 3
50 1 18
49 1 16
44 1 18
43 1 12
44 1 20
43 1 20
46 1 10
40 1 12
41 1 20
43 1 18
50 1 2
47 1 16
44 1 20
48 1 20
49 1 20
49 1 19
41 1 16
49 1 5
42 1 17
48 1 1
42 1 11
41 1 8
47 1 10
42 1 8
47 1 7
43 1 4
40 1 13
49 1 13
49 1 9
42 1 13
47 1 20
42 1 19
48 1 14
41 1 18
44 1 2
47 1 18
50 1 17
44 1 16
48 1 10
50 1 13
50 1 20
45 1 15
50 1 16
44 1 3
49 1 3
40 1 9
46 1 4
40 1 1
45 1 15
46 1 8
46 1 9
46 1 13
41 1 18
40 1 14
45 1 9
50 1 1
45 1 18
48 1 12
48 1 18
50 1 11
40 1 15
42 1 1
40 1 15
46 1 9
47 1 6
41 1 10
45 1 4
48 1 5
49 1 3
41 1 19
46 1 14
45 1 10
40 1 17
50 1 10
40 1 6
41 1 20
47 1 19
42 1 8
43 1 7
49 1 1
40 1 3
50 1 20
49 1 5
41 1 10
46 1 18
47 1 8
43 1 16
48 1 6
40 1 3
46 1 12
45 1 4
42 1 5
45 1 6
41 1 11
40 1 10
41 1 7
46 1 7
49 1 12
50 1 8
43 1 9
46 1 14
50 1 2
46 1 7
49 1 6
42 1 9
43 1 14
48 1 3
46 1 12
44 1 10
43 1 8
45 1 8
43 1 15
47 1 1
49 1 3
44 1 2
49 1 17
46 1 12
44 1 14
49 1 8
48 1 1
50 1 4
40 1 1
46 1 3
48 1 20
41 1 10
47 1 3
44 1 9
50 1 14
45 1 6
45 1 5
42 1 8
47 1 11
43 1 9
40 1 1
44 1 20
50 1 20
46 1 17
50 1 11
49 1 17
47 1 10
42 1 11
42 1 4
48 1 6
44 1 16
43 1 7
47 1 2
44 1 2
43 1 7
48 1 10
50 1 10
42 1 19
48 1 7
42 1 15
48 1 14
46 1 4
42 1 7
45 1 10
45 1 15
50 1 9
47 1 12
42 1 13
48 1 1
49 1 10
48 1 4
50 1 19
42 1 19
50 1 17
44 1 11
43 1 8
41 1 14
49 1 1
41 1 20
48 1 17
43 1 7
46 1 6
46 1 20
42 1 10
44 1 14
43 1 10
50 1 14
44 1 8
43 1 2
48 1 12
47 1 3
49 1 5
49 1 16
43 1 9
50 1 1
48 1 2
47 1 2
50 1 12
47 1 15
48 1 19
44 1 7
43 1 16
42 1 20
47 1 9
49 1 3
47 1 19
43 1 6
42 1 11
41 1 4
47 1 13
50 1 15
49 1 19
41 1 8
44 1 14
47 1 2
43 1 8
43 1 9
45 1 2
49 1 15
47 1 7
49 1 3
47 1 19
41 1 2
40 1 20
50 1 15
48 1 15
50 1 10
42 1 20
43 1 10
41 1 12
40 1 11
41 1 13
43 1 15
47 1 4
42 1 17
47 1 9
43 1 14
40 1 13
41 1 4
49 1 13
50 1 9
46 1 15
45 1 4
41 1 9
43 1 16
50 1 4
40 1 4
42 1 4
46 1 14
45 1 11
42 1 10
46 1 5
50 1 16
42 1 2
46 1 1
45 1 1
50 1 19
43 1 4
48 1 8
40 1 9
49 1 1
47 1 13
41 1 18
45 1 16
40 1 13
48 1 12
50 1 14
45 1 6
42 1 14
46 1 2
50 1 12
41 1 7
48 1 11
46 1 13
43 1 12
44 1 16
42 1 20
40 1 16
42 1 8
44 1 4
45 1 17
50 1 16
49 1 1
44 1 3
43 1 16
46 1 3
42 1 8
50 1 18
50 1 1
47 1 15
40 1 17
44 1 11
44 1 18
47 1 9
42 1 16
41 1 19
50 1 18
42 1 12
41 1 1
44 1 3
49 1 6
50 1 14
48 1 6
49 1 6
49 1 2
50 1 3
49 1 19
45 1 8
49 1 6
50 1 12
48 1 4
43 1 5
44 1 1
47 1 5
48 1 7
50 1 17
47 1 14
50 1 14
45 1 17
42 1 14
43 1 6
40 1 10
45 1 14
50 1 12
43 1 18
42 1 6
47 1 13
42 1 20
48 1 11
45 1 15
40 1 5
50 1 12
43 1 1
40 1 18
40 1 11
41 1 10
42 1 17
50 1 8
46 1 6
46 1 20
41 1 19
47 1 16
46 1 14
40 1 16
40 1 15
44 1 13
41 1 19
42 1 15
40 1 14
44 1 19
42 1 18
48 1 11
44 1 18
43 1 13
47 1 8
48 1 8
48 1 17
43 1 2
40 1 13
44 1 18
45 1 1
50 1 17
43 1 7
42 1 1
42 1 9
44 1 11
42 1 19
49 1 15
49 1 15
49 1 11
50 1 19
47 1 4
47 1 1
46 1 3
44 1 19
43 1 1
42 1 2
45 1 4
44 1 19
41 1 10
41 1 4
42 1 19
47 1 10
40 1 7
42 1 11
47 1 20
44 1 11
47 1 4
49 1 18
41 1 2
43 1 18
49 1 13
44 1 19
44 1 2
41 1 4
42 1 2
50 1 2
40 1 1
43 1 15
47 1 12
40 1 17
46 1 16
50 1 6
44 1 7
40 1 5
46 1 17
40 1 2
43 1 14
49 1 16
47 1 13
49 1 18
49 1 8
41 1 13
49 1 6
47 1 7
50 1 3
40 1 10
48 1 12
45 1 1
50 1 18
43 1 18
48 1 11
45 1 18
43 1 10
42 1 15
46 1 5
50 1 5
43 1 16
43 1 4
40 1 11
42 1 17
50 1 13
46 1 20
45 1 9
49 1 13
50 1 8
45 1 13
49 1 13
46 1 11
49 1 19
40 1 19
45 1 2
40 1 2
42 1 14
40 1 12
42 1 6
44 1 6
43 1 5
43 1 10
45 1 5
48 1 17
41 1 8
40 1 6
43 1 20
45 1 19
44 1 14
45 1 12
41 1 13
41 1 4
47 1 4
46 1 19
50 1 14
42 1 12
41 1 2
47 1 15
43 1 1
43 1 12
45 1 8
42 1 15
41 1 12
46 1 15
40 1 1
46 1 12
50 1 11
44 1 9
44 1 11
41 1 18
45 1 17
43 1 10
43 1 1
50 1 12
44 1 9
44 1 20
41 1 1
50 1 15
49 1 13
49 1 8
40 1 6
44 1 12
44 1 5
41 1 9
48 1 20
47 1 1
49 1 13
48 1 2
45 1 18
40 1 2
49 1 13
42 1 18
45 1 5
44 1 3
40 1 11
44 1 1
48 1 2
50 1 18
49 1 17
44 1 20
49 1 9
41 1 20
48 1 14
45 1 3
45 1 9
42 1 20
45 1 5
44 1 6
49 1 13
49 1 17
48 1 17
41 1 13
43 1 15
50 1 4
49 1 17
41 1 11
49 1 8
41 1 9
45 1 9
44 1 1
40 1 16
50 1 20
50 1 12
48 1 13
44 1 8
42 1 12
48 1 20
41 1 3
45 1 19
49 1 3
47 1 6
45 1 8
40 1 12
48 1 5
41 1 13
45 1 20
50 1 19
41 1 2
43 1 20
43 1 1
50 1 3
40 1 17
41 1 2
45 1 4
43 1 16
49 1 20
41 1 4
50 1 13
46 1 7
46 1 15
44 1 20
49 1 4
50 1 17
49 1 13
43 1 7
45 1 9
41 1 16
42 1 18
48 1 1
49 1 16
46 1 12
43 1 12
49 1 12
45 1 9
40 1 8
45 1 18
41 1 2
40 1 12
43 1 1
46 1 8
42 1 2
40 1 15
45 1 1
44 1 14
40 1 15
49 1 11
49 1 19
48 1 4
42 1 18
46 1 12
43 1 15
45 1 3
50 1 12
41 1 15
48 1 5
42 1 13
41 1 13
45 1 3
43 1 17
49 1 19
43 1 7
48 1 16
40 1 15
49 1 2
46 1 13
45 1 2
46 1 20
50 1 1
43 1 15
48 1 3
49 1 7
48 1 1
40 1 17
50 1 20
41 1 9
49 1 11
49 1 13
41 1 19
40 1 4
46 1 1
40 1 3
49 1 12
42 1 16
45 1 7
40 1 9
48 1 17
45 1 8
49 1 1
43 1 3
46 1 12
46 1 12
48 1 10
50 1 13
42 1 9
45 1 19
49 1 16
40 1 18
49 1 8
45 1 1
43 1 10
42 1 2
50 1 13
40 1 15
43 1 10
44 1 10
49 1 18
43 1 4
41 1 10
41 1 17
42 1 6
43 1 20
49 1 11
40 1 7
48 1 13
40 1 16
43 1 19
44 1 8
41 1 10
49 1 17
49 1 20
45 1 7
45 1 11
40 1 17
43 1 7
49 1 4
40 1 8
50 1 15
42 1 15
47 1 7
42 1 2
44 1 8
40 1 2
49 1 17
44 1 1
43 1 14
43 1 8
44 1 16
50 1 6
44 1 11
46 1 18
45 1 15
48 1 16
45 1 9
43 1 20
40 1 11
40 1 16
49 1 2
50 1 13
50 1 4
48 1 4
47 1 17
49 1 20
41 1 14
46 1 12
48 1 5
45 1 2
40 1 19
49 1 8
45 1 12
50 1 1
45 1 2
43 1 16
42 1 10
46 1 16
46 1 5
40 1 16
45 1 10
46 1 16
47 1 2
45 1 9
43 1 14
41 1 2
40 1 8
45 1 18
42 1 13
49 1 6
43 1 15
45 1 5
41 1 15
47 1 20
47 1 19
48 1 8
47 1 16
46 1 9
46 1 5
43 1 19
41 1 7
50 1 11
46 1 3
45 1 6
48 1 1
50 1 9
48 1 5
43 1 16
49 1 14
44 1 2
45 1 14
41 1 11
45 1 7
42 1 17
46 1 15
50 1 18
49 1 16
45 1 9
42 1 12
42 1 2
50 1 9
50 1 7
44 1 10
47 1 1
45 1 10
41 1 5
47 1 15
49 1 14
49 1 14
44 1 2
49 1 8
48 1 6
40 1 9
41 1 2
49 1 6
42 1 7
48 1 10
45 1 2
47 1 12
46 1 10
50 1 13
42 1 8
41 1 7
42 1 7
40 1 2
47 1 17
46 1 1
45 1 15
42 1 9
43 1 10
41 1 17
46 1 16
48 1 1
45 1 16
49 1 1
42 1 17
40 1 14
42 1 12
48 1 4
44 1 7
49 1 19
49 1 5
50 1 5
44 1 18
42 1 11
40 1 17
42 1 13
47 1 3
40 1 8
48 1 3
44 1 18
48 1 5
41 1 7
50 1 5
48 1 17
42 1 17
42 1 8
50 1 1
42 1 11
45 1 13
45 1 14
47 1 1
50 1 5
50 1 11
47 1 4
45 1 11
40 1 17
46 1 19
42 1 3
41 1 12
47 1 9
43 1 4
49 1 7
45 1 15
44 1 19
43 1 20
45 1 19
41 1 12
50 1 17
45 1 15
49 1 4
46 1 16
50 1 13
42 1 19
45 1 18
43 1 12
40 1 14
48 1 13
42 1 4
42 1 20
43 1 8
40 1 13
44 1 1
47 1 10
40 1 19
46 1 1
50 1 15
44 1 16
40 1 5
47 1 10
45 1 4
41 1 19
44 1 3
44 1 8
48 1 6
42 1 9
45 1 12
41 1 6
45 1 2
40 1 20
45 1 12
45 1 15
43 1 7
48 1 9
47 1 12
45 1 6
48 1 14
42 1 9
43 1 14
47 1 5
40 1 11
41 1 7
45 1 19
44 1 11
46 1 16
46 1 18
46 1 17
45 1 11
42 1 12
41 1 15
41 1 13
47 1 10
43 1 14
48 1 2
42 1 1
46 1 4
49 1 7
42 1 17
48 1 18
49 1 11
49 1 13
48 1 6
40 1 1
46 1 3
48 1 9
42 1 16
49 1 6
48 1 14
44 1 10
40 1 20
42 1 14
43 1 9
48 1 14
50 1 1
43 1 7
49 1 5
50 1 1
45 1 10
45 1 20
42 1 8
43 1 6
44 1 1
47 1 5
45 1 13
41 1 11
45 1 4
47 1 15
41 1 2
48 1 1
46 1 3
45 1 10
41 1 13
49 1 4
44 1 7
49 1 17
48 1 9
48 1 2
49 1 20
42 1 3
49 1 10
41 1 10
40 1 6
41 1 7
45 1 6
44 1 16
40 1 15
47 1 20
43 1 6
41 1 12
46 1 15
41 1 19
43 1 11
43 1 3
48 1 10
50 1 2
41 1 17
50 1 16
49 1 5
44 1 16
42 1 5
50 1 10
49 1 2
41 1 5
41 1 2
43 1 2
47 1 11
46 1 9
42 1 19
41 1 19
49 1 9
41 1 14
43 1 18
45 1 8
48 1 1
49 1 16
50 1 2
41 1 16
48 1 8
47 1 11
41 1 17
40 1 15
40 1 16
46 1 17
42 1 19
43 1 12
46 1 15
41 1 19
49 1 3
44 1 20
43 1 2
48 1 6
40 1 16
47 1 13
44 1 8
40 1 20
49 1 13
42 1 10
47 1 18
43 1 17
44 1 7
48 1 12
41 1 20
48 1 2
44 1 9
48 1 12
46 1 6
49 1 9
43 1 16
44 1 8
49 1 14
44 1 4
50 1 2
40 1 19
43 1 20
47 1 3
47 1 9
40 1 9
46 1 17
42 1 13
41 1 3
40 1 6
43 1 19
44 1 9
44 1 17
40 1 9
42 1 1
47 1 2
42 1 10
45 1 19
50 1 8
50 1 15
44 1 8
45 1 1
43 1 16
41 1 11
43 1 18
44 1 13
48 1 5
44 1 4
47 1 15
41 1 11
47 1 3
49 1 5
47 1 14
46 1 12
44 1 19
44 1 12
45 1 14
49 1 18
48 1 10
42 1 5
48 1 1
44 1 12
45 1 15
40 1 19
40 1 20
41 1 9
45 1 15
42 1 3
43 1 2
48 1 18
40 1 16
43 1 7
42 1 6
45 1 11
49 1 18
44 1 20
43 1 17
50 1 5
44 1 1
47 1 4
47 1 8
45 1 17
44 1 13
42 1 17
41 1 2
43 1 18
49 1 1
50 1 3
42 1 7
40 1 19
48 1 6
44 1 14
49 1 15
50 1 7
50 1 9
40 1 7
50 1 17
44 1 7
46 1 11
47 1 19
42 1 1
40 1 15
41 1 2
47 1 14
47 1 4
40 1 20
42 1 7
49 1 13
46 1 12
45 1 5
50 1 6
46 1 17
40 1 18
47 1 20
48 1 19
46 1 9
41 1 16
40 1 20
46 1 1
45 1 10
47 1 12
48 1 15
40 1 4
44 1 6
48 1 11
47 1 6
50 1 17
44 1 20
42 1 6
50 1 1
45 1 1
46 1 19
46 1 14
46 1 18
47 1 6
40 1 8
47 1 11
42 1 9
42 1 16
40 1 9
45 1 11
43 1 14
48 1 4
48 1 8
46 1 2
43 1 2
49 1 19
42 1 11
46 1 6
45 1 11
42 1 8
43 1 2
41 1 14
49 1 17
45 1 19
40 1 18
45 1 10
46 1 10
46 1 1
45 1 16
46 1 8
49 1 20
47 1 18
40 1 3
44 1 12
40 1 13
49 1 16
46 1 11
48 1 13
44 1 6
44 1 12
42 1 18
41 1 9
46 1 19
46 1 16
45 1 12
46 1 18
47 1 15
41 1 12
40 1 13
49 1 10
45 1 20
41 1 13
49 1 5
50 1 19
45 1 20
40 1 16
44 1 12
41 1 4
44 1 6
40 1 6
40 1 7
42 1 1
42 1 4
45 1 13
40 1 2
43 1 20
49 1 12
47 1 6
49 1 11
45 1 12
44 1 19
42 1 14
49 1 3
50 1 10
43 1 13
48 1 10
42 1 18
46 1 9
47 1 9
47 1 1
47 1 3
41 1 3
42 1 11
43 1 6
40 1 12
41 1 17
40 1 9
47 1 8
44 1 13
50 1 16
46 1 8
45 1 7
43 1 19
43 1 15
44 1 14
43 1 8
40 1 8
44 1 11
45 1 9
40 1 17
49 1 9
50 1 2
48 1 17
44 1 10
40 1 19
40 1 17
40 1 18
40 1 5
47 1 11
45 1 3
48 1 16
40 1 18
45 1 10
43 1 13
46 1 4
50 1 16
41 1 8
44 1 19
44 1 16
49 1 15
40 1 10
47 1 8
47 1 6
48 1 8
48 1 4
48 1 19
40 1 14
40 1 3
43 1 8
47 1 5
47 1 18
41 1 19
40 1 18
45 1 3
40 1 19
44 1 17
48 1 1
41 1 12
50 1 15
48 1 15
44 1 14
42 1 16
50 1 12
49 1 2
48 1 5
48 1 20
45 1 9
50 1 12
49 1 8
40 1 9
45 1 12
42 1 16
45 1 11
47 1 12
43 1 5
41 1 5
40 1 18
40 1 1
42 1 19
50 1 16
47 1 6
45 1 18
48 1 11
40 1 7
41 1 15
47 1 11
45 1 19
46 1 14
40 1 17
43 1 13
43 1 2
42 1 16
42 1 13
41 1 13
41 1 1
43 1 16
42 1 10
49 1 20
43 1 6
43 1 20
48 1 20
49 1 1
47 1 10
47 1 13
45 1 2
50 1 14
50 1 1
50 1 11
47 1 12
45 1 12
42 1 9
43 1 2
42 1 1
49 1 4
41 1 19
49 1 2
44 1 15
50 1 6
50 1 10
48 1 16
46 1 19
45 1 18
42 1 15
43 1 4
42 1 2
40 1 5
42 1 1
48 1 16
42 1 8
44 1 6
47 1 6
50 1 8
49 1 7
44 1 16
45 1 11
46 1 15
48 1 4
45 1 20
43 1 15
45 1 13
50 1 17
48 1 10
47 1 8
45 1 3
41 1 4
44 1 2
50 1 6
41 1 8
47 1 18
46 1 9
40 1 4
50 1 16
42 1 3
42 1 13
49 1 18
50 1 20
50 1 9
43 1 8
50 1 12
43 1 18
44 1 1
45 1 16
43 1 6
44 1 17
42 1 9
40 1 14
40 1 12
46 1 20
43 1 7
44 1 4
44 1 9
42 1 3
46 1 3
44 1 18
49 1 20
44 1 7
44 1 18
41 1 13
44 1 18
46 1 7
50 1 4
49 1 1
50 1 11
49 1 8
45 1 2
45 1 2
41 1 10
50 1 4
44 1 6
45 1 20
40 1 17
43 1 11
49 1 19
46 1 20
50 1 11
46 1 9
46 1 4
46 1 6
46 1 8
46 1 3
42 1 9
49 1 12
43 1 7
49 1 10
42 1 12
49 1 4
41 1 5
46 1 20
50 1 20
41 1 8
41 1 13
41 1 5
50 1 15
44 1 16
41 1 11
43 1 2
42 1 13
46 1 4
43 1 15
45 1 3
45 1 11
43 1 20
46 1 19
40 1 9
45 1 6
48 1 6
41 1 14
43 1 17
47 1 20
40 1 16
42 1 5
41 1 20
50 1 3
44 1 3
48 1 5
49 1 3
49 1 18
47 1 2
50 1 6
42 1 13
44 1 9
45 1 11
40 1 8
42 1 18
45 1 1
48 1 5
41 1 10
47 1 5
47 1 3
47 1 18
43 1 16
45 1 15
47 1 2
42 1 5
45 1 16
46 1 3
47 1 16
50 1 10
42 1 8
47 1 8
49 1 9
50 1 9
46 1 10
44 1 8
47 1 19
40 1 10
45 1 16
47 1 1
46 1 7
46 1 18
46 1 11
41 1 15
47 1 13
43 1 18
50 1 4
42 1 16
43 1 10
41 1 20
44 1 7
46 1 7
46 1 15
50 1 10
44 1 17
40 1 20
47 1 17
50 1 1
45 1 1
47 1 7
41 1 16
50 1 16
44 1 2
47 1 6
46 1 4
45 1 19
44 1 4
40 1 1
49 1 15
45 1 12
42 1 20
46 1 18
49 1 14
45 1 6
41 1 16
44 1 11
49 1 5
47 1 12
40 1 11
43 1 18
41 1 11
49 1 5
49 1 3
40 1 15
49 1 20
45 1 5
48 1 6
46 1 6
48 1 8
50 1 8
47 1 13
42 1 18
49 1 1
40 1 15
49 1 20
42 1 2
40 1 7
48 1 1
41 1 13
46 1 4
41 1 13
44 1 10
44 1 6
42 1 18
47 1 7
42 1 7
49 1 9
50 1 12
44 1 9
42 1 12
45 1 8
44 1 4
47 1 5
40 1 19
42 1 19
47 1 11
44 1 17
42 1 11
46 1 18
50 1 13
41 1 12
49 1 12
40 1 8
42 1 15
43 1 6
45 1 15
40 1 3
41 1 4
45 1 20
44 1 19
43 1 13
42 1 7
40 1 20
45 1 6
47 1 12
42 1 2
40 1 14
44 1 9
40 1 5
43 1 19
48 1 16
46 1 14
46 1 13
43 1 2
44 1 9
48 1 11
42 1 19
47 1 8
49 1 1
45 1 12
41 1 13
46 1 7
50 1 5
44 1 9
49 1 2
41 1 11
48 1 11
40 1 11
48 1 17
48 1 16
48 1 1
45 1 7
49 1 17
43 1 14
41 1 11
42 1 19
48 1 9
46 1 19
46 1 5
44 1 19
48 1 2
48 1 11
50 1 13
42 1 13
42 1 8
41 1 16
47 1 4
44 1 1
43 1 19
43 1 2
40 1 5
45 1 12
47 1 16
46 1 3
42 1 9
44 1 10
40 1 6
44 1 7
49 1 13
40 1 19
43 1 4
46 1 16
48 1 10
50 1 13
41 1 15
45 1 15
42 1 10
44 1 16
40 1 10
44 1 11
43 1 4
49 1 17
47 1 13
49 1 4
40 1 9
45 1 4
41 1 20
42 1 18
45 1 10
46 1 18
46 1 15
50 1 12
45 1 18
40 1 19
49 1 8
50 1 4
45 1 16
45 1 16
47 1 6
41 1 4
45 1 17
40 1 10
44 1 10
49 1 3
40 1 13
45 1 3
48 1 7
49 1 5
49 1 20
49 1 20
41 1 1
49 1 19
47 1 18
47 1 11
42 1 12
49 1 4
50 1 8
44 1 15
41 1 17
41 1 16
48 1 15
48 1 16
45 1 15
45 1 20
50 1 5
46 1 16
47 1 15
41 1 15
40 1 7
46 1 16
48 1 11
48 1 14
