57
47 1212 1
42 1104 1
48 1247 1
44 1420 1
41 1428 1
46 1364 1
47 1245 1
40 1199 1
48 1027 1
49 1113 1
50 1439 1
45 1208 1
41 1231 1
41 1131 1
48 1080 1
43 1218 1
45 1145 1
44 1071 1
43 1393 1
47 1314 1
45 1306 1
47 1439 1
42 1124 1
49 1383 1
47 1175 1
45 1099 1
46 1378 1
45 1285 1
46 1323 1
41 1234 1
48 1105 1
43 1182 1
41 1164 1
48 1042 1
42 1406 1
48 1198 1
49 1089 1
49 1006 1
48 1013 1
43 1013 1
43 1248 1
46 1096 1
48 1022 1
50 1392 1
48 1156 1
49 1373 1
46 1440 1
43 1220 1
49 1237 1
40 1341 1
44 1194 1
47 1118 1
48 1011 1
46 1403 1
46 1199 1
47 1423 1
40 1397 1
102
47 3180 1
42 3036 1
47 3266 1
50 2275 1
42 3285 1
42 3902 1
41 2206 1
50 2834 1
45 3475 1
42 3610 1
50 3724 1
42 3759 1
41 3991 1
47 3503 1
44 2086 1
40 3850 1
42 3758 1
41 2153 1
48 2876 1
46 2022 1
41 3811 1
44 3207 1
40 3190 1
41 3614 1
46 2338 1
47 2291 1
49 2286 1
45 3220 1
48 2202 1
41 3450 1
44 3286 1
43 3833 1
42 2431 1
42 2258 1
45 3234 1
40 2883 1
42 2220 1
40 3045 1
48 2299 1
46 2216 1
49 3463 1
47 3420 1
50 2430 1
47 3700 1
47 3557 1
48 2681 1
40 3737 1
45 3315 1
49 2709 1
40 3004 1
48 3858 1
40 3810 1
41 3094 1
48 3064 1
45 2289 1
40 3013 1
43 2372 1
40 3576 1
50 2091 1
42 3548 1
47 3586 1
42 3411 1
49 3720 1
49 2710 1
50 2573 1
43 3110 1
49 3887 1
48 2407 1
47 3599 1
42 3160 1
43 2980 1
41 2740 1
47 3693 1
41 3062 1
49 3476 1
45 3084 1
41 2141 1
48 2784 1
44 3155 1
45 3321 1
43 2315 1
46 2378 1
44 3365 1
47 3014 1
50 3851 1
40 3892 1
47 3794 1
44 3004 1
43 2411 1
40 3675 1
45 2735 1
44 2471 1
45 3524 1
43 3179 1
41 3030 1
49 2940 1
50 2918 1
47 2520 1
45 2452 1
47 3375 1
46 3039 1
46 3937 1
