570
46 5838 1
40 6425 1
44 5897 1
42 6694 1
49 4775 1
43 6145 1
49 3903 1
46 4661 1
50 5987 1
43 7469 1
40 8641 1
47 7424 1
43 6303 1
44 9446 1
42 9626 1
48 3201 1
46 4829 1
44 7695 1
41 8599 1
48 4502 1
43 7551 1
44 4095 1
50 7648 1
45 5950 1
50 8967 1
42 3801 1
45 4723 1
42 8216 1
47 9791 1
41 5863 1
41 8258 1
41 9589 1
41 5014 1
43 8946 1
46 6423 1
43 4746 1
43 7364 1
43 7609 1
50 5061 1
42 4076 1
44 6261 1
49 3560 1
46 7152 1
43 4942 1
43 7459 1
48 5857 1
46 3468 1
50 8446 1
40 7195 1
44 3142 1
48 4348 1
48 9896 1
49 5773 1
44 9817 1
48 7965 1
45 6160 1
43 8274 1
50 3976 1
43 5164 1
46 4876 1
43 3384 1
45 7885 1
46 3865 1
43 6477 1
41 3327 1
44 8587 1
49 8918 1
41 4255 1
40 6978 1
40 9626 1
45 7175 1
45 8171 1
43 3063 1
50 4784 1
49 4887 1
43 3785 1
50 3777 1
41 9292 1
46 3434 1
50 9435 1
46 8958 1
45 9350 1
44 7038 1
50 8304 1
46 8877 1
45 8885 1
43 7472 1
48 8478 1
47 3934 1
43 7540 1
47 6632 1
45 5765 1
42 3019 1
46 4728 1
49 3908 1
42 7358 1
41 9711 1
43 4806 1
43 6088 1
41 3110 1
50 8731 1
44 9101 1
49 6926 1
42 7164 1
43 9348 1
49 5615 1
45 9040 1
49 4510 1
41 8669 1
41 8785 1
44 4663 1
41 6232 1
49 6259 1
40 6672 1
42 6192 1
43 6880 1
48 5736 1
45 7276 1
47 5354 1
45 8164 1
48 7730 1
45 7428 1
42 4398 1
49 3653 1
43 6306 1
44 9248 1
43 4264 1
49 3565 1
41 7757 1
42 9060 1
43 4677 1
40 7041 1
45 7290 1
48 5572 1
48 6128 1
40 8039 1
40 6360 1
40 5067 1
48 4546 1
48 6541 1
41 3731 1
42 9986 1
40 3117 1
46 9352 1
48 8415 1
47 5010 1
48 3371 1
42 6723 1
47 8719 1
45 3533 1
47 5333 1
46 3057 1
45 3743 1
48 5911 1
46 3475 1
43 9679 1
42 9877 1
50 5418 1
40 4793 1
41 4115 1
49 3979 1
41 6449 1
45 5730 1
50 6125 1
46 7216 1
50 5435 1
46 9971 1
44 9973 1
45 8191 1
50 5370 1
50 5435 1
48 9785 1
48 3836 1
45 6851 1
48 7530 1
44 4830 1
44 3573 1
44 4065 1
41 8010 1
41 8427 1
48 6374 1
50 5582 1
44 3085 1
48 9846 1
44 7306 1
43 4014 1
45 4990 1
48 6789 1
48 6561 1
48 3900 1
49 9310 1
45 4212 1
42 3980 1
40 3098 1
50 3669 1
41 6495 1
49 3475 1
49 5292 1
41 3486 1
42 9292 1
43 6547 1
50 3914 1
41 8354 1
47 4031 1
43 6019 1
42 8428 1
45 7080 1
41 7669 1
41 5502 1
47 8438 1
46 8441 1
41 7413 1
43 4209 1
43 3940 1
41 5107 1
43 5384 1
43 6127 1
44 6129 1
44 9945 1
49 4150 1
45 5577 1
46 9626 1
47 9620 1
49 3014 1
41 4089 1
46 9483 1
47 9826 1
46 3350 1
43 6845 1
45 8511 1
42 4217 1
41 4717 1
41 5520 1
43 5968 1
41 4232 1
46 4764 1
50 5064 1
40 6740 1
49 8902 1
45 7467 1
44 8912 1
44 6978 1
47 6742 1
49 9497 1
45 8021 1
45 5016 1
47 8048 1
50 9268 1
49 6531 1
50 4260 1
43 4259 1
49 5376 1
44 3224 1
40 5180 1
49 5318 1
45 6136 1
46 6522 1
49 4665 1
48 3251 1
43 9906 1
48 5461 1
40 7681 1
48 9117 1
40 4242 1
48 5271 1
41 5832 1
41 6738 1
46 8870 1
40 4409 1
40 7779 1
48 7776 1
42 7945 1
49 6800 1
42 8974 1
46 6625 1
50 7741 1
47 7588 1
49 4885 1
40 3879 1
40 7347 1
43 8101 1
43 5605 1
50 4810 1
49 7508 1
50 7776 1
40 7375 1
42 4707 1
49 3890 1
50 8135 1
40 3278 1
43 9722 1
41 5426 1
45 3788 1
44 5652 1
40 4421 1
41 5979 1
47 5987 1
44 6835 1
40 4606 1
45 3437 1
43 8404 1
48 7273 1
43 6560 1
43 5963 1
40 5572 1
41 9248 1
41 7067 1
41 6976 1
41 8051 1
41 8302 1
47 8607 1
50 6981 1
48 3367 1
43 4344 1
40 5839 1
41 8811 1
48 9443 1
40 3939 1
42 7237 1
42 7681 1
41 4657 1
48 3835 1
41 9489 1
46 5927 1
42 4117 1
44 6387 1
48 8009 1
47 9018 1
41 8839 1
49 8107 1
41 5122 1
45 4098 1
43 6004 1
40 8061 1
49 8506 1
48 9277 1
41 6658 1
40 7042 1
48 9880 1
41 6365 1
49 5314 1
47 6016 1
40 3524 1
42 6139 1
40 6222 1
45 8134 1
48 3655 1
44 9348 1
48 5283 1
48 6529 1
46 5089 1
47 8755 1
50 8624 1
45 6224 1
42 5877 1
47 8527 1
48 8615 1
50 5647 1
44 9369 1
49 3437 1
44 5404 1
50 7236 1
44 6774 1
47 5881 1
43 4997 1
48 8882 1
44 3707 1
42 8721 1
47 5709 1
50 7254 1
40 6100 1
46 6330 1
43 6489 1
49 5636 1
46 5253 1
49 6606 1
44 3576 1
45 9842 1
48 6804 1
44 5798 1
46 9576 1
48 4092 1
47 3674 1
45 5131 1
50 9879 1
47 8729 1
45 5473 1
41 8977 1
47 7046 1
48 6016 1
43 3004 1
45 4716 1
46 9542 1
46 8132 1
44 5839 1
49 7313 1
48 3044 1
46 8735 1
44 4422 1
48 6444 1
47 9887 1
45 5519 1
47 8692 1
42 3610 1
46 7971 1
46 9328 1
42 8246 1
49 9802 1
43 5685 1
49 8309 1
45 7949 1
44 7451 1
45 6119 1
40 8074 1
43 5491 1
48 4326 1
48 8459 1
41 5024 1
50 9742 1
41 4388 1
44 3030 1
47 9099 1
41 9649 1
49 6124 1
46 5791 1
48 8690 1
48 7339 1
42 3698 1
43 3905 1
42 7587 1
44 5388 1
50 5945 1
50 5739 1
45 8681 1
41 7582 1
46 4155 1
40 3042 1
40 6407 1
47 6994 1
42 3729 1
41 5442 1
49 8385 1
44 3731 1
47 3646 1
48 4787 1
45 8469 1
45 7363 1
42 4271 1
45 7025 1
45 6329 1
40 4313 1
45 7637 1
42 8266 1
45 7938 1
50 7400 1
41 5401 1
50 7423 1
42 6068 1
43 9267 1
41 7997 1
47 7855 1
48 9272 1
44 3167 1
49 4971 1
41 3531 1
47 5008 1
46 4281 1
45 5658 1
48 9687 1
40 4530 1
41 9932 1
46 9774 1
41 7146 1
41 6213 1
46 6672 1
47 7209 1
42 9184 1
45 9418 1
48 5748 1
41 9142 1
45 9550 1
42 9154 1
43 8042 1
45 4338 1
42 8386 1
47 6401 1
46 7389 1
40 8453 1
50 4282 1
40 8956 1
50 6478 1
42 6966 1
49 8501 1
47 7296 1
43 8761 1
42 4210 1
41 4808 1
44 7782 1
48 9130 1
40 3878 1
50 8134 1
45 6340 1
41 9440 1
44 8012 1
41 4169 1
41 3895 1
41 5393 1
49 6398 1
43 7851 1
40 3860 1
41 4789 1
49 4334 1
49 7045 1
42 4672 1
49 9666 1
46 4956 1
49 9714 1
44 8286 1
49 6470 1
47 5195 1
45 6030 1
47 3188 1
40 7969 1
40 7374 1
50 6314 1
43 4103 1
44 5706 1
48 4935 1
45 4902 1
50 3844 1
43 4443 1
42 3445 1
45 8545 1
43 4247 1
45 4286 1
46 8253 1
40 6466 1
48 5842 1
45 4561 1
44 6498 1
42 9686 1
43 6993 1
44 3225 1
43 8006 1
45 9481 1
42 6544 1
50 7672 1
49 9034 1
50 3828 1
47 7595 1
44 8939 1
46 5564 1
40 4411 1
45 5630 1
41 4759 1
46 6539 1
47 6580 1
43 5480 1
43 5919 1
44 7244 1
48 3944 1
43 5143 1
46 8710 1
42 4948 1
41 4370 1
50 6082 1
44 8610 1
41 8254 1
48 6162 1
40 4557 1
246
2 8792 1
3 7603 1
3 9598 1
3 5541 1
3 9530 1
2 8563 1
1 5386 1
3 4506 1
4 8551 1
3 8284 1
4 7663 1
2 5809 1
4 8269 1
2 6750 1
3 5529 1
2 8160 1
1 7820 1
4 4789 1
1 9219 1
1 8654 1
1 3333 1
2 7484 1
2 5253 1
1 6011 1
1 4165 1
4 7605 1
3 8393 1
3 3991 1
1 8644 1
4 3760 1
2 8742 1
1 4165 1
1 8202 1
1 8941 1
1 6443 1
4 3717 1
2 3780 1
4 6446 1
2 8945 1
2 4712 1
1 8992 1
3 3324 1
1 4543 1
1 3773 1
3 3250 1
1 8861 1
3 6695 1
3 6844 1
1 4521 1
4 7227 1
4 5509 1
1 5363 1
3 7868 1
4 8148 1
3 8407 1
2 9827 1
2 5836 1
4 9666 1
2 9849 1
1 4009 1
1 8211 1
2 9388 1
2 3923 1
4 8458 1
1 7846 1
3 6402 1
2 5651 1
3 5413 1
3 8944 1
4 8489 1
1 6667 1
1 4282 1
2 8294 1
3 6234 1
2 5723 1
3 6474 1
3 8595 1
2 3117 1
1 9987 1
3 9959 1
3 5799 1
1 6369 1
2 7184 1
3 6608 1
1 7960 1
1 5091 1
1 5281 1
3 8392 1
2 5266 1
1 8065 1
2 4460 1
2 8634 1
4 5171 1
3 9858 1
2 9302 1
2 7100 1
2 3181 1
1 3653 1
2 7324 1
4 8893 1
3 5346 1
4 5927 1
3 7956 1
1 5458 1
4 3184 1
1 6694 1
3 6998 1
2 5925 1
3 4605 1
2 7320 1
2 4035 1
2 3055 1
4 6931 1
4 9820 1
1 7562 1
3 7444 1
3 8475 1
3 6349 1
2 6176 1
3 9779 1
2 7272 1
3 3058 1
2 3172 1
2 6970 1
2 7832 1
2 4273 1
3 8685 1
3 7435 1
3 7969 1
3 8525 1
3 8422 1
3 3006 1
2 5221 1
4 4378 1
1 3329 1
2 9245 1
2 8161 1
1 3207 1
1 5577 1
1 9111 1
4 6666 1
1 4846 1
2 7092 1
1 7971 1
1 3326 1
3 8954 1
2 5454 1
2 9315 1
3 3647 1
3 7349 1
2 3524 1
1 7432 1
3 5597 1
1 7801 1
3 3812 1
1 3443 1
2 5849 1
2 9721 1
3 4670 1
2 5798 1
2 5203 1
4 3079 1
4 6737 1
1 3850 1
4 8729 1
1 7450 1
3 9610 1
3 3531 1
4 3798 1
2 6384 1
3 8591 1
2 6565 1
4 8089 1
4 6537 1
2 7625 1
1 5039 1
2 8445 1
1 3161 1
3 7928 1
3 3440 1
2 3618 1
2 9635 1
4 8526 1
4 3341 1
4 9121 1
2 7678 1
3 9036 1
2 6592 1
3 3659 1
1 9866 1
2 5402 1
3 6087 1
3 5451 1
3 9898 1
3 8979 1
1 4405 1
3 3277 1
3 8683 1
4 9688 1
1 5968 1
2 4313 1
1 8762 1
2 7057 1
4 5641 1
2 7800 1
3 6356 1
1 5414 1
1 6646 1
2 5749 1
1 7651 1
4 9733 1
1 3592 1
2 9977 1
3 8729 1
4 9432 1
2 4672 1
4 4283 1
2 5637 1
3 6466 1
4 6990 1
3 5544 1
4 7020 1
4 9463 1
2 9318 1
2 4037 1
1 5008 1
4 3000 1
3 9125 1
2 9544 1
3 5462 1
3 3171 1
2 9650 1
1 7025 1
1 3640 1
4 8953 1
3 9155 1
2 9912 1
1 5148 1
4 7573 1
1 5268 1
3 3598 1
2 8569 1
2 4442 1
3 3242 1
2 6799 1
2 8222 1
