1968
48 775828552 1
49 129659926 1
43 782523018 1
42 716703760 1
46 788642039 1
43 512170994 1
46 129364119 1
48 201273594 1
43 65172168 1
49 396205350 1
46 603534679 1
40 689641431 1
44 492506422 1
43 325797549 1
42 852455369 1
42 269221916 1
44 30771715 1
41 591385973 1
44 921620444 1
40 722250199 1
50 10085347 1
47 417232998 1
41 127678502 1
42 74738102 1
47 739935635 1
47 448366084 1
41 526433920 1
43 675340113 1
41 56570568 1
47 959900053 1
41 922207531 1
47 713857104 1
42 343571280 1
49 557462253 1
49 120576338 1
44 171945824 1
43 292487141 1
49 195631156 1
48 275160391 1
48 161064801 1
50 524904124 1
46 920828540 1
50 963259054 1
48 906671933 1
49 87595874 1
41 818257203 1
40 595668379 1
47 730768951 1
46 582838437 1
40 8431164 1
40 344186564 1
42 458666408 1
50 908724821 1
50 999786400 1
49 20522456 1
40 430781367 1
41 744354641 1
41 975265314 1
46 426813051 1
47 817731394 1
47 201158227 1
42 67263395 1
45 810527423 1
40 748491388 1
50 933805192 1
42 545334009 1
45 979692823 1
48 675206695 1
45 136490346 1
44 133804871 1
45 412164024 1
45 621706513 1
49 393137046 1
47 576324891 1
47 299423922 1
44 925978828 1
41 55294735 1
47 234550115 1
50 2430546 1
40 807625763 1
45 590888261 1
46 579015841 1
49 788053648 1
47 152223646 1
46 203394519 1
44 865618111 1
40 175797988 1
42 95926281 1
42 863490203 1
44 378744337 1
41 847701417 1
46 16249168 1
45 290240658 1
46 25068352 1
44 746837098 1
44 39240003 1
45 283321217 1
47 318089418 1
41 2725500 1
44 647900526 1
41 776238363 1
41 887168653 1
42 451394071 1
46 537101734 1
46 327315765 1
41 8726847 1
49 369159339 1
40 481857926 1
43 710043799 1
49 440564899 1
47 464367982 1
41 80609248 1
45 300249508 1
48 168588 1
46 555121173 1
42 957847373 1
43 781103772 1
41 509905582 1
43 795422008 1
41 42330856 1
44 71846916 1
40 275598647 1
48 43810763 1
44 522704857 1
43 244132047 1
44 446995973 1
45 859184628 1
40 78564743 1
47 6447354 1
48 53540588 1
42 211682974 1
40 229438167 1
42 285833395 1
45 554145818 1
41 121905334 1
40 274455086 1
49 701986395 1
45 833190269 1
49 750619645 1
45 249246866 1
43 588153152 1
45 730363316 1
46 800733589 1
46 861281979 1
40 893195868 1
40 808962211 1
47 68498698 1
43 810664593 1
50 291609310 1
44 126574742 1
40 341296002 1
46 67811894 1
47 111127878 1
44 367828745 1
44 832650322 1
45 677839150 1
43 423437649 1
44 235322762 1
44 696074027 1
46 397068317 1
44 543614848 1
40 396893496 1
40 143678584 1
49 566315651 1
42 279139366 1
50 218312918 1
49 44794911 1
41 280523371 1
47 344719529 1
43 22693826 1
48 178668344 1
46 8735805 1
44 779245644 1
42 852079824 1
44 826385362 1
47 389453175 1
43 629626067 1
40 378848220 1
43 225527867 1
40 237130099 1
46 797312024 1
45 441518314 1
47 103677166 1
45 132815333 1
50 440006861 1
48 73394970 1
46 624647392 1
42 864654079 1
42 393289198 1
45 463679877 1
48 790836183 1
40 97176867 1
40 660909343 1
50 36917066 1
47 404097131 1
46 750500198 1
44 95212109 1
50 596635613 1
40 2170672 1
43 834168438 1
50 737328129 1
42 771331000 1
41 772732659 1
43 738921640 1
48 115420278 1
41 791576491 1
42 793019734 1
48 735078793 1
40 830192916 1
40 717849773 1
44 773169959 1
47 228319013 1
47 80408368 1
41 130893170 1
49 590477020 1
40 963613534 1
47 391150321 1
45 371858505 1
44 832192562 1
48 13897689 1
43 126908784 1
41 151241347 1
49 243250599 1
42 623343127 1
46 494915615 1
40 570954937 1
46 771212858 1
43 519422497 1
41 362841227 1
48 481128 1
46 96754802 1
47 658000675 1
50 636923357 1
48 718231415 1
42 911307340 1
41 942470683 1
44 50225634 1
47 684031305 1
50 112319378 1
47 370445668 1
49 321504382 1
44 174558209 1
47 214448086 1
46 543760833 1
42 89128949 1
41 794742439 1
48 492323012 1
48 45141493 1
49 211706795 1
44 28158079 1
48 26681022 1
40 355946195 1
46 832782018 1
49 535398211 1
50 300589854 1
41 39811389 1
50 132977744 1
50 525814033 1
45 58113516 1
43 1471661 1
42 413903692 1
50 848857463 1
49 947207298 1
49 774302607 1
48 637990849 1
45 304592348 1
41 316235224 1
46 865700356 1
47 653436051 1
45 125483099 1
43 342073916 1
47 700719297 1
48 123601337 1
47 908857093 1
41 989949227 1
44 453646222 1
46 898071349 1
43 765722125 1
47 834479224 1
47 389365916 1
42 784524018 1
42 99541107 1
48 189191330 1
44 864032681 1
50 803988604 1
40 904679081 1
47 693709545 1
48 109576277 1
41 655766836 1
49 33220640 1
46 800069197 1
44 848054932 1
40 839243930 1
44 431012060 1
49 283987258 1
49 245216191 1
42 122163818 1
50 800897304 1
42 142872666 1
42 754138298 1
49 586616086 1
47 677330961 1
40 254502321 1
50 694740087 1
41 913003315 1
45 13011152 1
49 11209960 1
42 20746996 1
47 746623263 1
41 522980752 1
41 650007258 1
46 452591390 1
40 969365191 1
45 769505446 1
44 545952670 1
40 478731594 1
49 917611737 1
50 485568365 1
46 725145763 1
43 880164306 1
41 85209630 1
42 345916829 1
43 703539798 1
40 438087093 1
44 31814431 1
47 107801877 1
50 691814326 1
49 65617063 1
48 170789306 1
47 320242118 1
41 48170648 1
50 137936671 1
40 759340376 1
45 332235970 1
50 87763717 1
43 361343721 1
40 1534785 1
48 363295815 1
45 450704924 1
43 72026563 1
44 500059040 1
42 937882141 1
48 487620655 1
47 596966095 1
42 909877625 1
43 211309409 1
43 868115007 1
46 929184229 1
49 348394100 1
43 402200920 1
46 104322772 1
43 217892494 1
41 152067308 1
46 471142691 1
46 123957667 1
44 536104025 1
50 921307737 1
46 333559361 1
41 153089251 1
44 701374936 1
42 365985780 1
43 681713408 1
44 464231051 1
45 763795785 1
46 87684520 1
48 35704991 1
46 655830470 1
42 522813937 1
42 1247301 1
49 293053539 1
48 969652242 1
50 823609570 1
40 707990039 1
49 637383099 1
41 587537477 1
43 140564992 1
42 627729389 1
44 109228878 1
47 418461899 1
40 662947621 1
40 969234443 1
50 760016174 1
50 370597876 1
43 882189353 1
48 308699908 1
40 439699019 1
49 310106474 1
42 941229351 1
40 894033746 1
50 834536452 1
45 706688547 1
48 189334 1
50 925581204 1
45 36546369 1
43 146326842 1
45 667814097 1
46 816198565 1
44 347343643 1
41 227942469 1
47 350177028 1
46 390475013 1
41 127139479 1
45 75704594 1
42 979041627 1
41 430712926 1
48 462082770 1
50 21016109 1
43 254241491 1
46 159435748 1
42 300849968 1
43 634188605 1
47 655777192 1
43 558272083 1
40 271577609 1
48 220895558 1
45 569685780 1
40 613845858 1
46 576162097 1
46 630150319 1
40 54327030 1
40 113530327 1
44 543875013 1
43 324154441 1
45 261883212 1
45 35461538 1
42 672089038 1
45 40919784 1
44 762061941 1
47 853249842 1
45 700657400 1
49 58694313 1
49 236526437 1
47 872861921 1
42 355285891 1
45 833372209 1
49 118265822 1
43 67627871 1
41 254155965 1
44 158777229 1
45 151440990 1
44 157549276 1
49 87603676 1
50 293964137 1
42 777053360 1
50 515713854 1
44 53129162 1
40 809580162 1
50 42986339 1
49 144925962 1
50 10732997 1
43 948284233 1
46 787519138 1
50 466766234 1
40 510373362 1
48 411414090 1
42 835038611 1
50 933157080 1
47 30750604 1
40 876272253 1
46 311383330 1
40 112273372 1
42 549909178 1
43 547827624 1
41 952826760 1
44 699993688 1
50 47522901 1
45 787472284 1
40 834265235 1
47 685112468 1
46 116614029 1
47 220416331 1
46 975855176 1
50 594288372 1
42 968126257 1
43 40046731 1
42 912149535 1
50 104297039 1
45 9012004 1
49 10098881 1
47 411581275 1
42 782445908 1
43 96514193 1
40 82976684 1
43 796336627 1
42 154831161 1
40 928698297 1
43 823858758 1
43 170584945 1
50 417867320 1
47 303105458 1
50 399533627 1
42 398632466 1
48 311836005 1
43 165808269 1
47 818343912 1
44 624208698 1
50 516497863 1
50 179701884 1
41 396309526 1
42 134552729 1
47 433719900 1
43 628308378 1
50 704195740 1
41 353810882 1
45 458469664 1
43 387947969 1
41 569220388 1
43 107630230 1
41 889757545 1
40 307558683 1
40 662784677 1
42 133993982 1
44 574086380 1
41 903836584 1
45 180904777 1
40 96872015 1
40 818739948 1
50 332786932 1
46 338365572 1
41 488822977 1
50 812351228 1
45 888002601 1
40 14284793 1
40 658137053 1
41 577463891 1
49 410404818 1
41 455195576 1
44 696954683 1
46 859038771 1
46 199505327 1
46 345831153 1
44 899143846 1
44 715721576 1
41 833318972 1
41 649080669 1
41 895343415 1
47 1801733 1
47 917704805 1
48 489093109 1
45 964627396 1
43 500299149 1
46 320092233 1
43 27089227 1
50 924670087 1
43 869173910 1
50 890271881 1
40 331613475 1
44 5619401 1
50 786698541 1
46 46056019 1
47 886136240 1
49 45128484 1
45 901051101 1
40 477958742 1
50 616481915 1
50 284146246 1
41 995901650 1
43 309575621 1
50 200361383 1
50 142226412 1
49 408692893 1
50 204106931 1
49 442030264 1
45 712607860 1
40 343187029 1
50 717447530 1
44 428106115 1
45 903632488 1
49 208817824 1
50 667211031 1
41 616154522 1
40 749968892 1
44 146512110 1
49 49510475 1
46 150278883 1
50 374513400 1
40 64918202 1
49 70850349 1
50 200994686 1
48 208193051 1
44 663854374 1
49 47572051 1
43 973087950 1
47 621741691 1
45 117243993 1
44 126091839 1
45 48426420 1
45 149506677 1
49 437495788 1
49 435747688 1
44 217764234 1
49 443908702 1
42 955487256 1
42 360238090 1
48 40571882 1
42 180520360 1
47 100545824 1
46 259856174 1
40 446327462 1
50 709678286 1
42 36410295 1
49 591127159 1
47 979653164 1
42 295184295 1
44 743271499 1
49 591598471 1
41 226785282 1
42 541144198 1
46 648807643 1
48 850863796 1
41 997385849 1
50 45695057 1
40 148189729 1
46 782144408 1
45 915311278 1
48 610948823 1
45 656395466 1
44 223813073 1
45 425105448 1
49 418084874 1
44 288790551 1
44 559951630 1
47 226639019 1
43 878127430 1
45 339949863 1
50 212266080 1
41 923729972 1
46 218207762 1
43 458833657 1
42 456294247 1
44 380653252 1
50 513309702 1
45 787361144 1
46 846801631 1
48 33178958 1
40 366061482 1
44 732173576 1
47 156784978 1
44 530191549 1
46 535765948 1
43 754316973 1
42 625268072 1
41 5488029 1
43 597045551 1
48 13461824 1
43 330906122 1
47 161958669 1
43 7476890 1
46 101187584 1
46 475193518 1
48 514859248 1
46 59864007 1
43 914142218 1
48 830207164 1
48 159852976 1
46 42951456 1
47 592234433 1
42 54041150 1
45 766720551 1
43 75906335 1
47 738547728 1
44 325106108 1
40 459899555 1
48 332789936 1
47 960963994 1
50 827941302 1
50 102434360 1
42 150444960 1
48 410630125 1
47 631166915 1
43 549654255 1
41 2981765 1
46 715546258 1
50 209227040 1
46 453305325 1
40 295067197 1
41 575757938 1
48 566561051 1
47 299133055 1
45 675378914 1
43 154773126 1
45 262319566 1
44 794929344 1
40 128112366 1
42 677793183 1
49 380194564 1
50 97504164 1
43 273518554 1
40 981140591 1
43 362231674 1
42 52278582 1
41 786598098 1
49 621158693 1
47 67712563 1
43 121563662 1
42 877325441 1
46 384871786 1
48 977086738 1
42 509112024 1
48 334821743 1
49 937783175 1
45 533179905 1
48 154588634 1
40 86018312 1
45 221407472 1
46 566310180 1
50 517774639 1
45 970541107 1
42 226231297 1
42 325003193 1
46 675270140 1
50 97429505 1
40 982847330 1
41 680787726 1
46 245234587 1
41 56910061 1
40 95022491 1
44 53544190 1
42 89356401 1
45 415368426 1
48 237644109 1
45 509995618 1
40 94372658 1
40 733531784 1
44 463069714 1
44 728514632 1
41 867908745 1
44 302703154 1
44 320702442 1
48 279701723 1
42 4842266 1
48 976290603 1
41 977702293 1
42 85924963 1
50 458106285 1
48 185699602 1
47 717309042 1
49 766080089 1
50 273237792 1
49 200797216 1
50 657431018 1
41 774157872 1
46 194172450 1
46 43899032 1
45 595055946 1
41 776417649 1
40 261310464 1
40 178225302 1
46 997823584 1
46 861488915 1
50 783183662 1
42 480195422 1
44 83415019 1
47 813422164 1
46 210952425 1
46 855063744 1
47 139348191 1
40 532547071 1
40 106147326 1
44 829687236 1
45 716743340 1
49 488391406 1
50 392619189 1
43 164555163 1
46 120963582 1
41 410642558 1
47 428665332 1
50 662363777 1
43 51116814 1
40 659445232 1
44 640067398 1
46 450936446 1
48 887659634 1
46 262173911 1
40 80854457 1
45 941669325 1
48 920144229 1
50 624858933 1
48 383854579 1
43 94300339 1
50 896901897 1
40 802363950 1
43 51808543 1
43 668944920 1
40 343322090 1
41 613174838 1
49 53022986 1
40 25379779 1
40 780598141 1
43 610583680 1
44 764706029 1
44 525494322 1
44 97892413 1
47 144569244 1
47 859192880 1
48 164455243 1
41 529283194 1
46 204666237 1
41 648245422 1
47 477269012 1
41 393276570 1
48 564719484 1
47 712036080 1
49 248752114 1
45 337665082 1
40 278940650 1
49 125323844 1
48 525839259 1
46 127893557 1
42 11399711 1
48 490502268 1
40 162965837 1
50 24418607 1
40 729042782 1
47 612575698 1
42 153323194 1
40 448432210 1
48 976895387 1
48 92239869 1
50 659632627 1
43 800651739 1
46 318077036 1
46 747628961 1
41 245912677 1
46 104399559 1
45 324054791 1
42 898407428 1
48 317263313 1
42 985744314 1
49 141672338 1
47 557814150 1
41 438667141 1
40 30338142 1
48 901566186 1
50 141686808 1
45 782956793 1
46 515158218 1
44 834054949 1
49 676331728 1
42 833146834 1
45 484676114 1
44 601581020 1
49 598785492 1
49 748543934 1
43 867963731 1
46 946974881 1
47 71174535 1
49 454059667 1
46 209440770 1
46 780516375 1
47 533277417 1
45 39269539 1
41 395414937 1
41 317353562 1
47 26551663 1
46 345251048 1
41 895391423 1
47 533979874 1
40 24259819 1
43 604303286 1
48 234158864 1
47 681909975 1
40 897392412 1
44 389087318 1
48 228011436 1
48 267293803 1
46 208987264 1
50 491611257 1
41 456958599 1
41 198352614 1
50 183220533 1
44 589058993 1
47 689955736 1
40 816447714 1
43 368084153 1
43 909227120 1
46 241025681 1
48 910483617 1
47 567818888 1
50 47243956 1
49 936578501 1
48 273366109 1
48 328144989 1
50 878191480 1
45 528333712 1
47 864926118 1
50 138259862 1
43 846467524 1
50 835112242 1
41 803176014 1
47 590433166 1
49 910185096 1
41 765695847 1
50 851669097 1
46 245536271 1
46 963149629 1
45 141755211 1
42 766957305 1
43 70599053 1
40 342115500 1
50 207668651 1
45 91614382 1
46 194108090 1
41 272631611 1
46 466205831 1
40 471021798 1
48 644731679 1
40 179508114 1
44 67299566 1
41 730921831 1
42 649748510 1
49 443448691 1
45 85926658 1
46 118968407 1
50 859561014 1
49 826610177 1
49 613215680 1
45 90598746 1
44 896745176 1
48 403691347 1
40 158352801 1
49 307584027 1
41 723039847 1
49 323187074 1
47 585779709 1
45 533732351 1
44 17059934 1
50 878908034 1
48 670737727 1
45 933802463 1
43 359545906 1
48 60472270 1
41 394741733 1
46 126899733 1
41 446723036 1
42 223129994 1
43 291434032 1
45 326362039 1
41 859742118 1
42 496659386 1
40 705557217 1
45 548540829 1
45 81257664 1
41 779054373 1
47 783034998 1
44 845879045 1
43 811086205 1
44 348730282 1
49 440058756 1
47 30843358 1
40 734598045 1
46 312720980 1
41 831135037 1
50 845234385 1
46 636765301 1
49 3981407 1
46 651182269 1
42 907830031 1
43 672581560 1
50 646852520 1
50 895960508 1
43 124888195 1
42 56298780 1
47 823778388 1
42 150236595 1
45 51809829 1
41 976815659 1
49 208362670 1
45 749369309 1
45 450405152 1
45 726024277 1
41 736802578 1
47 30640978 1
40 631344349 1
48 163591309 1
44 525609165 1
45 159421139 1
44 320865052 1
41 51775141 1
47 95268004 1
46 688434075 1
45 252272369 1
41 760967978 1
47 885128507 1
41 369257434 1
41 357510627 1
43 794272379 1
47 748760531 1
42 311737879 1
49 408194765 1
48 4004454 1
49 787732422 1
45 891042207 1
48 510620124 1
47 580228309 1
47 822415298 1
49 98638070 1
47 725124649 1
45 712130686 1
49 531798882 1
47 895132093 1
44 882370203 1
43 932353188 1
43 457907246 1
41 617357128 1
46 488395381 1
47 648853052 1
44 634456681 1
42 725602221 1
42 233089817 1
43 935792478 1
49 779987281 1
41 188522001 1
45 400128549 1
48 792506687 1
44 534650114 1
44 960597999 1
47 159976753 1
47 394656805 1
41 449436986 1
48 315169532 1
42 497794778 1
42 481688312 1
50 47588391 1
45 800115155 1
49 287762733 1
48 946352677 1
43 81631947 1
50 969181116 1
49 72522640 1
46 987936768 1
50 723968393 1
41 512919958 1
40 736514038 1
43 759234579 1
46 503790161 1
49 340224322 1
45 667988702 1
44 81355484 1
45 662695185 1
46 783285347 1
42 90363739 1
47 83321439 1
46 308185678 1
43 374186878 1
44 602178748 1
47 226640519 1
43 37452278 1
46 572177031 1
40 399817101 1
49 130644743 1
44 79370772 1
49 831872686 1
42 529094531 1
44 40781304 1
44 142454070 1
42 552062330 1
47 643723558 1
45 219932518 1
44 283768776 1
41 334209031 1
40 272504549 1
50 689939926 1
43 899299199 1
41 288922615 1
45 196577341 1
47 108487378 1
48 397650610 1
44 467202726 1
50 463484357 1
40 998938888 1
50 681377511 1
50 730633348 1
44 88498601 1
50 84652483 1
47 317014961 1
47 746539250 1
44 288110334 1
50 890359615 1
48 653043079 1
47 783111905 1
45 85989364 1
50 790109226 1
46 181472512 1
48 675831998 1
49 963539970 1
44 837697117 1
46 715955567 1
46 397788668 1
47 301874247 1
48 756155187 1
40 866590417 1
43 281990289 1
50 280897161 1
41 304134475 1
47 744044748 1
49 923865312 1
42 375745762 1
44 432806656 1
47 63974886 1
40 608794829 1
42 538344445 1
47 375227016 1
42 370757355 1
49 134044478 1
46 360806094 1
45 449631661 1
47 752657946 1
46 271572285 1
48 61590698 1
47 80223115 1
41 931879619 1
48 2562451 1
40 74238422 1
45 612861318 1
48 798932823 1
47 759612421 1
49 768875732 1
43 584685248 1
48 611819274 1
46 637056039 1
47 804695097 1
50 232630062 1
46 809391575 1
42 144417576 1
48 325022622 1
40 337259638 1
46 198416893 1
47 962401045 1
50 875716491 1
42 212551854 1
44 388109035 1
44 559349011 1
49 843795008 1
42 76663434 1
50 114756496 1
50 961322409 1
43 292362467 1
47 517483338 1
46 104538616 1
40 51378884 1
46 46242673 1
50 80990898 1
46 690727471 1
42 273271737 1
50 660657640 1
43 308720867 1
40 337535915 1
44 834730605 1
41 975036431 1
41 127354931 1
40 888912534 1
44 158214787 1
43 950571452 1
50 532507583 1
40 151896427 1
42 143161706 1
49 597443239 1
41 635273082 1
42 209077491 1
40 287432388 1
47 539788022 1
50 840119979 1
48 850511436 1
47 753130534 1
46 453781995 1
50 846266872 1
46 155775394 1
46 306812860 1
41 48706483 1
50 813555469 1
47 855211102 1
47 217367243 1
49 744580657 1
44 56788024 1
42 729877770 1
44 956416037 1
41 573015316 1
44 93257984 1
44 162459063 1
43 984025784 1
41 744117153 1
43 522466426 1
47 16732841 1
46 310272811 1
40 204677631 1
45 74335598 1
47 707106234 1
47 568692109 1
48 541728306 1
50 811708194 1
41 187964265 1
42 68786873 1
43 862803972 1
45 645174561 1
42 936245898 1
46 187196289 1
41 18148373 1
41 770155841 1
49 420758178 1
47 605150015 1
49 547657600 1
46 190586881 1
48 887863376 1
50 609171584 1
40 941572734 1
40 328661612 1
48 412353634 1
46 413961990 1
50 264997849 1
40 872146546 1
47 335711448 1
41 488460701 1
48 489251397 1
48 866550303 1
42 277307388 1
40 329926137 1
45 141756849 1
41 100152541 1
46 848946318 1
48 304654291 1
49 50035767 1
47 523781386 1
46 99910342 1
41 814464388 1
46 49774645 1
42 428759401 1
50 230172262 1
43 325974675 1
46 299181967 1
46 410504572 1
49 126348137 1
44 793281179 1
49 881909568 1
50 696255084 1
44 494679220 1
48 399699480 1
46 253320132 1
49 844463736 1
47 399718723 1
42 35895183 1
42 836774859 1
47 738673129 1
46 209703545 1
50 275783827 1
41 637394899 1
48 607423052 1
50 62793847 1
46 696145804 1
47 538715087 1
40 616478427 1
42 78668712 1
42 73050250 1
43 138589791 1
40 248957240 1
44 501711963 1
42 684880114 1
46 243003046 1
45 67742316 1
45 475348695 1
49 385547814 1
41 463238240 1
48 625222449 1
49 615089189 1
45 315600900 1
47 359090192 1
46 737213317 1
43 289483411 1
47 743130241 1
41 714200526 1
44 10274719 1
40 173319194 1
46 998740382 1
41 746882876 1
41 531890844 1
41 772337696 1
44 602880765 1
42 58187774 1
44 187330977 1
48 238909198 1
42 137982299 1
44 103441987 1
50 41266182 1
41 60591864 1
41 978445499 1
42 695027296 1
44 619865042 1
40 906194287 1
44 661243999 1
50 887344400 1
43 494737827 1
47 752774247 1
47 181693982 1
42 525384629 1
43 74896363 1
48 762529169 1
42 915723174 1
50 486077140 1
40 339699868 1
49 577512021 1
50 711345751 1
45 746100425 1
40 319648255 1
47 510312851 1
48 855875131 1
49 334256703 1
45 700230792 1
50 86165731 1
50 934303865 1
46 421654694 1
49 735113785 1
46 529956486 1
47 906679412 1
46 676914143 1
43 711165142 1
42 269248241 1
42 843582351 1
43 612357952 1
47 142347962 1
44 998593490 1
44 490349006 1
42 112148434 1
46 72196644 1
45 583294755 1
46 23454179 1
42 170002118 1
44 738815579 1
49 373997228 1
44 635275338 1
41 665598020 1
46 85572876 1
40 165298751 1
48 990309417 1
48 533969944 1
43 81636518 1
48 847359742 1
49 816371161 1
47 388820672 1
47 165589050 1
49 459521207 1
41 366980078 1
40 110492005 1
43 246138562 1
50 779745905 1
44 184548213 1
41 252391838 1
44 921777907 1
45 592773252 1
43 80073395 1
48 51716751 1
50 809575050 1
42 525794823 1
50 37461155 1
46 799781188 1
50 839048386 1
49 366676706 1
50 467429725 1
41 804416396 1
46 5470099 1
46 905911095 1
49 446298031 1
45 333168778 1
50 332401819 1
44 898506876 1
49 62852356 1
50 559613694 1
44 97804910 1
44 566444666 1
41 132915205 1
49 761435830 1
45 598364451 1
47 92539557 1
48 758325318 1
48 124318877 1
47 352545293 1
49 976032337 1
43 250520056 1
50 156840607 1
48 433501041 1
40 662406763 1
46 166355190 1
50 485647830 1
49 560322230 1
49 900474094 1
42 320072096 1
41 847332586 1
44 680385649 1
40 190362988 1
40 987421613 1
44 520333036 1
41 62113593 1
49 689610141 1
49 453357329 1
40 863240586 1
41 482386821 1
49 865305757 1
40 628353133 1
49 660125125 1
43 131313133 1
47 656175734 1
41 267474354 1
41 696082849 1
43 173074625 1
48 849575964 1
41 441164864 1
47 763903804 1
49 772038985 1
41 35661853 1
49 102692047 1
40 438506814 1
42 220559808 1
40 736066632 1
47 989410876 1
45 41746772 1
42 121422936 1
46 978119972 1
41 733311886 1
43 980790277 1
48 188781496 1
44 926688922 1
47 584755290 1
44 161091713 1
46 80224768 1
46 606120242 1
49 960176457 1
45 409414427 1
40 440649530 1
47 848024672 1
48 738347870 1
44 224397624 1
40 783155198 1
47 372466354 1
46 130667386 1
49 543275243 1
50 592579297 1
42 331683432 1
42 384755114 1
50 882850235 1
41 274244957 1
47 56714002 1
48 683517522 1
40 316361100 1
49 160835990 1
49 486974134 1
45 490478432 1
45 185072843 1
46 702536498 1
40 341848794 1
49 612541678 1
43 541269408 1
50 769713052 1
44 245283205 1
42 183722271 1
47 191514273 1
48 802787515 1
43 39325007 1
44 63061382 1
49 428203414 1
50 725222371 1
40 988804097 1
50 726078002 1
41 447241233 1
41 120751493 1
40 826594752 1
46 968818277 1
40 556408129 1
50 295785990 1
47 382023111 1
48 765647261 1
46 175758607 1
43 543829401 1
41 528872247 1
40 116188105 1
44 218145440 1
43 71772348 1
43 920554651 1
50 4525271 1
49 847051083 1
50 19269059 1
40 654302079 1
46 544048889 1
47 384502264 1
44 138206107 1
46 361351401 1
41 470146182 1
48 252766903 1
44 190221107 1
41 121429935 1
49 302127627 1
50 41764768 1
40 12057745 1
42 872645005 1
49 510873308 1
41 399371266 1
46 266592819 1
44 483202126 1
40 766387935 1
50 290187819 1
50 811835505 1
49 237325406 1
47 481890200 1
41 953824444 1
43 559536851 1
49 808749305 1
42 376797164 1
45 180878335 1
40 624468183 1
43 376327020 1
46 218348202 1
45 110227144 1
50 724871570 1
40 675149242 1
48 823180991 1
50 50973393 1
46 957365503 1
48 819144800 1
50 44163889 1
49 756169864 1
44 902104132 1
44 222339549 1
50 86825022 1
45 109961373 1
49 441699553 1
41 44140778 1
44 9980753 1
44 974093473 1
46 39283550 1
42 104673435 1
47 83537636 1
45 689896429 1
46 396213484 1
45 888318404 1
41 83705011 1
49 290262319 1
47 930008662 1
40 254739632 1
50 273957876 1
47 694541669 1
41 793660041 1
46 921384101 1
49 328545307 1
49 301000790 1
47 21681128 1
47 352643275 1
42 617436952 1
44 524701946 1
48 519911946 1
43 339277475 1
46 149272531 1
43 330949237 1
43 131804379 1
40 67503287 1
42 601157082 1
45 958671140 1
49 150897638 1
40 360903156 1
48 825172773 1
45 314068873 1
43 216429147 1
46 14113132 1
47 342167553 1
40 276248468 1
49 114423737 1
47 979286842 1
45 955829078 1
47 23583915 1
41 652294970 1
40 484419753 1
42 48046281 1
49 10232826 1
41 842901687 1
49 761844843 1
47 94941307 1
40 375463544 1
40 835792636 1
46 225360185 1
46 306216513 1
49 286501048 1
45 281943590 1
46 952357911 1
47 62942080 1
45 402993252 1
46 491700793 1
50 829617917 1
46 806304296 1
41 494332229 1
46 900793039 1
47 537433642 1
46 79372923 1
41 61520050 1
42 141785923 1
48 84899451 1
40 110669737 1
50 431210626 1
41 417702110 1
40 566079765 1
41 749962565 1
47 664320622 1
47 14801709 1
42 80726764 1
47 337062651 1
42 106946530 1
47 942831354 1
49 3439453 1
42 70190511 1
49 933746532 1
42 334623499 1
48 67761067 1
50 718905424 1
43 805875592 1
48 77757819 1
45 539172851 1
43 71342536 1
47 518838279 1
42 958135206 1
41 630963228 1
50 675147702 1
42 579289414 1
48 304503514 1
47 122826032 1
43 673839904 1
49 112419299 1
44 230599842 1
42 276468869 1
47 780553459 1
43 612062152 1
41 893765070 1
44 171667454 1
40 774077684 1
46 366995396 1
49 21222607 1
50 847500089 1
45 92137953 1
48 505194437 1
45 193595934 1
41 991198780 1
45 619908370 1
49 827472310 1
40 856081086 1
48 641463512 1
47 870067972 1
50 902410623 1
43 435064731 1
41 290301368 1
47 273886355 1
44 834677845 1
42 816825868 1
40 48927996 1
41 673181645 1
42 552492245 1
43 426485598 1
45 469278231 1
48 978311990 1
41 239947673 1
44 945957924 1
50 501151117 1
46 862869013 1
49 424870219 1
43 600166907 1
42 910494809 1
40 672079396 1
44 462276470 1
48 794571086 1
44 703181606 1
43 201050864 1
50 685401443 1
47 9789085 1
42 949959416 1
48 666669604 1
41 390990724 1
50 704081425 1
45 959198307 1
46 692783356 1
45 961525007 1
48 327079212 1
47 69027704 1
49 933891212 1
50 485695026 1
46 848925596 1
49 281412687 1
49 53456789 1
49 353745675 1
40 28012608 1
48 967081779 1
47 319196565 1
43 869178832 1
45 300484785 1
45 90801569 1
41 36875380 1
48 107039794 1
48 855849695 1
41 201104544 1
50 727890469 1
50 895694114 1
44 537613953 1
45 8438944 1
42 911333942 1
48 685412106 1
40 529643114 1
47 343560536 1
46 291388534 1
44 534957920 1
44 813299892 1
44 5169189 1
43 808718343 1
41 945734775 1
40 469140829 1
49 904716305 1
50 398882485 1
41 971352920 1
41 525095688 1
43 218139121 1
45 458169271 1
49 39435674 1
49 236723059 1
44 4649169 1
46 649914319 1
47 855069897 1
43 148002515 1
50 60728928 1
40 243228096 1
49 460109254 1
44 532610079 1
50 466502272 1
49 343325937 1
42 922346493 1
44 469845239 1
49 20247679 1
44 22103862 1
47 647822386 1
46 696601315 1
40 814215633 1
46 234444164 1
42 76269608 1
45 823579564 1
45 707665218 1
46 381569115 1
45 803568960 1
47 969962000 1
50 75400323 1
47 711548832 1
41 918972253 1
41 37097897 1
46 185838208 1
48 472138984 1
46 253060680 1
50 850991250 1
45 939203138 1
50 488874451 1
50 283864006 1
43 207219871 1
40 454143442 1
43 317405889 1
44 424284631 1
47 284591765 1
48 483538897 1
45 850127132 1
43 418450505 1
46 659417293 1
48 372881441 1
45 25304128 1
45 659265633 1
42 435065404 1
46 928765773 1
50 719732573 1
49 898913196 1
47 483458180 1
49 126054292 1
47 598995969 1
46 240875597 1
40 172360568 1
48 874904628 1
43 28371962 1
49 362188458 1
41 587506425 1
49 678808630 1
48 865304906 1
48 506055489 1
45 240799775 1
46 914836451 1
45 155887885 1
42 12736171 1
42 823929497 1
46 133481221 1
48 854080517 1
49 208153371 1
41 17060687 1
43 704594820 1
43 511469989 1
45 144892157 1
47 691520657 1
47 760606815 1
41 218219059 1
44 185448737 1
42 609720937 1
47 159815400 1
42 376004177 1
42 680153413 1
44 59827326 1
41 636004407 1
50 945870479 1
42 383042942 1
48 908040592 1
41 563628468 1
50 429453722 1
43 635885441 1
46 591732188 1
41 375284874 1
43 638706458 1
48 188481227 1
49 63659247 1
46 857100071 1
43 224698524 1
50 174653061 1
41 781054364 1
47 977843709 1
46 897155991 1
47 122763302 1
49 464187059 1
49 294353243 1
40 650025757 1
40 809362877 1
45 921787318 1
40 111348426 1
48 421794798 1
40 849656037 1
47 677179781 1
46 993920897 1
42 22349619 1
47 54058806 1
40 160057689 1
43 190889817 1
43 643038347 1
46 567322767 1
44 897585455 1
43 990983845 1
49 816492757 1
43 608173510 1
47 850235117 1
42 941871557 1
45 319847597 1
49 310181737 1
46 205602217 1
45 266885457 1
41 244270391 1
40 833105120 1
41 727635594 1
50 739033743 1
44 551076214 1
45 758470224 1
45 561876307 1
46 534099183 1
43 660531264 1
42 6701009 1
43 307519701 1
44 500968932 1
50 889864234 1
46 523328067 1
42 703957492 1
47 392750515 1
42 175571915 1
48 507100550 1
42 667091569 1
40 275114480 1
41 865291477 1
44 368173805 1
40 749552224 1
42 842442095 1
41 144347686 1
40 415885907 1
44 516967289 1
44 153884094 1
44 569501539 1
44 698415778 1
47 19948496 1
45 566584681 1
45 917384809 1
45 783178013 1
40 407437045 1
46 756535416 1
43 923401769 1
43 29323942 1
40 278675771 1
46 327604776 1
41 902157276 1
47 865312728 1
44 807252642 1
46 339453873 1
49 217329683 1
48 277091526 1
48 331219651 1
47 113205687 1
44 202529617 1
49 76347500 1
46 528907400 1
46 71661805 1
47 85959404 1
46 919144566 1
42 399298070 1
47 244441917 1
50 120634644 1
49 610915997 1
45 287469507 1
45 357260302 1
50 532533474 1
49 263166941 1
50 387475013 1
47 434413500 1
47 936663315 1
48 168502363 1
49 817526868 1
40 48189676 1
47 870237978 1
48 61880976 1
50 339489516 1
41 969874142 1
46 218508320 1
47 331715526 1
48 573269555 1
46 120156777 1
50 552631113 1
43 520683439 1
49 642977592 1
49 253170769 1
45 966061348 1
47 846083049 1
48 540317343 1
40 701487992 1
48 116660642 1
44 190046781 1
45 32997126 1
41 255942857 1
42 253768668 1
43 768415455 1
41 411550102 1
42 748193712 1
42 322400503 1
41 645070941 1
45 129588709 1
40 645568203 1
45 412361553 1
43 41488830 1
50 212799668 1
48 836914884 1
47 134619630 1
48 274751679 1
42 912988166 1
45 310708754 1
48 288156673 1
47 425828608 1
49 823771219 1
50 723036651 1
48 313928501 1
43 769163492 1
47 203152801 1
42 361858267 1
46 850911148 1
46 669401682 1
40 405588527 1
49 538423962 1
50 993550217 1
40 376397837 1
43 10074751 1
43 739190131 1
49 891067468 1
44 759838644 1
40 661618109 1
41 97021057 1
1996
40 338388209 1
41 549489806 1
43 381822581 1
45 619866167 1
50 135295777 1
41 178297271 1
47 367269934 1
48 770268992 1
48 287827750 1
46 944220140 1
47 50358374 1
41 983971962 1
48 937267039 1
46 573377721 1
48 39750406 1
40 699941194 1
42 304268823 1
44 44202016 1
48 7322279 1
42 934317521 1
42 51154909 1
43 435123217 1
50 911622617 1
40 732375934 1
43 353221721 1
44 581809828 1
48 763306931 1
49 687445861 1
50 434232003 1
46 21115509 1
40 255005677 1
41 412728106 1
44 967467375 1
48 308221568 1
46 471276711 1
41 438894619 1
40 374410808 1
48 32121893 1
45 895547564 1
41 49110858 1
46 900592261 1
45 802659323 1
40 530009777 1
42 191935753 1
47 839375803 1
41 99358793 1
47 626532834 1
47 146703581 1
45 767252297 1
45 758386172 1
45 978588264 1
49 667905630 1
48 28886210 1
46 398464483 1
43 793050101 1
44 173033557 1
40 947659810 1
45 483207106 1
42 80580847 1
42 518137111 1
40 62822911 1
41 555362074 1
44 111357776 1
43 347799077 1
48 79404143 1
48 366844468 1
43 657661066 1
43 433175985 1
45 282775890 1
47 990980782 1
43 816661361 1
44 73539752 1
45 978643302 1
49 27663466 1
50 713087983 1
49 292855119 1
47 253464788 1
42 921190073 1
48 722595096 1
43 9108050 1
46 569842485 1
50 99719315 1
44 213441748 1
42 898678768 1
46 950266267 1
46 341159129 1
47 105880813 1
41 839900678 1
50 385206006 1
41 488438052 1
45 216127992 1
42 108485792 1
44 898173911 1
45 45036594 1
48 213243449 1
41 191875031 1
44 903456100 1
43 279338082 1
50 692797721 1
48 333293324 1
44 387640511 1
49 879687784 1
43 471629320 1
42 876364066 1
44 504448031 1
43 403380769 1
41 412161432 1
40 340833916 1
45 714555427 1
48 999987490 1
48 882117619 1
40 700597732 1
46 56795461 1
41 860866111 1
49 706374 1
41 147477288 1
48 316022650 1
41 118395646 1
42 129754155 1
40 746158138 1
42 844844276 1
49 846466857 1
47 626921244 1
43 855974331 1
41 528370445 1
50 163464269 1
50 213969423 1
49 853699985 1
47 524254801 1
47 280839922 1
45 541189031 1
40 878347068 1
42 472454738 1
47 398487193 1
42 29782938 1
49 439837941 1
43 8327049 1
50 736166342 1
41 617284447 1
45 82593319 1
50 409963959 1
46 196187819 1
47 147238296 1
41 525268899 1
50 304738888 1
47 999689381 1
43 210882765 1
45 338389357 1
41 730528110 1
43 410383005 1
46 119243332 1
44 772468998 1
47 87658943 1
46 839980260 1
50 446047895 1
44 848899273 1
42 396280847 1
46 350522237 1
44 249109357 1
41 340303129 1
46 164138382 1
48 788708825 1
46 671243794 1
49 906617613 1
46 184846029 1
46 125617120 1
50 547259573 1
40 360559992 1
44 836642752 1
42 318496201 1
46 701971948 1
43 855366102 1
50 362944331 1
50 581686211 1
43 700460745 1
45 444660141 1
49 720324430 1
46 170629626 1
40 85198839 1
43 545914344 1
40 656644303 1
50 440482570 1
47 551142244 1
42 42983233 1
50 192688319 1
42 731964053 1
50 57805001 1
45 876896815 1
47 993800249 1
43 679258128 1
46 866736724 1
44 969612709 1
44 639995102 1
40 208418137 1
49 944035444 1
45 661922904 1
44 45605309 1
42 761054068 1
50 130938345 1
43 430042685 1
46 372026824 1
48 10676004 1
44 754309604 1
47 248915294 1
40 561138029 1
48 366230076 1
44 841219984 1
40 393444198 1
40 99803418 1
43 981845389 1
49 962443929 1
45 976864927 1
44 848532420 1
50 699237420 1
49 161523897 1
44 716773670 1
49 899575884 1
48 90742903 1
40 962641453 1
45 124412018 1
47 460118361 1
40 778296945 1
42 996605721 1
40 907077470 1
45 743747455 1
48 338506682 1
49 945509061 1
49 802969426 1
47 759451627 1
45 381004528 1
44 513769042 1
49 111672916 1
43 483891379 1
46 686391312 1
48 392799604 1
44 33818283 1
49 866498112 1
42 928715293 1
44 812981214 1
43 339639203 1
49 47475969 1
41 818994162 1
44 369931692 1
48 788294119 1
50 643935442 1
48 905549837 1
43 432236651 1
50 908269797 1
48 310516422 1
44 215574607 1
42 387839828 1
48 177536502 1
45 502325421 1
48 244024463 1
45 250586241 1
44 963698917 1
42 731428994 1
41 35087054 1
43 876668690 1
40 681699505 1
41 277390022 1
44 625079606 1
49 911873256 1
45 236349442 1
50 696727713 1
47 507617384 1
44 773628494 1
44 453440280 1
40 376737593 1
40 96500416 1
46 380913442 1
43 14205823 1
43 188796917 1
45 131313346 1
41 623702757 1
48 640915391 1
48 684658782 1
42 24956885 1
46 992814789 1
43 92775276 1
40 950040819 1
41 234816036 1
48 906857434 1
46 313710868 1
50 130858843 1
50 162067480 1
47 192802660 1
44 886133338 1
45 521968084 1
45 729244346 1
47 724523816 1
47 740679900 1
49 143554886 1
43 148020198 1
43 228901347 1
44 417804547 1
46 44540654 1
46 24076963 1
45 961813117 1
45 307660927 1
41 448111923 1
49 756980535 1
48 401937288 1
48 909613452 1
45 314877319 1
46 165136312 1
43 46911690 1
48 599174188 1
41 994554405 1
46 902840716 1
40 208686053 1
42 381595982 1
44 700068926 1
50 295599471 1
40 369156066 1
46 645009153 1
45 596125824 1
41 321457509 1
44 83357535 1
40 557089821 1
50 803648303 1
48 527823680 1
48 29557205 1
49 109198573 1
40 819727249 1
40 962235093 1
46 244285113 1
48 528568741 1
47 764482935 1
43 686790080 1
44 777382335 1
47 795204164 1
43 527653111 1
47 993955887 1
45 103018349 1
45 267457235 1
44 950033431 1
49 613741554 1
49 68184969 1
46 426877666 1
42 899095535 1
45 520652754 1
46 842796143 1
45 945293087 1
48 201693155 1
47 532404071 1
42 576014762 1
46 546231881 1
50 256289763 1
47 830971075 1
45 111448643 1
42 413167578 1
41 738441394 1
42 89235399 1
44 147279097 1
41 866326044 1
44 135379870 1
46 40604009 1
42 91763508 1
49 667405231 1
47 939917623 1
46 763668850 1
43 90405066 1
41 5989914 1
47 97534334 1
43 875195634 1
44 824880946 1
43 154593965 1
47 847889680 1
42 98641699 1
48 785285831 1
43 119384064 1
44 845804720 1
40 816792287 1
43 121743207 1
43 199559911 1
49 44025206 1
42 504383816 1
43 861584246 1
41 594943268 1
50 58994820 1
40 784782227 1
48 289874007 1
47 134760039 1
49 109825248 1
40 800777904 1
50 815852541 1
47 973611519 1
47 967356437 1
42 860241672 1
47 393383859 1
43 230007278 1
42 339098306 1
47 483469563 1
46 199468481 1
42 394033524 1
50 485635893 1
40 939630662 1
45 972137657 1
50 714086213 1
44 379215132 1
43 936051536 1
42 279624696 1
48 52122657 1
43 994978640 1
47 866230676 1
48 377737818 1
48 796866417 1
41 556654440 1
41 755293299 1
42 401721551 1
46 575321952 1
45 857343340 1
49 644771741 1
47 318224133 1
48 326128116 1
45 361861612 1
41 459340156 1
49 989979303 1
48 607521299 1
41 372225085 1
40 966707967 1
48 632384703 1
44 82247840 1
42 547763178 1
44 393019727 1
44 103713871 1
49 135949812 1
46 947193379 1
44 238035848 1
49 131206139 1
41 319937946 1
46 958657400 1
50 862884080 1
49 887507797 1
46 19145118 1
45 280493140 1
40 337802280 1
46 706853275 1
43 24173078 1
50 835522036 1
42 882061483 1
40 388955560 1
42 445093235 1
47 868483279 1
46 286651677 1
40 56066616 1
40 106813271 1
43 85212574 1
46 609570676 1
48 494216624 1
45 641999817 1
44 90706634 1
48 859981598 1
50 783783597 1
47 339527018 1
44 796467569 1
40 609254251 1
48 680536733 1
43 465219218 1
41 291089945 1
42 69644694 1
40 727193573 1
40 961404818 1
48 471335354 1
42 687284904 1
49 783780918 1
48 599545531 1
47 422679874 1
40 786682164 1
45 139113955 1
40 91434145 1
48 137009878 1
41 314519389 1
50 138309112 1
43 346067328 1
44 715889530 1
47 748167096 1
43 764313736 1
48 489026941 1
48 33783592 1
42 119508967 1
50 470366456 1
45 959266954 1
50 762090323 1
45 510648078 1
42 152360063 1
40 529827415 1
40 883510673 1
49 829482945 1
41 275446784 1
49 989502557 1
45 964656897 1
49 757523201 1
49 490061855 1
48 75446814 1
50 348033944 1
46 769231766 1
43 384743950 1
47 484094269 1
41 361159662 1
47 436455396 1
46 560176495 1
40 787165816 1
48 654075058 1
43 263387006 1
44 222524713 1
44 985697377 1
45 956528350 1
48 50005491 1
49 639807386 1
45 625915003 1
40 673286461 1
40 56251617 1
48 228062115 1
40 447440366 1
49 930667696 1
40 13287020 1
47 248767664 1
42 86126671 1
47 121084182 1
45 419695150 1
42 838650146 1
40 64240951 1
42 309145936 1
50 888207993 1
50 707688542 1
43 713840457 1
43 989080647 1
49 611350990 1
46 673026888 1
46 138817600 1
46 396595099 1
40 185485644 1
45 419104654 1
46 253074795 1
45 147476445 1
48 889022768 1
46 84595727 1
45 572537995 1
44 146320612 1
50 284753058 1
43 618568926 1
49 797995056 1
44 563063520 1
41 88185494 1
41 210030551 1
49 833397401 1
45 268829163 1
43 507127884 1
40 738302477 1
46 128908414 1
42 589416904 1
48 159674986 1
45 223088171 1
48 1751266 1
48 492275547 1
45 577654362 1
40 139397718 1
48 625855525 1
48 109661772 1
43 969911176 1
47 669497628 1
45 969236414 1
50 5693772 1
44 128722581 1
48 533476438 1
42 827117382 1
40 392213867 1
40 573299489 1
44 990433177 1
48 127437403 1
46 942879878 1
45 152565213 1
46 242282309 1
49 449299999 1
41 44730992 1
47 30585979 1
50 769758297 1
40 330485443 1
49 961016870 1
41 831121236 1
50 402573778 1
44 174289074 1
50 60003193 1
41 95957524 1
43 297971924 1
47 336899514 1
41 871604335 1
44 966927028 1
49 370402801 1
48 894317548 1
40 965225888 1
46 65760930 1
44 526518273 1
44 708982777 1
42 752943085 1
47 883143745 1
50 876242554 1
44 989853109 1
48 353066304 1
48 20668143 1
45 670859914 1
41 666103317 1
42 918648062 1
49 146529309 1
47 582528481 1
46 34893663 1
40 855357978 1
49 406777968 1
49 590403387 1
49 789536389 1
50 127350857 1
44 113550412 1
42 584017028 1
49 565282469 1
47 202376668 1
44 441908826 1
47 198078544 1
48 996141957 1
46 114726523 1
44 316247267 1
46 795738890 1
43 607616363 1
49 921466229 1
42 86500803 1
48 557292790 1
50 788001734 1
46 482480406 1
49 216698733 1
48 505762247 1
41 494669463 1
45 96492700 1
44 87241903 1
45 438916636 1
42 599017808 1
50 215937046 1
44 740742275 1
42 722173541 1
50 173123057 1
50 727925568 1
45 534673704 1
45 6823737 1
49 978977823 1
49 260557793 1
40 980002200 1
50 115149233 1
42 111507800 1
40 620938235 1
44 32763893 1
43 496559971 1
45 87348045 1
49 451070628 1
49 64676890 1
46 892183409 1
46 631424563 1
46 846438120 1
41 511058711 1
41 267372492 1
46 413727632 1
49 961611507 1
47 579507668 1
49 26174587 1
42 126003340 1
40 258104079 1
47 637858978 1
46 124990242 1
50 756567082 1
40 97821061 1
43 104788682 1
41 393044964 1
47 429546436 1
44 263895582 1
46 395971490 1
43 388220147 1
46 786438096 1
41 181253945 1
45 921851758 1
47 314603410 1
45 117824594 1
44 378139423 1
43 863829219 1
44 263266050 1
46 142821408 1
47 222947846 1
49 129233151 1
45 270998558 1
49 680365729 1
49 787427107 1
46 247152321 1
40 696193341 1
41 120769167 1
46 710102045 1
47 144503846 1
44 573660812 1
46 163575008 1
47 190650995 1
42 678405941 1
49 546903813 1
49 367969751 1
47 31136853 1
47 316444528 1
44 722015826 1
43 406778365 1
49 252235163 1
46 107883779 1
44 515754142 1
50 255573324 1
40 210598979 1
46 25151755 1
45 97078813 1
44 861721392 1
41 32893184 1
45 270443592 1
48 484007525 1
44 650263732 1
49 265078812 1
49 866527955 1
40 978909679 1
48 172554724 1
44 165282820 1
47 17264272 1
43 271495175 1
44 307858139 1
43 878339792 1
50 118557948 1
47 23297720 1
40 157788994 1
47 110422595 1
47 790496696 1
41 708064435 1
48 337772607 1
50 198266758 1
40 678907566 1
49 129077132 1
48 965689445 1
43 407133239 1
49 618425558 1
48 692246300 1
44 829228930 1
42 601258437 1
45 626157262 1
50 199574041 1
49 440040343 1
48 15506564 1
50 693190299 1
49 422978109 1
42 574684246 1
46 682886252 1
43 504281707 1
45 853862172 1
50 385159594 1
46 472605927 1
42 23641737 1
49 840394218 1
46 378936554 1
49 132349037 1
42 638972753 1
47 242270524 1
43 260962061 1
46 613933402 1
50 469333513 1
46 217832313 1
45 22692682 1
43 375735907 1
42 870918728 1
47 126491116 1
40 360414177 1
40 122573939 1
46 824751053 1
42 187211990 1
45 34481997 1
40 421842156 1
46 839441128 1
47 713112703 1
43 673711674 1
45 577829095 1
42 205962366 1
47 587552820 1
45 154912195 1
44 235449110 1
41 876953258 1
47 500981399 1
42 85449030 1
48 812748271 1
43 92462947 1
48 177799626 1
40 202947514 1
44 981313690 1
41 378069661 1
44 191249681 1
43 473507490 1
43 999774998 1
43 449047032 1
40 474662779 1
48 575855489 1
43 539006709 1
43 851804982 1
47 915686397 1
49 684626205 1
45 246075522 1
44 308643094 1
47 587908948 1
43 689839045 1
42 94151742 1
46 475299149 1
41 181126875 1
40 468261010 1
40 551061893 1
41 434489846 1
49 630831582 1
40 680089803 1
43 525381036 1
50 797793053 1
45 667479686 1
42 881212375 1
43 910369017 1
46 261250776 1
49 856655181 1
42 839850146 1
45 917668971 1
40 171972658 1
46 126285832 1
47 614574928 1
40 57819391 1
42 854676243 1
42 11647542 1
41 982568691 1
49 140456900 1
46 731160907 1
50 541752591 1
43 28072005 1
44 13779588 1
43 859040983 1
50 267672188 1
44 762429704 1
44 122528234 1
47 800101813 1
50 550102061 1
47 200067009 1
42 453538016 1
49 180905809 1
49 917359781 1
46 596324278 1
43 143027092 1
44 363607189 1
45 529089367 1
42 844540018 1
43 124728475 1
40 488032226 1
47 230994340 1
42 169224392 1
44 732472831 1
48 584761391 1
46 49839681 1
42 34262312 1
48 131826835 1
41 17102764 1
43 732780413 1
44 566350305 1
42 425325453 1
50 466550124 1
44 922154865 1
42 181939639 1
42 188479180 1
49 130607397 1
45 452989210 1
49 60362524 1
45 51344259 1
43 175212420 1
41 351376811 1
45 33814141 1
46 580830160 1
49 604009828 1
49 177020566 1
42 616809216 1
45 425372112 1
45 626775963 1
41 137303104 1
43 487796610 1
41 542354724 1
50 754911433 1
44 495322197 1
50 124780595 1
43 467588946 1
48 561475166 1
43 461629055 1
44 700718934 1
43 939578558 1
42 88276928 1
48 333366300 1
41 104379374 1
41 559186700 1
42 361459174 1
47 717031017 1
40 197910002 1
47 943608805 1
49 907974496 1
47 616179196 1
47 193796834 1
49 711753948 1
41 258222274 1
46 734158804 1
41 26809613 1
44 190305201 1
47 791982551 1
44 905250906 1
46 618999965 1
41 650580767 1
42 831825051 1
43 421417876 1
43 108565242 1
49 963555399 1
43 827879574 1
43 84131186 1
46 514612774 1
49 469684426 1
47 67641730 1
49 549034104 1
43 766552468 1
43 286483422 1
49 988967752 1
46 260612192 1
40 142407364 1
40 948572910 1
49 684956575 1
40 248128525 1
49 401811089 1
48 255764205 1
45 427047085 1
46 200046882 1
42 435757922 1
46 412613381 1
43 628156972 1
44 764205318 1
45 382000507 1
50 879452346 1
41 350287066 1
41 238286735 1
42 912065328 1
43 979509435 1
50 261874473 1
40 876829684 1
49 593077477 1
43 688924938 1
45 579779273 1
49 30040638 1
47 789249239 1
43 364564785 1
44 385650674 1
45 842827335 1
47 254669968 1
48 907582705 1
43 80514258 1
42 588682251 1
46 39833163 1
40 9486164 1
47 894685199 1
44 239763443 1
43 976766379 1
41 801383623 1
40 312880595 1
46 213238993 1
50 471916563 1
45 68111074 1
42 764546921 1
46 185159750 1
48 112189979 1
48 707527640 1
50 393703278 1
46 601996932 1
41 325315807 1
44 480138979 1
50 955761865 1
49 91191720 1
47 182153655 1
47 446411439 1
42 305457379 1
41 302285417 1
45 966733315 1
43 753042611 1
41 377969073 1
44 47161445 1
44 72039904 1
40 766257274 1
44 306384421 1
41 130809126 1
43 232464662 1
49 41087889 1
48 941640831 1
47 868847961 1
46 960884153 1
50 238293821 1
43 688680719 1
40 140200662 1
46 200912905 1
42 273661962 1
50 646686404 1
47 479002981 1
44 58838471 1
41 328535533 1
46 534037053 1
48 189846790 1
43 537972864 1
40 396083525 1
46 239020637 1
42 586096089 1
44 182242120 1
49 587574897 1
47 140264364 1
49 824799994 1
40 599789793 1
43 905145860 1
47 20839595 1
49 732930898 1
44 893562054 1
50 504474956 1
47 726999313 1
42 271628590 1
49 941754434 1
44 409162026 1
44 342836107 1
45 158994102 1
40 947433721 1
43 809620676 1
44 632871880 1
44 497825565 1
43 213156761 1
49 519699562 1
43 510198480 1
45 19224042 1
50 29206301 1
43 586067018 1
40 838025160 1
40 617507990 1
47 398392265 1
41 770017706 1
44 10908211 1
40 487431653 1
40 583919089 1
47 487504866 1
43 572310175 1
45 898520232 1
44 542121194 1
43 841617638 1
41 41750181 1
40 668113758 1
40 82312140 1
47 943959733 1
43 55204884 1
50 339736206 1
49 117544556 1
40 809282175 1
47 4760377 1
50 760923717 1
46 537460269 1
44 968414346 1
47 404866937 1
44 648794761 1
49 715844409 1
48 625651926 1
48 370477762 1
49 66239832 1
40 96521282 1
42 477241851 1
43 32800799 1
47 11157503 1
47 732563919 1
42 652166768 1
40 802410067 1
40 93616094 1
42 242538836 1
48 339818875 1
44 901969711 1
45 957240760 1
50 513157502 1
45 783806876 1
42 947958064 1
43 452512421 1
49 615144711 1
41 627558622 1
48 933865962 1
40 366936434 1
42 928582679 1
46 203885701 1
45 111557812 1
49 86299917 1
50 510541039 1
40 447599844 1
47 510037484 1
50 995540302 1
47 814582720 1
48 760300652 1
43 69305527 1
50 747599638 1
47 967466175 1
50 552272317 1
45 999693620 1
48 483564422 1
40 1052591 1
50 36897435 1
46 219348994 1
41 36202353 1
42 905504579 1
45 389547412 1
46 436109153 1
48 234997379 1
47 265138680 1
41 683835657 1
44 765562552 1
42 316386531 1
44 627869037 1
50 654318789 1
42 257488117 1
47 512161980 1
42 128745746 1
42 4621580 1
44 952504689 1
50 733447844 1
49 884499357 1
44 587233342 1
40 141549126 1
42 827702650 1
44 997846005 1
46 584468827 1
41 439643281 1
49 226232790 1
42 672704696 1
48 21398648 1
45 789650531 1
44 524850150 1
42 967535976 1
44 218381011 1
49 975478447 1
42 723157030 1
42 762779760 1
47 123959914 1
40 685569852 1
46 757032182 1
46 158695267 1
45 637530200 1
50 198913846 1
40 750830720 1
50 354671452 1
45 87119694 1
44 142050123 1
44 396699476 1
50 111490343 1
41 257784141 1
40 28459308 1
42 40791814 1
49 665807719 1
42 953160359 1
40 70031251 1
45 76827457 1
46 636569823 1
46 540658399 1
42 318961481 1
46 401506280 1
43 967961022 1
49 106175826 1
41 425210736 1
46 708320253 1
44 617546661 1
45 107496737 1
50 329259232 1
40 917479458 1
44 936031780 1
49 746950834 1
45 107565440 1
47 992084059 1
48 964698093 1
44 86521607 1
50 360413461 1
48 338685257 1
50 217236742 1
48 12207941 1
43 676624657 1
45 754255107 1
46 439520174 1
49 217984934 1
48 135800858 1
47 431098817 1
46 128753459 1
41 143172865 1
40 133477982 1
47 903540764 1
40 147472179 1
42 147442809 1
43 925334946 1
47 89421681 1
48 493330858 1
46 506623527 1
40 498841501 1
48 387880520 1
45 203706915 1
50 444468819 1
50 720900333 1
44 815091307 1
41 187427505 1
44 272262576 1
44 99274688 1
45 901428097 1
46 100698711 1
44 402472471 1
40 401101685 1
48 121723890 1
43 49275199 1
41 239024163 1
48 48430032 1
40 25381680 1
47 564146242 1
47 694803164 1
42 11884370 1
43 720842048 1
49 950687255 1
40 781893704 1
42 42196477 1
50 774447777 1
42 151095572 1
48 374353284 1
46 992475163 1
40 890219910 1
50 458028291 1
45 60696248 1
40 630902866 1
45 136785870 1
42 736320022 1
50 350557876 1
45 889360527 1
45 789276266 1
47 716936581 1
44 916357615 1
47 504272905 1
43 899319253 1
48 250785083 1
40 636226179 1
45 323083062 1
42 12323263 1
41 82937071 1
45 78867326 1
42 339849452 1
50 42934231 1
43 178145326 1
45 101839796 1
50 108943404 1
49 856991753 1
47 956992402 1
47 802519356 1
45 306211337 1
44 51382248 1
48 83515991 1
44 219701598 1
46 497870294 1
49 310738888 1
48 512006120 1
47 677842337 1
47 873413405 1
48 82019608 1
41 472595918 1
49 399710489 1
43 232818104 1
40 962483051 1
42 694285265 1
45 888379818 1
40 295353235 1
40 218586612 1
45 647274319 1
45 478491963 1
43 27208155 1
44 443598551 1
44 225804229 1
46 503299283 1
40 754448553 1
40 38320915 1
43 482519798 1
47 707171235 1
43 13491611 1
41 593754407 1
41 847575680 1
43 933652858 1
50 132511467 1
50 698427868 1
43 207904777 1
46 696393205 1
40 493605209 1
44 905923372 1
42 671930711 1
50 34818408 1
45 306152023 1
46 904026947 1
43 610417465 1
47 683975389 1
50 169655888 1
46 728872354 1
42 125180145 1
49 911744333 1
45 328765455 1
48 338433557 1
42 339183789 1
41 524537512 1
49 976628892 1
46 205267365 1
44 842469488 1
45 353199092 1
46 136709004 1
45 965664414 1
41 447416031 1
50 859037544 1
41 66748868 1
47 483518910 1
49 462669946 1
50 815059615 1
47 567130522 1
43 93505762 1
48 20436328 1
45 138332096 1
43 521050276 1
50 372909174 1
40 12106538 1
42 40943567 1
47 210216047 1
46 137583637 1
42 575263618 1
42 943189522 1
50 720576847 1
43 84512124 1
50 172508714 1
49 912862011 1
44 121227868 1
41 479863116 1
41 149762140 1
42 945654432 1
41 114980172 1
47 935591073 1
43 345192790 1
50 614325018 1
46 511212042 1
50 27749679 1
47 104378671 1
45 512641692 1
50 878297486 1
40 816025336 1
45 70173019 1
47 662503117 1
50 882116736 1
47 315178449 1
44 916487212 1
48 301124529 1
47 734959540 1
50 889848290 1
48 10017811 1
47 110186107 1
46 135871075 1
50 46788621 1
45 123105730 1
45 70040677 1
41 609201939 1
49 207723555 1
41 245316519 1
41 56036967 1
42 308697886 1
50 62790931 1
44 87175242 1
43 744462625 1
47 208786795 1
48 27352873 1
50 93404230 1
49 907819993 1
48 462650499 1
44 259846375 1
50 463397716 1
50 360975436 1
41 206218336 1
49 56615484 1
42 287796692 1
46 999273993 1
40 833652682 1
41 489402055 1
45 597803158 1
50 7186261 1
45 987503246 1
43 964168066 1
49 560082339 1
49 266099627 1
44 983129698 1
40 26376453 1
50 42269439 1
46 116492686 1
46 94702239 1
42 235794733 1
47 182989058 1
45 688037700 1
48 598815484 1
50 634304780 1
41 716068787 1
50 167661 1
43 383672278 1
47 890432651 1
41 342780069 1
42 408535051 1
41 198762345 1
40 299276380 1
47 437531053 1
44 151693120 1
46 400785892 1
50 118561205 1
44 94588801 1
50 955509141 1
47 485186348 1
47 983813683 1
49 980582565 1
50 848003942 1
48 865814883 1
49 827237546 1
46 670372092 1
47 67607059 1
42 558259276 1
50 113896952 1
42 632033313 1
45 787795337 1
50 926591122 1
50 64600131 1
45 378068423 1
48 835229780 1
46 301449932 1
40 907912359 1
41 82988265 1
44 640722728 1
41 565270116 1
45 670150236 1
49 90213403 1
44 244484399 1
48 446341039 1
47 648282186 1
48 239862274 1
48 417089271 1
44 333261029 1
44 916804460 1
43 327313356 1
47 359173258 1
46 175230929 1
46 870659348 1
40 438221438 1
50 894829458 1
40 816741076 1
44 840879974 1
41 864367429 1
49 524987775 1
41 632425960 1
45 998968706 1
41 18993739 1
46 239371844 1
43 637091028 1
46 961437406 1
50 410818200 1
43 469650266 1
43 333877835 1
45 706631684 1
43 216409443 1
41 528166399 1
42 475160208 1
42 121625709 1
45 667085367 1
46 791512151 1
42 764858637 1
46 140396188 1
43 282715168 1
44 107445061 1
41 927234644 1
41 170000708 1
46 230394246 1
42 255217024 1
40 575432200 1
49 177861162 1
45 36783119 1
42 918515495 1
46 520969432 1
46 312665598 1
44 32710768 1
43 711125645 1
44 606378703 1
42 707029774 1
43 232773081 1
41 86615186 1
43 724461257 1
44 365594281 1
50 245067158 1
47 989057922 1
43 993880732 1
47 905494409 1
40 107329243 1
45 184591081 1
48 43478834 1
43 411719563 1
46 245303397 1
42 610306943 1
47 753571330 1
40 566606705 1
42 308166150 1
41 358756294 1
49 65430265 1
50 836137003 1
49 547768336 1
46 595257406 1
43 992726968 1
44 88832009 1
44 914995527 1
47 115925157 1
47 950564236 1
44 854187880 1
47 217778909 1
46 824491731 1
44 381075785 1
45 118908721 1
50 194996617 1
42 285021100 1
47 618171683 1
47 709620136 1
45 587570257 1
40 700687310 1
48 159611619 1
44 495086000 1
49 930331496 1
50 633402504 1
50 748369585 1
49 754346209 1
48 206793222 1
42 51348688 1
47 292177797 1
45 5299589 1
43 56208606 1
45 84941265 1
42 204940774 1
40 901280189 1
42 457790261 1
43 139287091 1
44 90899667 1
47 178534271 1
49 81002340 1
50 977328376 1
43 652495 1
40 786441676 1
47 595561449 1
46 106039968 1
40 95198581 1
42 314328360 1
48 168291197 1
47 197047053 1
42 355918178 1
44 170062600 1
46 67928208 1
49 928519318 1
48 188305541 1
49 735880870 1
47 796788947 1
45 378886281 1
42 11076877 1
42 574790511 1
44 622406862 1
46 225671834 1
42 696344112 1
47 35012123 1
43 335898207 1
44 472958534 1
40 712093325 1
46 580875215 1
49 896472913 1
45 31627584 1
40 108499052 1
44 626783275 1
42 568576929 1
50 620634602 1
44 311701802 1
40 853124212 1
40 640991207 1
50 840389649 1
50 211648373 1
46 147235054 1
49 126259764 1
47 396482215 1
41 312539059 1
48 115335369 1
42 410234947 1
50 262165037 1
47 36443720 1
41 519388214 1
43 714453435 1
45 274058966 1
41 114822944 1
44 954502828 1
43 732734870 1
41 320660310 1
47 299172071 1
45 628188045 1
42 347780440 1
50 674573467 1
43 944802468 1
42 611100278 1
42 38666905 1
44 127532694 1
44 591619141 1
42 524812248 1
46 14458278 1
44 806067900 1
48 150998485 1
41 172009253 1
47 507914326 1
47 104032556 1
42 678934383 1
45 6622347 1
50 880197805 1
43 74721825 1
48 25852190 1
40 2871691 1
49 156252886 1
47 174580012 1
48 571081508 1
46 498753163 1
47 436158159 1
50 498229035 1
50 935580386 1
46 696873725 1
45 646852601 1
42 599654714 1
45 893528509 1
42 35975677 1
46 21086574 1
50 861827730 1
49 762248655 1
50 564496015 1
44 829519327 1
40 458173268 1
48 716620059 1
44 794746123 1
41 716555250 1
42 88427164 1
49 244898626 1
46 316128257 1
46 266753544 1
41 76344354 1
48 552924275 1
47 142821766 1
41 448672048 1
42 159863328 1
47 714300523 1
49 541295719 1
44 632730882 1
44 668769331 1
44 393987621 1
43 169185862 1
43 635655499 1
49 579620612 1
42 23113474 1
41 65961905 1
44 866773356 1
46 601394174 1
41 388111025 1
47 37307122 1
44 824555422 1
42 558647173 1
45 807613843 1
47 161472615 1
49 978422002 1
48 528060632 1
41 31003835 1
44 141626836 1
44 548797836 1
48 320927830 1
48 79260545 1
44 406223742 1
42 694547992 1
48 246501028 1
48 687800593 1
47 878883392 1
44 99831398 1
49 739255828 1
42 682545315 1
44 980263546 1
48 683528031 1
44 362698514 1
48 493083783 1
42 474866277 1
48 591999830 1
49 803108425 1
41 515394286 1
49 289305630 1
41 982018005 1
49 269537702 1
42 492265367 1
43 732631340 1
47 634678389 1
45 14651526 1
50 332023658 1
46 355958231 1
44 793799150 1
43 282228746 1
47 377506650 1
46 469967458 1
49 753697515 1
48 281076710 1
44 672238805 1
44 546083737 1
45 55759035 1
40 450616146 1
45 387255562 1
44 55519797 1
46 52877908 1
43 921274914 1
48 650318608 1
48 954743314 1
46 82656136 1
48 629445420 1
47 113736798 1
50 187476715 1
49 25265445 1
47 328945053 1
43 43893487 1
44 132471619 1
47 886303560 1
40 76778442 1
40 122792359 1
43 18878354 1
40 555485816 1
43 26660652 1
40 288616234 1
50 256773070 1
47 181122473 1
46 176327721 1
40 10039353 1
40 483270625 1
45 141040364 1
43 648570968 1
49 619720890 1
41 184968262 1
47 744317358 1
46 381726419 1
49 760398930 1
47 947741528 1
41 30567801 1
43 158986600 1
50 560615392 1
44 91150983 1
46 435824016 1
42 858877504 1
47 526280501 1
41 660298433 1
41 858787214 1
44 588176489 1
40 559238575 1
46 55001136 1
43 858022244 1
50 537033692 1
43 66850479 1
45 674603169 1
47 962126188 1
46 318273406 1
49 388773043 1
49 249705271 1
50 107167972 1
47 881986921 1
44 431126230 1
41 308636353 1
47 111176250 1
47 467737690 1
40 233807761 1
43 983381588 1
41 342793169 1
42 474232974 1
40 18546378 1
49 921087767 1
50 38153958 1
45 450738193 1
46 629983721 1
41 8767109 1
45 561346173 1
45 270147661 1
40 918608568 1
40 812273831 1
42 46796952 1
44 688717650 1
46 252152642 1
43 731858579 1
45 536430010 1
48 481038411 1
40 587681235 1
40 409865662 1
41 271914003 1
43 829803258 1
44 387691842 1
46 483565252 1
50 372151245 1
49 510690492 1
42 253952169 1
47 834928744 1
41 198045721 1
48 194560253 1
41 794690959 1
40 769560767 1
43 290912673 1
50 54182845 1
44 927590384 1
48 302963831 1
44 421817949 1
47 793469213 1
46 384943286 1
42 601921800 1
49 602717943 1
40 147478271 1
42 565278078 1
50 772407681 1
46 667835314 1
50 187731988 1
49 78917275 1
47 42798124 1
47 309822197 1
44 726269761 1
50 546451899 1
45 395599348 1
40 413487682 1
45 270445360 1
44 173769352 1
45 806540183 1
44 204262802 1
47 286844415 1
48 137878946 1
47 545355299 1
43 141585811 1
46 136241466 1
42 320135632 1
41 706545078 1
46 564933230 1
41 89908209 1
48 225211712 1
40 85182030 1
42 906647702 1
42 135744212 1
42 536946275 1
48 683038874 1
41 586040384 1
40 459113643 1
43 479183482 1
43 19129214 1
40 386171589 1
42 41418962 1
45 874835517 1
40 303477521 1
44 166716253 1
46 154987133 1
48 641780313 1
43 403318811 1
47 494171294 1
41 387011771 1
43 89333358 1
43 304831993 1
41 76048723 1
48 55678398 1
44 307752859 1
50 114697133 1
45 366266233 1
50 514922095 1
48 983643417 1
49 613579543 1
50 113744851 1
47 253964455 1
46 529374867 1
43 217106493 1
43 480170191 1
46 998449585 1
48 611855309 1
49 672323579 1
50 511070916 1
50 900577799 1
50 207561098 1
41 915532754 1
44 892187993 1
43 543816423 1
45 733876633 1
48 678598260 1
40 122839841 1
49 295284843 1
43 790522025 1
44 914318477 1
50 754770460 1
44 960423557 1
48 418283767 1
47 115306061 1
41 566406863 1
42 543331226 1
48 557484576 1
46 401776967 1
42 630944360 1
48 976059791 1
41 527359586 1
42 2853672 1
47 125547978 1
50 777078237 1
49 334042661 1
46 248987905 1
47 542728463 1
42 296890042 1
40 246999904 1
40 135264088 1
41 201765383 1
41 403861992 1
50 826068256 1
44 317622890 1
49 614437939 1
50 120907070 1
43 353904517 1
41 112835098 1
49 73118755 1
47 139617338 1
47 814530112 1
45 449232142 1
40 929406207 1
46 474838062 1
42 507891668 1
44 776392898 1
49 330124200 1
46 43146319 1
45 27356207 1
41 822095903 1
49 491210816 1
50 819465792 1
45 647093201 1
50 454468042 1
41 198379248 1
43 250774006 1
42 179771560 1
50 261758503 1
44 502283040 1
49 893232553 1
43 634762193 1
49 265857401 1
50 383764635 1
40 965822918 1
49 768861022 1
43 770571321 1
47 862157367 1
47 671947424 1
48 534236155 1
44 214045954 1
44 978793431 1
45 670045534 1
41 913313046 1
40 629925783 1
45 414906276 1
49 448925594 1
48 461753711 1
50 30727739 1
49 389888058 1
41 76293885 1
49 664253336 1
49 162062350 1
49 744211871 1
44 114092864 1
41 123636622 1
49 124208464 1
43 761809238 1
43 635053965 1
47 648688770 1
48 612229999 1
47 95218976 1
50 139030873 1
41 19813926 1
44 643422465 1
40 356905320 1
49 1323123 1
42 247247553 1
48 713086768 1
48 233352063 1
43 467545800 1
46 48401342 1
41 877363718 1
41 164037352 1
41 776699890 1
44 2536287 1
41 125438041 1
49 107063081 1
47 938152872 1
49 874066413 1
49 724863788 1
49 586684026 1
47 449586831 1
45 119507843 1
47 62807220 1
49 193629574 1
40 302406514 1
44 14796053 1
40 414377939 1
47 430411574 1
43 472979682 1
45 740807067 1
49 167706163 1
41 100406454 1
