800
2 33219 1
3 24476 1
3 44557 1
1 84514 1
4 14659 1
1 62141 1
1 28408 1
3 26361 1
2 60406 1
4 75765 1
2 82764 1
4 57798 1
3 40248 1
3 41219 1
4 36238 1
1 59815 1
1 11587 1
2 25934 1
2 47903 1
2 33165 1
4 53043 1
1 78402 1
3 67224 1
2 43672 1
2 56655 1
2 30009 1
1 31863 1
2 98445 1
1 70192 1
3 39274 1
2 94230 1
1 47584 1
1 73124 1
2 35345 1
3 29734 1
1 29093 1
3 64759 1
4 21821 1
1 56482 1
2 78567 1
1 86725 1
3 35714 1
3 70625 1
1 43864 1
1 38871 1
2 92397 1
1 67622 1
2 22549 1
3 32664 1
1 98242 1
3 28781 1
4 22642 1
1 66942 1
3 69637 1
2 46426 1
3 54573 1
2 34981 1
3 15902 1
2 96415 1
3 96528 1
3 11334 1
2 54902 1
2 93641 1
1 49948 1
4 79047 1
4 54072 1
2 90025 1
1 91748 1
3 75467 1
1 48246 1
3 27583 1
3 24716 1
3 90144 1
3 96164 1
3 84262 1
3 24739 1
3 83184 1
2 78945 1
1 66453 1
2 55639 1
4 38177 1
4 17472 1
3 18481 1
1 75546 1
4 84685 1
2 84536 1
1 81062 1
3 67215 1
3 71587 1
1 33102 1
2 68171 1
3 52359 1
1 67624 1
3 19710 1
3 75323 1
4 48428 1
1 79821 1
3 52079 1
2 72697 1
3 31105 1
2 46401 1
4 15202 1
4 20016 1
1 66404 1
4 83555 1
2 55431 1
4 67557 1
2 18411 1
3 10219 1
2 41553 1
3 69457 1
4 38498 1
3 94285 1
2 12806 1
3 20192 1
3 21851 1
2 17049 1
3 18078 1
3 50662 1
2 27286 1
3 85904 1
1 94517 1
4 40120 1
4 62227 1
1 50730 1
2 89216 1
3 42049 1
4 29348 1
2 20760 1
4 22406 1
2 78241 1
4 57682 1
4 17916 1
3 74638 1
2 47259 1
2 54951 1
1 14054 1
1 76753 1
4 93657 1
4 46020 1
1 55626 1
1 24863 1
4 83551 1
2 47499 1
1 50841 1
1 25041 1
3 53508 1
3 56516 1
1 31759 1
4 23058 1
1 35542 1
2 20661 1
4 78739 1
2 49448 1
1 64344 1
4 51788 1
1 64756 1
4 28122 1
2 87433 1
4 89842 1
3 49662 1
2 62105 1
4 62105 1
2 30133 1
3 36347 1
1 95967 1
4 20055 1
2 82460 1
3 65433 1
2 94946 1
3 17731 1
4 23580 1
4 30752 1
3 60078 1
4 15201 1
4 85801 1
1 97104 1
3 99407 1
4 60694 1
4 99270 1
4 31667 1
1 36187 1
2 98279 1
3 93882 1
1 81163 1
4 58280 1
3 95529 1
2 76065 1
3 93137 1
2 73661 1
1 73713 1
2 71141 1
4 62508 1
4 15372 1
2 20198 1
4 44439 1
4 90663 1
3 92689 1
2 44497 1
1 60579 1
4 98921 1
4 45123 1
3 15356 1
3 64576 1
3 57353 1
1 26416 1
1 44316 1
2 53226 1
1 28668 1
2 29603 1
3 95831 1
1 67809 1
2 28805 1
3 28105 1
3 70640 1
3 70748 1
4 15845 1
2 22692 1
2 45954 1
4 63556 1
4 81304 1
1 11504 1
3 87310 1
3 10396 1
1 54845 1
2 88234 1
1 64518 1
4 33872 1
2 23130 1
1 43724 1
1 54717 1
1 66945 1
3 68087 1
4 34078 1
2 20276 1
4 12750 1
2 98815 1
4 11463 1
1 77522 1
4 20495 1
3 33834 1
1 83044 1
4 37775 1
1 70992 1
3 61788 1
4 95064 1
4 47677 1
1 16848 1
1 57690 1
3 40114 1
3 83702 1
3 79219 1
4 41260 1
1 37576 1
3 82293 1
4 83084 1
2 19665 1
1 89588 1
3 11392 1
2 73372 1
1 47582 1
4 54091 1
1 75411 1
2 20087 1
4 23845 1
2 48769 1
2 70072 1
3 46130 1
4 96860 1
1 59621 1
3 93365 1
1 61123 1
3 42563 1
3 60760 1
2 96945 1
2 61016 1
4 23837 1
3 89187 1
1 91750 1
1 74987 1
4 80563 1
3 15473 1
4 30680 1
1 83590 1
4 86946 1
3 37065 1
2 61941 1
4 73974 1
1 83791 1
3 17994 1
1 86159 1
3 10394 1
3 37086 1
2 78854 1
4 82694 1
3 87125 1
1 68138 1
1 85502 1
4 56500 1
1 43944 1
2 63412 1
2 90757 1
4 28396 1
3 56845 1
2 48608 1
1 61266 1
2 88075 1
2 64683 1
4 48355 1
3 81188 1
1 24140 1
2 67417 1
2 49378 1
2 25138 1
4 98641 1
1 21803 1
3 82999 1
1 78692 1
4 54490 1
3 62992 1
1 26579 1
1 26945 1
2 54500 1
2 19523 1
4 22880 1
2 36250 1
2 26209 1
4 94998 1
1 20315 1
2 58735 1
2 73371 1
4 64163 1
3 67007 1
2 42712 1
3 74403 1
3 16134 1
4 19554 1
2 80178 1
2 55014 1
3 44915 1
4 29996 1
2 27437 1
3 67238 1
4 12280 1
4 33851 1
3 72503 1
3 52497 1
2 87905 1
4 41317 1
4 65985 1
3 65195 1
2 85190 1
3 39746 1
3 92415 1
1 85261 1
1 62645 1
4 20652 1
3 45266 1
3 43314 1
3 86507 1
1 32305 1
3 24514 1
2 52560 1
2 27738 1
2 87622 1
4 20509 1
4 26731 1
3 11006 1
1 58456 1
3 11728 1
3 80774 1
3 94045 1
1 33772 1
3 64250 1
2 29316 1
3 80989 1
2 13674 1
4 34121 1
4 11565 1
4 68373 1
1 79601 1
3 41582 1
4 75300 1
4 73464 1
1 86958 1
4 90464 1
3 82058 1
1 89505 1
4 90232 1
1 86458 1
4 76126 1
4 51117 1
4 12977 1
3 27704 1
2 53841 1
2 53501 1
1 41753 1
4 91410 1
2 38753 1
4 94815 1
4 28785 1
1 59609 1
2 56682 1
2 13560 1
4 41035 1
1 21157 1
1 73358 1
1 75947 1
2 73194 1
4 52401 1
2 77560 1
3 49472 1
3 67239 1
1 86543 1
1 96481 1
3 35396 1
2 75965 1
4 80773 1
2 54637 1
1 30761 1
4 94163 1
1 11827 1
4 91222 1
4 48021 1
2 41868 1
3 55046 1
4 41088 1
1 49255 1
2 40215 1
1 14789 1
1 37515 1
1 41662 1
4 80541 1
1 38991 1
4 18225 1
1 68494 1
4 21950 1
3 62973 1
2 55145 1
4 92904 1
1 29593 1
1 75230 1
4 88528 1
4 89250 1
2 39437 1
4 49292 1
3 42521 1
1 80955 1
3 52044 1
2 89122 1
1 67604 1
2 91796 1
1 16062 1
2 37871 1
3 87885 1
4 21442 1
3 66952 1
4 14301 1
1 55335 1
1 23064 1
1 89847 1
2 95019 1
3 30162 1
1 79762 1
4 39993 1
1 66147 1
1 33418 1
4 13019 1
1 75068 1
2 47723 1
2 91140 1
2 35427 1
2 28850 1
4 76159 1
2 93106 1
1 86774 1
1 53271 1
4 45901 1
2 68339 1
1 95585 1
4 42745 1
2 77977 1
1 69058 1
3 45685 1
2 60831 1
1 63261 1
1 80110 1
4 14947 1
4 96816 1
3 54563 1
4 11547 1
2 92131 1
2 22926 1
2 18998 1
3 48618 1
4 64500 1
1 57565 1
2 70759 1
4 96738 1
3 75523 1
3 85565 1
3 57931 1
4 51503 1
4 33953 1
2 26221 1
1 59964 1
4 72616 1
3 17790 1
1 81868 1
2 52829 1
1 51974 1
1 27425 1
2 64315 1
2 64498 1
4 10943 1
1 26803 1
4 57345 1
4 38753 1
2 20235 1
1 50693 1
4 25408 1
4 69637 1
2 18794 1
4 20099 1
3 55186 1
3 51325 1
4 93528 1
3 40157 1
1 38033 1
4 34271 1
2 20409 1
2 87919 1
4 79324 1
3 43140 1
1 96291 1
1 65673 1
2 55591 1
2 26658 1
3 77016 1
4 84473 1
1 37804 1
1 15709 1
4 21815 1
1 18076 1
4 55663 1
4 54071 1
1 20779 1
3 93957 1
2 64729 1
4 32622 1
2 28247 1
1 81406 1
3 21659 1
1 75056 1
4 52320 1
1 27918 1
1 79164 1
3 87163 1
3 84481 1
2 53551 1
3 39075 1
2 77341 1
3 32339 1
3 78260 1
2 46610 1
1 15797 1
1 72659 1
4 85032 1
3 37547 1
3 36898 1
2 97352 1
4 74377 1
1 82591 1
1 15065 1
1 98759 1
1 24138 1
1 75031 1
4 56965 1
1 23841 1
2 87827 1
1 38877 1
3 64838 1
3 42239 1
3 40485 1
3 28644 1
2 13508 1
3 20223 1
3 55539 1
4 57995 1
1 51477 1
1 66645 1
4 94439 1
1 75262 1
3 87043 1
4 72892 1
3 33291 1
1 92437 1
4 71600 1
2 38789 1
4 87869 1
4 25823 1
1 74288 1
2 72721 1
3 19860 1
1 52532 1
3 82365 1
2 29692 1
4 53942 1
3 61046 1
3 25760 1
2 30072 1
4 59498 1
2 79453 1
2 75560 1
4 45234 1
1 60460 1
4 69279 1
1 25141 1
3 82379 1
2 52486 1
3 82587 1
3 84259 1
1 62469 1
3 67852 1
4 58009 1
4 39387 1
1 72311 1
4 16832 1
3 84338 1
3 14677 1
1 48547 1
4 95421 1
2 68720 1
4 37853 1
1 60542 1
4 88681 1
2 40229 1
2 87800 1
1 70798 1
4 29133 1
4 75683 1
3 31438 1
4 68007 1
2 26094 1
4 43346 1
4 86351 1
1 97434 1
4 57402 1
4 62561 1
4 48171 1
1 47899 1
3 18157 1
4 83366 1
4 84913 1
3 28064 1
3 16027 1
4 14067 1
4 33201 1
2 65837 1
1 29228 1
3 78923 1
1 20126 1
1 29335 1
4 89796 1
3 97351 1
2 99972 1
3 29159 1
2 62621 1
4 23850 1
2 29442 1
2 48594 1
2 55280 1
2 53001 1
2 75136 1
1 10355 1
1 86918 1
1 49350 1
4 11939 1
1 23441 1
1 66358 1
4 80635 1
4 51461 1
3 21450 1
1 66600 1
2 32724 1
1 11904 1
1 35511 1
2 64082 1
2 94558 1
3 66408 1
4 13780 1
1 11075 1
1 74575 1
1 33234 1
4 37679 1
3 82002 1
1 50252 1
4 60368 1
4 54010 1
4 76607 1
2 53778 1
2 54284 1
4 19331 1
1 60127 1
4 96804 1
3 92633 1
1 38376 1
2 88785 1
1 48156 1
1 69287 1
2 12683 1
2 54144 1
1 47283 1
2 59452 1
4 77901 1
4 19369 1
4 74561 1
1 66052 1
4 97065 1
4 70891 1
1 38579 1
2 60719 1
1 10629 1
1 62674 1
4 36379 1
1 87618 1
2 68908 1
4 53854 1
2 21996 1
2 15827 1
2 55086 1
1 78457 1
4 50951 1
3 79241 1
2 41036 1
2 73700 1
4 32314 1
4 73122 1
3 42367 1
4 71191 1
2 68859 1
2 69017 1
3 20424 1
3 73918 1
3 19926 1
4 55544 1
4 65602 1
1 52588 1
3 94923 1
1 82585 1
3 33852 1
3 90532 1
4 62477 1
2 57565 1
1 10290 1
4 26068 1
3 68756 1
1 56807 1
4 23097 1
2 27955 1
2 21492 1
3 10620 1
3 21318 1
4 23619 1
3 73074 1
4 67146 1
2 52347 1
1 63177 1
3 27697 1
3 17127 1
1 34203 1
1 19495 1
2 65998 1
3 62730 1
4 93812 1
4 99684 1
2 92250 1
4 89793 1
1 87593 1
3 83288 1
3 69342 1
3 87521 1
3 12729 1
1 25194 1
1 53394 1
2 27687 1
4 83869 1
4 87817 1
1 79172 1
3 93119 1
3 36821 1
1 35296 1
3 70289 1
4 78588 1
2 46862 1
3 95804 1
4 50207 1
4 60782 1
2 72488 1
2 32970 1
1200
4 5649 1
3 8003 1
3 8131 1
2 4451 1
1 3042 1
2 9656 1
4 9851 1
4 7313 1
3 5388 1
1 9185 1
4 8922 1
2 5560 1
2 4771 1
4 5367 1
1 6838 1
3 9593 1
2 8184 1
4 9746 1
3 5866 1
1 4524 1
1 5751 1
4 6356 1
1 7034 1
2 4114 1
3 3814 1
2 8813 1
1 8255 1
4 6637 1
2 9393 1
4 6084 1
1 6837 1
3 4075 1
4 3835 1
4 8349 1
4 7408 1
3 6530 1
3 5809 1
1 5774 1
2 9305 1
1 9995 1
4 6852 1
3 3997 1
4 4647 1
1 9874 1
2 3092 1
1 8733 1
3 4235 1
4 3872 1
4 3546 1
4 7855 1
1 6124 1
1 6985 1
2 5978 1
2 8733 1
2 9709 1
2 9543 1
2 7961 1
3 7688 1
4 5962 1
1 8563 1
3 3526 1
3 9023 1
3 3396 1
4 7182 1
2 8032 1
1 4051 1
3 7471 1
4 5524 1
1 9596 1
4 6739 1
3 6568 1
2 4627 1
1 5019 1
3 4320 1
1 3029 1
3 5966 1
2 8379 1
3 4195 1
1 6665 1
1 6323 1
3 4399 1
1 8805 1
2 9072 1
2 7794 1
4 5086 1
3 8090 1
4 3057 1
1 9714 1
2 3783 1
1 4646 1
4 6542 1
4 3418 1
1 9022 1
3 5736 1
3 5227 1
3 7093 1
3 3437 1
3 4982 1
4 4173 1
1 5351 1
1 3401 1
2 8921 1
3 9564 1
2 5548 1
4 8931 1
4 3767 1
1 9235 1
4 5032 1
1 4596 1
4 7731 1
2 9828 1
1 7838 1
2 5290 1
1 7154 1
1 5034 1
3 6856 1
3 4210 1
1 5134 1
1 3928 1
2 6360 1
3 5336 1
4 8691 1
1 5238 1
3 9600 1
1 8384 1
3 4740 1
1 6726 1
2 6578 1
2 5429 1
1 8076 1
3 4575 1
1 9544 1
4 9553 1
2 5052 1
2 4212 1
1 8762 1
4 7944 1
2 7865 1
1 4027 1
4 6058 1
2 3586 1
2 5324 1
2 9123 1
2 3685 1
4 4470 1
1 7399 1
3 7778 1
3 3886 1
1 8396 1
4 5686 1
3 5904 1
4 8023 1
1 4354 1
4 8479 1
1 3950 1
1 6448 1
2 6099 1
2 3526 1
4 8775 1
4 5614 1
4 5775 1
2 6048 1
2 4734 1
3 9845 1
2 9941 1
3 8664 1
4 4521 1
4 8611 1
4 9179 1
3 7075 1
4 6064 1
2 8215 1
3 7972 1
2 5815 1
2 5179 1
4 5484 1
1 3446 1
3 9628 1
2 6035 1
4 7545 1
1 5164 1
4 8963 1
2 4494 1
4 7799 1
4 5919 1
1 5671 1
4 8107 1
4 3721 1
2 3975 1
3 5887 1
2 3029 1
3 9996 1
3 8791 1
3 5947 1
3 6992 1
4 7509 1
2 6650 1
2 7150 1
4 6094 1
2 4990 1
4 9687 1
3 6525 1
4 5141 1
1 5000 1
4 7157 1
2 9113 1
4 4620 1
4 7086 1
3 3300 1
3 9352 1
3 7768 1
1 7426 1
4 9861 1
3 7645 1
3 8187 1
1 4565 1
4 5090 1
2 6769 1
1 4809 1
3 5082 1
3 8554 1
2 4331 1
4 4370 1
4 4566 1
4 3461 1
4 3402 1
1 8349 1
2 7717 1
2 7299 1
4 9170 1
2 3277 1
4 4169 1
3 7845 1
2 3685 1
1 5918 1
4 6588 1
2 3534 1
4 5124 1
4 5196 1
2 8428 1
3 7951 1
4 9649 1
1 3376 1
1 6093 1
4 6803 1
3 4425 1
4 7406 1
4 4272 1
2 8106 1
4 5437 1
4 9043 1
2 4962 1
1 4156 1
4 8371 1
1 3109 1
3 4558 1
1 7733 1
1 4012 1
3 3522 1
2 5289 1
1 8640 1
4 9784 1
2 9491 1
3 4292 1
3 8298 1
1 3177 1
1 5365 1
4 8122 1
2 6125 1
2 5032 1
3 9921 1
1 4376 1
1 7754 1
3 6329 1
2 7394 1
4 7427 1
4 8865 1
1 7691 1
4 5163 1
1 8485 1
2 4106 1
1 3919 1
2 9486 1
1 3993 1
1 8816 1
4 5463 1
4 9536 1
3 3744 1
1 5596 1
3 9207 1
2 6151 1
1 5480 1
3 7461 1
4 9578 1
2 7404 1
3 4742 1
4 9902 1
2 7214 1
3 8626 1
4 5754 1
4 4133 1
1 9367 1
2 7600 1
1 5228 1
3 4734 1
4 4108 1
3 9211 1
1 3819 1
3 5060 1
1 6007 1
4 3122 1
4 3349 1
3 8985 1
1 8722 1
3 7456 1
2 5633 1
2 9379 1
4 6072 1
4 5882 1
2 6505 1
4 5127 1
1 3839 1
1 8292 1
1 6870 1
3 5945 1
4 9361 1
4 6348 1
4 9295 1
1 5888 1
2 7875 1
4 9278 1
3 9960 1
1 8847 1
3 4299 1
2 8583 1
1 7168 1
1 5599 1
3 3015 1
3 8904 1
4 8709 1
3 5591 1
2 4825 1
2 4716 1
3 4537 1
1 3671 1
1 9229 1
3 3926 1
4 5493 1
2 5740 1
1 5681 1
2 6461 1
2 6779 1
1 9014 1
4 9619 1
3 4544 1
3 9433 1
3 8811 1
2 3720 1
1 6607 1
4 5131 1
3 9002 1
3 6630 1
3 3871 1
4 3927 1
4 6839 1
1 9684 1
2 4914 1
2 5126 1
3 5379 1
2 8313 1
3 6066 1
1 9853 1
4 7869 1
1 9846 1
2 3411 1
2 6594 1
3 7596 1
2 8664 1
1 3816 1
2 7003 1
4 4693 1
3 4288 1
1 5164 1
3 4743 1
1 4128 1
3 6532 1
4 4039 1
1 6376 1
2 7317 1
1 6940 1
4 8827 1
1 8299 1
2 7788 1
3 9582 1
1 9044 1
4 3067 1
2 6396 1
4 4791 1
4 5508 1
4 9484 1
4 9143 1
2 8884 1
2 7393 1
2 4023 1
3 5170 1
2 3059 1
2 3613 1
3 8759 1
1 3855 1
2 8724 1
1 8431 1
4 6849 1
4 9702 1
1 9481 1
2 9780 1
2 5182 1
2 7898 1
1 3707 1
1 3923 1
3 7222 1
1 7942 1
2 9190 1
4 6091 1
1 3295 1
4 3036 1
1 6319 1
4 7452 1
4 4622 1
2 7190 1
3 6290 1
1 7298 1
4 5712 1
4 7684 1
2 5217 1
1 6376 1
2 9586 1
4 4716 1
3 8945 1
1 9027 1
2 8118 1
4 9489 1
3 3955 1
3 7088 1
1 7166 1
1 6470 1
4 7160 1
4 7702 1
3 3095 1
1 9333 1
1 5369 1
4 8321 1
2 5607 1
1 4948 1
2 7691 1
1 5836 1
4 4067 1
2 7077 1
1 9989 1
2 8105 1
3 5585 1
2 6217 1
4 5089 1
4 4085 1
4 3642 1
1 8467 1
2 7679 1
1 5319 1
2 4042 1
2 3276 1
1 4033 1
4 5294 1
3 4388 1
2 5648 1
4 9557 1
1 4927 1
4 7205 1
2 8035 1
1 8244 1
1 5587 1
4 6048 1
2 3662 1
3 6283 1
1 6167 1
3 5919 1
1 6642 1
1 6479 1
3 9885 1
1 4005 1
2 6345 1
1 7925 1
3 8663 1
1 7009 1
4 9707 1
4 6271 1
4 8525 1
2 7760 1
1 5699 1
1 4693 1
1 8179 1
2 5996 1
1 7777 1
4 7449 1
2 3953 1
2 3779 1
1 4385 1
2 9945 1
1 3093 1
4 7376 1
3 3257 1
1 8453 1
4 7637 1
3 6465 1
3 7942 1
3 6229 1
1 7783 1
1 7111 1
3 7685 1
2 7615 1
4 9356 1
4 8156 1
4 9615 1
2 6030 1
4 5355 1
3 8435 1
1 5904 1
4 5045 1
2 6457 1
3 9041 1
1 5636 1
3 8748 1
2 8383 1
2 7802 1
2 6192 1
4 4197 1
3 4307 1
2 3146 1
2 4276 1
3 7186 1
2 5766 1
1 7479 1
4 6148 1
2 6739 1
4 4169 1
4 3971 1
2 8020 1
4 5875 1
2 7932 1
2 7911 1
2 4928 1
1 7840 1
2 9412 1
2 8206 1
2 4153 1
3 6899 1
2 8477 1
4 3156 1
3 5919 1
4 4983 1
1 8526 1
2 4408 1
2 3191 1
2 9851 1
4 4140 1
2 7788 1
2 7648 1
3 8525 1
3 3724 1
1 7847 1
2 5293 1
2 9054 1
3 5103 1
1 4023 1
2 4076 1
1 4407 1
1 9441 1
2 7778 1
4 3148 1
3 4337 1
3 8494 1
2 7805 1
2 3273 1
3 3440 1
1 7285 1
4 8022 1
1 5294 1
4 7545 1
3 3383 1
1 7332 1
1 7808 1
2 7655 1
3 6376 1
2 9274 1
2 6944 1
3 7540 1
4 3325 1
4 4646 1
1 4848 1
4 4640 1
3 5827 1
3 9390 1
3 5193 1
1 9786 1
4 8293 1
4 5445 1
4 5437 1
2 7134 1
2 3201 1
4 4733 1
3 7550 1
2 3182 1
2 9790 1
1 4052 1
4 3124 1
3 5883 1
4 6004 1
4 4226 1
2 6260 1
3 6141 1
1 4220 1
3 4017 1
2 5214 1
1 8012 1
1 9518 1
4 4025 1
3 4160 1
4 9623 1
3 6694 1
1 5861 1
1 4361 1
1 4692 1
1 3391 1
1 6370 1
4 7212 1
3 9613 1
4 3414 1
2 9941 1
3 5511 1
3 5856 1
4 4701 1
4 8685 1
1 3065 1
2 9127 1
3 4505 1
1 9707 1
3 9794 1
1 9814 1
3 6499 1
3 6103 1
3 8097 1
2 3787 1
1 4056 1
2 8348 1
1 9804 1
3 6182 1
1 8730 1
4 4258 1
4 3170 1
2 5086 1
3 4999 1
3 9604 1
3 8505 1
1 5954 1
4 9812 1
4 8377 1
4 6512 1
4 8585 1
4 8436 1
3 7588 1
1 4086 1
1 4737 1
4 9289 1
4 6277 1
2 7604 1
1 5602 1
2 7927 1
1 3388 1
1 6287 1
2 3766 1
4 3093 1
3 9486 1
2 7458 1
3 3615 1
2 9171 1
3 4928 1
3 9952 1
4 6019 1
4 5375 1
3 4982 1
2 4194 1
1 9641 1
2 3089 1
2 6999 1
1 3055 1
2 6224 1
4 4448 1
1 3422 1
3 7289 1
4 5201 1
4 3243 1
3 8653 1
3 7666 1
2 6446 1
4 9141 1
1 7815 1
1 8207 1
3 3962 1
2 5781 1
2 7673 1
3 5183 1
4 6394 1
2 8042 1
4 6433 1
4 7507 1
2 5310 1
3 6870 1
1 9897 1
4 7128 1
1 8476 1
2 7653 1
3 8487 1
2 5178 1
1 5980 1
3 3277 1
1 5845 1
3 4937 1
4 3309 1
2 5066 1
2 9577 1
4 7678 1
2 5084 1
2 4871 1
3 9154 1
4 6039 1
2 9023 1
3 5823 1
4 8595 1
2 9697 1
1 8440 1
1 6414 1
4 9891 1
3 6170 1
3 8125 1
2 6016 1
1 9999 1
4 7693 1
3 9891 1
4 8131 1
3 8499 1
2 9657 1
4 6069 1
1 3352 1
3 7873 1
4 6183 1
1 5517 1
4 7882 1
4 9726 1
1 3760 1
3 6111 1
1 8699 1
1 4011 1
4 5594 1
3 5693 1
3 7956 1
1 9790 1
1 4833 1
1 6080 1
1 8415 1
2 4442 1
3 7223 1
1 6516 1
2 6018 1
3 4987 1
1 7789 1
4 4771 1
3 8327 1
2 4683 1
1 7083 1
3 7631 1
2 8802 1
1 8545 1
4 3509 1
3 9544 1
3 9628 1
3 6129 1
4 3654 1
3 3574 1
1 6233 1
3 8496 1
2 9806 1
3 8735 1
3 8987 1
4 7753 1
4 7524 1
3 3992 1
2 5722 1
1 5675 1
3 4282 1
1 7020 1
1 3198 1
2 3882 1
2 9330 1
1 8856 1
3 9233 1
2 3706 1
3 3723 1
4 9198 1
1 4555 1
2 4072 1
2 6928 1
2 9185 1
3 9505 1
3 6453 1
3 3882 1
3 3994 1
2 4073 1
1 7136 1
4 9766 1
2 7787 1
4 6949 1
2 9885 1
1 9302 1
2 8644 1
1 4234 1
4 7416 1
2 9747 1
1 6286 1
1 5141 1
4 9400 1
4 7464 1
1 5412 1
3 3502 1
3 8486 1
1 7276 1
1 3007 1
2 5199 1
4 7625 1
1 5855 1
2 5430 1
3 4919 1
3 8310 1
3 8151 1
2 7053 1
4 4431 1
2 5075 1
1 7344 1
4 8682 1
3 5218 1
2 6697 1
4 3099 1
3 6259 1
3 5951 1
3 3677 1
3 6789 1
2 5256 1
2 4276 1
1 4094 1
4 3441 1
1 9579 1
4 6420 1
1 6653 1
1 6306 1
4 7623 1
4 3097 1
1 6223 1
4 4826 1
3 5399 1
1 8559 1
4 8335 1
4 5630 1
4 5064 1
1 8334 1
4 8989 1
3 8244 1
4 8899 1
3 4303 1
3 5866 1
1 7970 1
1 3379 1
1 7896 1
1 4228 1
3 5133 1
4 8430 1
1 6310 1
3 6934 1
4 7751 1
3 9141 1
2 3286 1
2 9105 1
2 3219 1
2 6228 1
4 6073 1
2 5901 1
2 8466 1
1 8648 1
3 6853 1
4 8406 1
1 9414 1
3 9920 1
4 4274 1
4 7080 1
3 8043 1
2 8719 1
3 6919 1
3 7363 1
3 7605 1
1 9328 1
4 9131 1
1 7403 1
2 9806 1
3 3929 1
2 6271 1
1 5778 1
1 5309 1
4 3174 1
3 7074 1
2 6017 1
3 9768 1
3 7670 1
1 9153 1
3 9678 1
1 8654 1
3 6580 1
1 4363 1
4 8258 1
4 9447 1
1 5690 1
2 4317 1
4 5861 1
1 5306 1
4 9053 1
1 8702 1
3 9240 1
3 6686 1
2 6566 1
4 7067 1
3 9542 1
1 3574 1
4 4887 1
4 3487 1
4 3987 1
3 7417 1
2 8668 1
3 9589 1
1 5573 1
4 8884 1
1 6880 1
1 7427 1
2 5127 1
4 7681 1
1 4819 1
1 3412 1
3 4008 1
4 5462 1
2 9440 1
1 4962 1
1 7982 1
3 8372 1
3 4772 1
3 4712 1
3 3646 1
1 5497 1
2 6747 1
2 7850 1
3 6761 1
2 6930 1
2 9596 1
1 8104 1
2 3450 1
4 5769 1
3 4934 1
4 4634 1
1 9329 1
2 5767 1
3 6163 1
4 9298 1
4 8977 1
1 6577 1
2 8503 1
2 3051 1
2 6670 1
4 8537 1
2 8479 1
1 4808 1
4 5627 1
1 7265 1
1 9398 1
1 7308 1
3 4818 1
2 4124 1
2 5818 1
1 4443 1
1 8596 1
2 6707 1
2 9378 1
1 6331 1
4 4187 1
1 9833 1
1 9968 1
1 8515 1
3 7318 1
1 8428 1
2 3932 1
3 5841 1
4 5043 1
3 9895 1
4 7225 1
3 9498 1
1 3951 1
1 4811 1
4 9595 1
3 4157 1
2 4999 1
1 5512 1
3 4727 1
2 7660 1
2 4707 1
2 3420 1
3 4351 1
3 5253 1
1 5289 1
3 8382 1
1 9083 1
4 9890 1
3 3423 1
3 8986 1
4 9147 1
3 3648 1
1 6708 1
2 7503 1
3 3611 1
2 7466 1
1 5450 1
4 4764 1
3 3518 1
3 3313 1
4 4756 1
2 9864 1
4 7767 1
1 5995 1
2 5715 1
3 8773 1
3 8552 1
3 9333 1
1 6196 1
1 6026 1
2 7014 1
1 7038 1
1 5569 1
3 9025 1
2 4254 1
4 6836 1
4 4028 1
1 5275 1
4 7125 1
1 6418 1
4 8473 1
3 9566 1
1 5368 1
1 5196 1
4 4715 1
2 6625 1
2 7219 1
4 5662 1
3 7978 1
3 6266 1
2 8807 1
1 5142 1
3 7838 1
4 4107 1
1 4813 1
1 6812 1
1 6840 1
2 5968 1
2 5475 1
3 3103 1
3 3313 1
1 8909 1
1 8465 1
4 5484 1
4 7681 1
4 6078 1
2 9822 1
3 6264 1
1 7425 1
2 6244 1
4 8966 1
2 5900 1
4 7346 1
2 7968 1
3 3737 1
2 7733 1
1 7095 1
4 9767 1
2 9645 1
1 8093 1
2 5660 1
1 6974 1
3 8106 1
2 9065 1
3 6086 1
2 8768 1
1 6582 1
1 6443 1
1 3893 1
2 7874 1
4 9102 1
1 4071 1
1 3506 1
1 4729 1
2 6726 1
2 8652 1
2 7200 1
2 8555 1
3 5509 1
1 9145 1
3 6213 1
4 3311 1
1 8052 1
4 7851 1
1 8370 1
4 7467 1
4 9961 1
2 4680 1
3 7790 1
2 4087 1
3 8352 1
4 9318 1
1 7880 1
3 8491 1
4 7061 1
4 4352 1
4 8143 1
1 9017 1
1 8079 1
1 8625 1
1 3264 1
4 7408 1
1 7581 1
1 6879 1
1 3758 1
4 3856 1
3 7719 1
3 3245 1
1 3092 1
1 9146 1
1 8123 1
4 4350 1
2 3187 1
1 4541 1
2 4519 1
1 3596 1
1 4885 1
3 4679 1
4 5640 1
4 5978 1
2 7214 1
2 7337 1
1 5132 1
3 7284 1
3 3249 1
2 9920 1
2 7840 1
3 7093 1
4 5025 1
2 7390 1
4 3212 1
1 4457 1
1 6437 1
3 4257 1
3 9484 1
4 9749 1
4 3159 1
3 4840 1
1 4171 1
4 9819 1
4 8288 1
4 9358 1
2 3130 1
2 5853 1
1 4498 1
3 8579 1
2 8820 1
4 4667 1
2 5936 1
3 7151 1
2 5678 1
1 8852 1
3 8440 1
3 4928 1
3 3416 1
3 7216 1
3 3913 1
4 5697 1
2 3891 1
3 6470 1
1 7418 1
3 8349 1
3 9842 1
1 3608 1
1 9351 1
