1000
1 3901 7805
1 4499 9001
1 2757 5517
1 346 695
1 2960 5923
1 4486 8975
1 1043 2089
1 3345 6693
1 3135 6273
1 2068 4139
1 4803 9609
1 4622 9247
1 2971 5945
1 4204 8411
1 52 107
1 3381 6765
1 140 283
1 577 1157
1 2705 5413
1 1338 2679
1 2907 5817
1 4538 9079
1 4273 8549
1 2653 5309
1 4975 9953
1 1193 2389
1 2471 4945
1 2751 5505
1 4479 8961
1 816 1635
1 4365 8733
1 4602 9207
1 4557 9117
1 4068 8139
1 2902 5807
1 3948 7899
1 3079 6161
1 2897 5797
1 1292 2587
1 2108 4219
1 1014 2031
1 1694 3391
1 4673 9349
1 1531 3065
1 739 1481
1 3705 7413
1 3091 6185
1 1341 2685
1 4854 9711
1 2984 5971
1 114 231
1 592 1187
1 1448 2899
1 676 1355
1 4041 8085
1 3676 7355
1 3344 6691
1 2622 5247
1 4081 8165
1 1565 3133
1 4925 9853
1 696 1395
1 3477 6957
1 3497 6997
1 872 1747
1 3396 6795
1 4007 8017
1 1001 2005
1 1712 3427
1 3080 6163
1 2673 5349
1 3868 7739
1 4210 8423
1 1157 2317
1 987 1977
1 3183 6369
1 4316 8635
1 332 667
1 1101 2205
1 4740 9483
1 129 261
1 3907 7817
1 4211 8425
1 4258 8519
1 3952 7907
1 3982 7967
1 1249 2501
1 3761 7525
1 1620 3243
1 2387 4777
1 4320 8643
1 4956 9915
1 1905 3813
1 2489 4981
1 518 1039
1 972 1947
1 532 1067
1 2170 4343
1 2140 4283
1 1858 3719
1 3239 6481
1 4917 9837
1 958 1919
1 3313 6629
1 2589 5181
1 448 899
1 2417 4837
1 2944 5891
1 4987 9977
1 3111 6225
1 1333 2669
1 1785 3573
1 401 805
1 3122 6247
1 147 297
1 4397 8797
1 690 1383
1 4902 9807
1 3714 7431
1 2712 5427
1 855 1713
1 4729 9461
1 549 1101
1 3201 6405
1 4379 8761
1 3030 6063
1 4787 9577
1 2537 5077
1 4369 8741
1 179 361
1 2465 4933
1 2384 4771
1 4515 9033
1 713 1429
1 2211 4425
1 3467 6937
1 4573 9149
1 2834 5671
1 145 293
1 4900 9803
1 1676 3355
1 2922 5847
1 1005 2013
1 3353 6709
1 649 1301
1 2440 4883
1 3564 7131
1 306 615
1 2825 5653
1 4130 8263
1 1256 2515
1 324 651
1 4536 9075
1 3311 6625
1 4731 9465
1 2823 5649
1 712 1427
1 2043 4089
1 3966 7935
1 2507 5017
1 181 365
1 3149 6301
1 4180 8363
1 784 1571
1 2735 5473
1 2182 4367
1 2729 5461
1 2179 4361
1 782 1567
1 3109 6221
1 2163 4329
1 728 1459
1 1689 3381
1 1825 3653
1 624 1251
1 2949 5901
1 1933 3869
1 4535 9073
1 2964 5931
1 1322 2647
1 2714 5431
1 2394 4791
1 1307 2617
1 2605 5213
1 3944 7891
1 766 1535
1 3299 6601
1 563 1129
1 2199 4401
1 1340 2683
1 3697 7397
1 4100 8203
1 35 73
1 1057 2117
1 1309 2621
1 3127 6257
1 4212 8427
1 4483 8969
1 2189 4381
1 3514 7031
1 2870 5743
1 2020 4043
1 4935 9873
1 1152 2307
1 2776 5555
1 1936 3875
1 3627 7257
1 437 877
1 4734 9471
1 665 1333
1 3508 7019
1 3211 6425
1 3475 6953
1 2132 4267
1 1423 2849
1 2830 5663
1 396 795
1 722 1447
1 2267 4537
1 23 49
1 4615 9233
1 3826 7655
1 183 369
1 4514 9031
1 4324 8651
1 4195 8393
1 3703 7409
1 922 1847
1 1942 3887
1 1177 2357
1 3152 6307
1 3007 6017
1 4526 9055
1 440 883
1 4799 9601
1 2345 4693
1 3724 7451
1 2802 5607
1 2596 5195
1 3182 6367
1 2210 4423
1 18 39
1 97 197
1 3108 6219
1 4009 8021
1 2868 5739
1 3503 7009
1 4302 8607
1 2152 4307
1 4939 9881
1 2587 5177
1 2934 5871
1 4091 8185
1 370 743
1 4521 9045
1 3402 6807
1 1805 3613
1 3297 6597
1 639 1281
1 2550 5103
1 3963 7929
1 3635 7273
1 1146 2295
1 3637 7277
1 3204 6411
1 4730 9463
1 2086 4175
1 1529 3061
1 2586 5175
1 3976 7955
1 942 1887
1 1652 3307
1 2298 4599
1 4493 8989
1 3279 6561
1 4171 8345
1 888 1779
1 4330 8663
1 4893 9789
1 4230 8463
1 2864 5731
1 1532 3067
1 2677 5357
1 923 1849
1 235 473
1 388 779
1 3462 6927
1 2747 5497
1 4164 8331
1 3837 7677
1 411 825
1 2078 4159
1 3544 7091
1 3419 6841
1 3561 7125
1 3759 7521
1 1558 3119
1 2372 4747
1 2649 5301
1 1000 2003
1 4572 9147
1 86 175
1 3302 6607
1 4220 8443
1 4389 8781
1 1027 2057
1 3555 7113
1 4184 8371
1 3925 7853
1 689 1381
1 4979 9961
1 1915 3833
1 4903 9809
1 4649 9301
1 4585 9173
1 1881 3765
1 1468 2939
1 2954 5911
1 3234 6471
1 1031 2065
1 1934 3871
1 3701 7405
1 2375 4753
1 960 1923
1 3660 7323
1 3731 7465
1 3198 6399
1 3243 6489
1 587 1177
1 1566 3135
1 1932 3867
1 1886 3775
1 2727 5457
1 3887 7777
1 3215 6433
1 2054 4111
1 4450 8903
1 628 1259
1 2499 5001
1 69 141
1 4216 8435
1 3946 7895
1 3249 6501
1 719 1441
1 1634 3271
1 3786 7575
1 4404 8811
1 2875 5753
1 3540 7083
1 361 725
1 3041 6085
1 4812 9627
1 4904 9811
1 3750 7503
1 2071 4145
1 4153 8309
1 1831 3665
1 477 957
1 146 295
1 3407 6817
1 22 47
1 1740 3483
1 3983 7969
1 4137 8277
1 1670 3343
1 4122 8247
1 2692 5387
1 1721 3445
1 3417 6837
1 2181 4365
1 1568 3139
1 3168 6339
1 4125 8253
1 3530 7063
1 2966 5935
1 3640 7283
1 3028 6059
1 4371 8745
1 771 1545
1 668 1339
1 170 343
1 705 1413
1 751 1505
1 783 1569
1 2082 4167
1 4685 9373
1 3252 6507
1 2694 5391
1 1252 2507
1 2162 4327
1 66 135
1 2725 5453
1 2601 5205
1 2906 5815
1 3184 6371
1 124 251
1 42 87
1 1795 3593
1 2817 5637
1 4148 8299
1 2859 5721
1 1165 2333
1 175 353
1 2715 5433
1 3752 7507
1 1133 2269
1 4037 8077
1 543 1089
1 3502 7007
1 4395 8793
1 1716 3435
1 1428 2859
1 2839 5681
1 511 1025
1 3917 7837
1 744 1491
1 91 185
1 164 331
1 2534 5071
1 2517 5037
1 753 1509
1 3920 7843
1 1844 3691
1 4612 9227
1 1766 3535
1 4038 8079
1 4955 9913
1 1474 2951
1 4359 8721
1 3463 6929
1 3044 6091
1 3905 7813
1 2278 4559
1 1544 3091
1 2371 4745
1 3789 7581
1 4327 8657
1 789 1581
1 1669 3341
1 1730 3463
1 4747 9497
1 2174 4351
1 1288 2579
1 9 21
1 4728 9459
1 461 925
1 684 1371
1 1580 3163
1 1863 3729
1 1040 2083
1 2772 5547
1 3399 6801
1 1150 2303
1 1562 3127
1 2142 4287
1 326 655
1 4870 9743
1 4264 8531
1 3123 6249
1 846 1695
1 1503 3009
1 4805 9613
1 3687 7377
1 1265 2533
1 4487 8977
1 3725 7453
1 2021 4045
1 4082 8167
1 4603 9209
1 2028 4059
1 2528 5059
1 450 903
1 740 1483
1 2698 5399
1 451 905
1 2856 5715
1 2067 4137
1 3482 6967
1 635 1273
1 1786 3575
1 3321 6645
1 4912 9827
1 435 873
1 1250 2503
1 644 1291
1 631 1265
1 1597 3197
1 3426 6855
1 618 1239
1 189 381
1 2702 5407
1 1830 3663
1 239 481
1 4336 8675
1 4073 8149
1 3679 7361
1 1876 3755
1 3643 7289
1 4402 8807
1 2713 5429
1 3686 7375
1 1613 3229
1 2791 5585
1 1524 3051
1 296 595
1 4600 9203
1 4829 9661
1 3139 6281
1 2133 4269
1 1732 3467
1 3580 7163
1 4288 8579
1 981 1965
1 4911 9825
1 8 19
1 1836 3675
1 2318 4639
1 2159 4321
1 2112 4227
1 1607 3217
1 4126 8255
1 1093 2189
1 385 773
1 4509 9021
1 4484 8971
1 2241 4485
1 901 1805
1 2579 5161
1 3610 7223
1 1119 2241
1 1204 2411
1 2515 5033
1 2407 4817
1 3624 7251
1 2168 4339
1 994 1991
1 840 1683
1 1319 2641
1 2327 4657
1 1564 3131
1 1679 3361
1 3418 6839
1 4971 9945
1 4245 8493
1 1473 2949
1 3996 7995
1 342 687
1 2310 4623
1 4426 8855
1 4076 8155
1 3792 7587
1 4003 8009
1 1625 3253
1 261 525
1 1834 3671
1 150 303
1 2458 4919
1 990 1983
1 3598 7199
1 3410 6823
1 1549 3101
1 4016 8035
1 554 1111
1 4416 8835
1 372 747
1 2053 4109
1 792 1587
1 2731 5465
1 1060 2123
1 3005 6013
1 4620 9243
1 3538 7079
1 1275 2553
1 2201 4405
1 3348 6699
1 3398 6799
1 4691 9385
1 4478 8959
1 3188 6379
1 1539 3081
1 4276 8555
1 1506 3015
1 2155 4313
1 1701 3405
1 4074 8151
1 3951 7905
1 2204 4411
1 3518 7039
1 2744 5491
1 832 1667
1 2503 5009
1 1718 3439
1 2778 5559
1 881 1765
1 4604 9211
1 1264 2531
1 422 847
1 3617 7237
1 1164 2331
1 3802 7607
1 4265 8533
1 1508 3019
1 4963 9929
1 721 1445
1 1465 2933
1 1586 3175
1 3857 7717
1 3294 6591
1 4098 8199
1 4481 8965
1 4681 9365
1 454 911
1 469 941
1 4154 8311
1 2208 4419
1 1364 2731
1 4811 9625
1 3479 6961
1 1023 2049
1 1414 2831
1 462 927
1 476 955
1 3747 7497
1 2615 5233
1 3024 6051
1 3292 6587
1 819 1641
1 208 419
1 4894 9791
1 209 421
1 785 1573
1 445 893
1 2983 5969
1 1062 2127
1 308 619
1 4789 9581
1 2469 4941
1 1807 3617
1 3132 6267
1 2171 4345
1 404 811
1 1919 3841
1 3970 7943
1 19 41
1 1355 2713
1 4274 8551
1 1066 2135
1 1494 2991
1 853 1709
1 4255 8513
1 4124 8251
1 3601 7205
1 4670 9343
1 4735 9473
1 1690 3383
1 3597 7197
1 2258 4519
1 2904 5811
1 2466 4935
1 1199 2401
1 4865 9733
1 3020 6043
1 4433 8869
1 2947 5897
1 3178 6359
1 1471 2945
1 4240 8483
1 3375 6753
1 3787 7577
1 1178 2359
1 2426 4855
1 4665 9333
1 3175 6353
1 3143 6289
1 3961 7925
1 4899 9801
1 4290 8583
1 2901 5805
1 1902 3807
1 3681 7365
1 4229 8461
1 1080 2163
1 3779 7561
1 366 735
1 919 1841
1 4712 9427
1 708 1419
1 1653 3309
1 61 125
1 1103 2209
1 788 1579
1 2316 4635
1 1096 2195
1 1702 3407
1 1220 2443
1 1149 2301
1 2309 4621
1 2390 4783
1 4269 8541
1 3733 7469
1 3049 6101
1 4055 8113
1 3940 7883
1 4072 8147
1 1687 3377
1 321 645
1 3093 6189
1 4848 9699
1 2435 4873
1 1496 2995
1 1271 2545
1 2460 4923
1 1353 2709
1 373 749
1 3483 6969
1 3735 7473
1 1420 2843
1 4527 9057
1 2158 4319
1 2710 5423
1 4692 9387
1 389 781
1 2297 4597
1 1550 3103
1 2253 4509
1 1644 3291
1 2315 4633
1 2462 4927
1 1236 2475
1 4809 9621
1 4553 9109
1 328 659
1 3351 6705
1 2882 5767
1 1833 3669
1 2584 5171
1 3088 6179
1 4528 9059
1 3501 7005
1 2402 4807
1 1722 3447
1 1231 2465
1 358 719
1 775 1553
1 1216 2435
1 1968 3939
1 609 1221
1 4555 9113
1 3359 6721
1 3524 7051
1 4908 9819
1 4472 8947
1 1798 3599
1 3187 6377
1 1239 2481
1 4004 8011
1 3738 7479
1 4400 8803
1 154 311
1 667 1337
1 4142 8287
1 3553 7109
1 311 625
1 1032 2067
1 4874 9751
1 3531 7065
1 2718 5439
1 3664 7331
1 4784 9571
1 1820 3643
1 4306 8615
1 1931 3865
1 3728 7459
1 2961 5925
1 3060 6123
1 2659 5321
1 2795 5593
1 3019 6041
1 5000 10003
1 1744 3491
1 954 1911
1 79 161
1 2733 5469
1 4141 8285
1 2376 4755
1 4947 9897
1 4672 9347
1 207 417
1 2114 4231
1 1243 2489
1 2209 4421
1 761 1525
1 4088 8179
1 392 787
1 3571 7145
1 177 357
1 2623 5249
1 4107 8217
1 3932 7867
1 2697 5397
1 2115 4233
1 67 137
1 3770 7543
1 1681 3365
1 4236 8475
1 442 887
1 4066 8135
1 4429 8861
1 4241 8485
1 1285 2573
1 3960 7923
1 3808 7619
1 2736 5475
1 4767 9537
1 4263 8529
1 390 783
1 1175 2353
1 228 459
1 303 609
1 3087 6177
1 1342 2687
1 4823 9649
1 106 215
1 4871 9745
1 4708 9419
1 1990 3983
1 3915 7833
1 4425 8853
1 2996 5995
1 325 653
1 3014 6031
1 3830 7663
1 4913 9829
1 1909 3821
1 3476 6955
1 3898 7799
1 1522 3047
1 4722 9447
1 2398 4799
1 3845 7693
1 2080 4163
1 4588 9179
1 3325 6653
1 968 1939
1 1269 2541
1 1808 3619
1 3745 7493
1 4174 8351
1 1198 2399
1 3525 7053
1 4869 9741
1 4128 8259
1 4030 8063
1 2167 4337
1 3153 6309
1 4791 9585
1 1298 2599
1 616 1235
1 3519 7041
1 953 1909
1 4183 8369
1 3167 6337
1 2064 4131
1 268 539
1 743 1489
1 3498 6999
1 1445 2893
1 1561 3125
1 1318 2639
1 567 1137
1 4958 9919
1 3661 7325
1 3536 7075
1 1477 2957
1 2500 5003
1 4453 8909
1 1843 3689
1 3059 6121
1 3950 7903
1 4846 9695
1 3458 6919
1 974 1951
1 4150 8303
1 4287 8577
1 1486 2975
1 1195 2393
1 2076 4155
1 1004 2011
1 3377 6757
1 2853 5709
1 2952 5907
1 3326 6655
1 1416 2835
1 2175 4353
1 1117 2237
1 360 723
1 4045 8093
1 4176 8355
1 2764 5531
1 1324 2651
1 3224 6451
1 1186 2375
1 190 383
1 386 775
1 1782 3567
1 2951 5905
1 371 745
1 2031 4065
1 1132 2267
1 1980 3963
1 569 1141
1 2343 4689
1 3431 6865
1 1387 2777
1 3347 6697
1 4611 9225
1 2908 5819
1 4940 9883
1 3796 7595
1 4501 9005
1 3190 6383
1 4140 8283
1 4733 9469
1 3484 6971
1 291 585
1 2197 4397
1 1218 2439
1 4345 8693
1 2408 4819
1 1865 3733
1 406 815
1 1045 2093
1 2418 4839
1 4752 9507
1 305 613
1 3558 7119
1 3947 7897
1 1937 3877
1 4319 8641
1 216 435
1 1868 3739
1 4495 8993
1 2835 5673
1 4511 9025
1 2328 4659
1 710 1423
1 2238 4479
1 1499 3001
1 2626 5255
1 2918 5839
1 3250 6503
1 2420 4843
1 3263 6529
1 4157 8317
1 2289 4581
1 4596 9195
1 1528 3059
1 3435 6873
1 4580 9163
1 4982 9967
1 989 1981
1 428 859
1 565 1133
1 2533 5069
1 2621 5245
1 614 1231
1 407 817
1 646 1295
1 2690 5383
1 4715 9433
1 45 93
1 4616 9235
1 285 573
1 2243 4489
1 755 1513
1 197 397
1 4961 9925
1 3006 6015
1 1520 3043
1 1774 3551
1 2275 4553
1 1761 3525
1 3107 6217
1 3931 7865
1 1827 3657
1 3689 7381
1 3513 7029
1 3367 6737
1 660 1323
1 3629 7261
1 1370 2743
1 3428 6859
1 2808 5619
1 176 355
1 4391 8785
1 1327 2657
1 1064 2131
1 3054 6111
1 1860 3723
1 585 1173
1000
1 3706 7415
1 3360 6723
1 3683 7369
1 1046 2095
1 3141 6285
1 455 913
1 98 199
1 3574 7151
1 1686 3375
1 996 1995
1 1435 2873
1 774 1551
1 3573 7149
1 2057 4117
1 715 1433
1 607 1217
1 1804 3611
1 3416 6835
1 2003 4009
1 4530 9063
1 1077 2157
1 4496 8995
1 1850 3703
1 2755 5513
1 4459 8921
1 3276 6555
1 3632 7267
1 14 31
1 1393 2789
1 2848 5699
1 4117 8237
1 2872 5747
1 4386 8775
1 3653 7309
1 273 549
1 3356 6715
1 4886 9775
1 1661 3325
1 1854 3711
1 475 953
1 3719 7441
1 81 165
1 1656 3315
1 1087 2177
1 1405 2813
1 4372 8747
1 1091 2185
1 1567 3137
1 4215 8433
1 2148 4299
1 3704 7411
1 2036 4075
1 3340 6683
1 1099 2201
1 4719 9441
1 3048 6099
1 277 557
1 4996 9995
1 1723 3449
1 4926 9855
1 2548 5099
1 1451 2905
1 4278 8559
1 2389 4781
1 46 95
1 3551 7105
1 2429 4861
1 1284 2571
1 1749 3501
1 2645 5293
1 3058 6119
1 3700 7403
1 2959 5921
1 314 631
1 2160 4323
1 2312 4627
1 861 1725
1 791 1585
1 3469 6941
1 139 281
1 4546 9095
1 2269 4541
1 3169 6341
1 3988 7979
1 2442 4887
1 964 1931
1 4792 9587
1 3257 6517
1 2535 5073
1 1739 3481
1 289 581
1 374 751
1 4827 9657
1 2037 4077
1 2709 5421
1 3465 6933
1 1070 2143
1 4364 8731
1 1374 2751
1 1879 3761
1 2950 5903
1 3527 7057
1 908 1819
1 214 431
1 1141 2285
1 3772 7547
1 1891 3785
1 1181 2365
1 1171 2345
1 4355 8713
1 1484 2971
1 2655 5313
1 1469 2941
1 3980 7963
1 528 1059
1 2280 4563
1 1054 2111
1 4280 8563
1 1384 2771
1 2774 5551
1 3918 7839
1 4099 8201
1 4758 9519
1 4445 8893
1 3265 6533
1 913 1829
1 2851 5705
1 512 1027
1 3638 7279
1 2599 5201
1 367 737
1 820 1643
1 2818 5639
1 172 347
1 920 1843
1 2756 5515
1 1895 3793
1 586 1175
1 3678 7359
1 2536 5075
1 4817 9637
1 10 23
1 4002 8007
1 4257 8517
1 25 53
1 3666 7335
1 1801 3605
1 2024 4051
1 3853 7709
1 2620 5243
1 4011 8025
1 3065 6133
1 560 1123
1 3220 6443
1 2088 4179
1 626 1255
1 3073 6149
1 4047 8097
1 2393 4789
1 2205 4413
1 1068 2139
1 3572 7147
1 3559 7121
1 4468 8939
1 3933 7869
1 3937 7877
1 2522 5047
1 4810 9623
1 2524 5051
1 2799 5601
1 2323 4649
1 4689 9381
1 1999 4001
1 686 1375
1 524 1051
1 506 1015
1 3217 6437
1 4409 8821
1 3179 6361
1 1313 2629
1 2978 5959
1 1375 2753
1 622 1247
1 880 1763
1 1039 2081
1 522 1047
1 1212 2427
1 4797 9597
1 1780 3563
1 4516 9035
1 2790 5583
1 3510 7023
1 1734 3471
1 653 1309
1 2425 4853
1 3823 7649
1 3022 6047
1 1501 3005
1 2073 4149
1 3318 6639
1 3164 6331
1 799 1601
1 3654 7311
1 4571 9145
1 3354 6711
1 1142 2287
1 4238 8479
1 4393 8789
1 2866 5735
1 1616 3235
1 2184 4371
1 3545 7093
1 902 1807
1 315 633
1 2998 5999
1 2958 5919
1 2244 4491
1 3827 7657
1 3644 7291
1 1971 3945
1 3025 6053
1 3636 7275
1 2941 5885
1 4890 9783
1 3662 7327
1 238 479
1 4969 9941
1 2636 5275
1 2801 5605
1 4465 8933
1 3850 7703
1 3394 6791
1 417 837
1 576 1155
1 3716 7435
1 138 279
1 941 1885
1 63 129
1 2703 5409
1 349 701
1 3437 6877
1 432 867
1 1306 2615
1 4973 9949
1 3774 7551
1 136 275
1 2187 4377
1 255 513
1 2090 4183
1 2754 5511
1 3743 7489
1 151 305
1 1461 2925
1 1585 3173
1 3899 7801
1 3018 6039
1 2273 4549
1 3147 6297
1 2956 5915
1 2084 4171
1 4190 8383
1 4932 9867
1 2732 5467
1 4884 9771
1 844 1691
1 4127 8257
1 1906 3815
1 1226 2455
1 4266 8535
1 4388 8779
1 3283 6569
1 767 1537
1 4187 8377
1 180 363
1 2146 4295
1 3171 6345
1 4001 8005
1 3499 7001
1 1332 2667
1 4046 8095
1 3631 7265
1 3902 7807
1 168 339
1 2634 5271
1 884 1771
1 1885 3773
1 3027 6057
1 1822 3647
1 335 673
1 2040 4083
1 4547 9097
1 2279 4561
1 51 105
1 4946 9895
1 1217 2437
1 2482 4967
1 4077 8157
1 4326 8655
1 3110 6223
1 4570 9143
1 3185 6373
1 4983 9969
1 655 1313
1 1041 2085
1 1671 3345
1 505 1013
1 525 1053
1 566 1135
1 3181 6365
1 4950 9903
1 2793 5589
1 3566 7135
1 485 973
1 135 273
1 4172 8347
1 2780 5563
1 4687 9377
1 3595 7193
1 3338 6679
1 557 1117
1 4695 9393
1 1997 3997
1 4339 8681
1 675 1353
1 3665 7333
1 1546 3095
1 2118 4239
1 948 1899
1 1778 3559
1 1056 2115
1 3308 6619
1 4422 8847
1 4610 9223
1 2789 5581
1 2668 5339
1 4205 8413
1 4892 9787
1 3296 6595
1 4510 9023
1 4467 8937
1 215 433
1 729 1461
1 1081 2165
1 2543 5089
1 3785 7573
1 1169 2341
1 1273 2549
1 3757 7517
1 1636 3275
1 1131 2265
1 1358 2719
1 4641 9285
1 4197 8397
1 107 217
1 4103 8209
1 2828 5659
1 4771 9545
1 2767 5537
1 3973 7949
1 1880 3763
1 973 1949
1 3888 7779
1 1908 3819
1 3718 7439
1 1033 2069
1 3317 6637
1 992 1987
1 4085 8173
1 3346 6695
1 1773 3549
1 2352 4707
1 3219 6441
1 4500 9003
1 4289 8581
1 1852 3707
1 3788 7579
1 2359 4721
1 2337 4677
1 3884 7771
1 1137 2277
1 278 559
1 988 1979
1 3975 7953
1 1505 3013
1 4816 9635
1 798 1599
1 1008 2019
1 2194 4391
1 1651 3305
1 3568 7139
1 1647 3297
1 62 127
1 3286 6575
1 133 269
1 1800 3603
1 2871 5745
1 4250 8503
1 3639 7281
1 591 1185
1 2728 5459
1 3456 6915
1 580 1163
1 4308 8619
1 2438 4879
1 562 1127
1 452 907
1 1940 3883
1 3366 6735
1 4191 8385
1 993 1989
1 3449 6901
1 4032 8067
1 1424 2851
1 1463 2929
1 2675 5353
1 1078 2159
1 2700 5403
1 4169 8341
1 11 25
1 4778 9559
1 3106 6215
1 1943 3889
1 262 527
1 2094 4191
1 1431 2865
1 1010 2023
1 486 975
1 860 1723
1 654 1311
1 3856 7715
1 4965 9933
1 493 989
1 1608 3219
1 4118 8239
1 4663 9329
1 2129 4261
1 1673 3349
1 3029 6061
1 2540 5083
1 2123 4249
1 2103 4209
1 3355 6713
1 1892 3787
1 50 103
1 2314 4631
1 2300 4603
1 1913 3829
1 1447 2897
1 2350 4703
1 4427 8857
1 2740 5483
1 3649 7301
1 1675 3353
1 830 1663
1 3406 6815
1 4931 9865
1 4831 9665
1 4579 9161
1 1232 2467
1 2782 5567
1 1388 2779
1 3255 6513
1 137 277
1 1 5
1 2889 5781
1 2582 5167
1 1154 2311
1 2642 5287
1 48 99
1 4862 9727
1 4626 9255
1 2177 4357
1 3954 7911
1 3195 6393
1 529 1061
1 434 871
1 1981 3965
1 1875 3753
1 2946 5895
1 85 173
1 2361 4725
1 307 617
1 1118 2239
1 2721 5445
1 3883 7769
1 1703 3409
1 1874 3751
1 1225 2453
1 2100 4203
1 1618 3239
1 4279 8561
1 1838 3679
1 3264 6531
1 1398 2799
1 2761 5525
1 71 145
1 115 233
1 2121 4245
1 1354 2711
1 1660 3323
1 862 1727
1 1183 2369
1 2885 5773
1 162 327
1 3471 6945
1 1396 2795
1 3300 6603
1 1361 2725
1 3284 6571
1 4592 9187
1 2485 4973
1 627 1257
1 2704 5411
1 2531 5065
1 2914 5831
1 2766 5535
1 3590 7183
1 3454 6911
1 4818 9639
1 4804 9611
1 1314 2631
1 2259 4521
1 2842 5687
1 1299 2601
1 2016 4035
1 3314 6631
1 225 453
1 4424 8851
1 1336 2675
1 3434 6871
1 1427 2857
1 3870 7743
1 1369 2741
1 4790 9583
1 383 769
1 4921 9845
1 2479 4961
1 4825 9653
1 738 1479
1 2991 5985
1 1331 2665
1 1345 2693
1 4340 8683
1 651 1305
1 1325 2653
1 2913 5829
1 976 1955
1 430 863
1 3270 6543
1 1559 3121
1 3180 6363
1 2508 5019
1 482 967
1 3936 7875
1 572 1147
1 2498 4999
1 2779 5561
1 2287 4577
1 243 489
1 2794 5591
1 4296 8595
1 2903 5809
1 1403 2809
1 1944 3891
1 4464 8931
1 1260 2523
1 1075 2153
1 2567 5137
1 2292 4587
1 3599 7201
1 700 1403
1 1182 2367
1 1684 3371
1 2106 4215
1 3382 6767
1 2708 5419
1 1541 3085
1 341 685
1 648 1299
1 3533 7069
1 1560 3123
1 2463 4929
1 488 979
1 1777 3557
1 4346 8695
1 3466 6935
1 3740 7483
1 3800 7603
1 2370 4743
1 2203 4409
1 3009 6021
1 251 505
1 3040 6083
1 1708 3419
1 2325 4653
1 88 179
1 4835 9673
1 298 599
1 3504 7011
1 4540 9083
1 4885 9773
1 1945 3893
1 2239 4481
1 2058 4119
1 3707 7417
1 3587 7177
1 2274 4551
1 3978 7959
1 645 1293
1 4311 8625
1 3408 6819
1 290 583
1 2544 5091
1 3452 6907
1 3130 6263
1 1612 3227
1 474 951
1 2598 5199
1 4938 9879
1 1518 3039
1 1680 3363
1 213 429
1 3723 7449
1 949 1901
1 3066 6135
1 4110 8223
1 3672 7347
1 3608 7219
1 3101 6205
1 1826 3655
1 4119 8241
1 1511 3025
1 1664 3331
1 2126 4255
1 1579 3161
1 4042 8087
1 1180 2363
1 2899 5801
1 1695 3393
1 2920 5843
1 4097 8197
1 2119 4241
1 672 1347
1 59 121
1 2578 5159
1 2896 5795
1 4508 9019
1 3363 6729
1 3577 7157
1 3702 7407
1 2523 5049
1 1065 2133
1 513 1029
1 1495 2993
1 3386 6775
1 4281 8565
1 1609 3221
1 89 181
1 2454 4911
1 3011 6025
1 3777 7557
1 4550 9103
1 232 467
1 822 1647
1 4631 9265
1 402 807
1 17 37
1 2087 4177
1 1947 3897
1 95 193
1 3669 7341
1 1123 2249
1 3711 7425
1 1311 2625
1 724 1451
1 473 949
1 1450 2903
1 1187 2377
1 3393 6789
1 4083 8169
1 2661 5325
1 3387 6777
1 2156 4315
1 1114 2231
1 1442 2887
1 3880 7763
1 3720 7443
1 1864 3731
1 4052 8107
1 264 531
1 224 451
1 1295 2593
1 2042 4087
1 1382 2767
1 2264 4531
1 3517 7037
1 2800 5603
1 1692 3387
1 2529 5061
1 4868 9739
1 687 1377
1 1525 3053
1 2970 5943
1 3877 7757
1 4485 8973
1 3647 7297
1 2260 4523
1 4139 8281
1 671 1345
1 2400 4803
1 2313 4629
1 1797 3597
1 1339 2681
1 3641 7285
1 1884 3771
1 3776 7555
1 2150 4303
1 3833 7669
1 3172 6347
1 1604 3211
1 318 639
1 1823 3649
1 730 1463
1 2002 4007
1 4392 8787
1 1367 2737
1 2268 4539
1 1509 3021
1 2928 5859
1 3838 7679
1 3441 6885
1 4328 8659
1 3036 6075
1 3971 7945
1 1006 2015
1 4920 9843
1 4934 9871
1 3690 7383
1 870 1743
1 2439 4881
1 1646 3295
1 1577 3157
1 2010 4023
1 1351 2705
1 379 761
1 637 1277
1 2819 5641
1 1575 3153
1 4998 9999
1 621 1245
1 3055 6113
1 4924 9851
1 3352 6707
1 2860 5723
1 1261 2525
1 1962 3927
1 2304 4611
1 1138 2279
1 3670 7343
1 3673 7349
1 2399 4801
1 2321 4645
1 4132 8267
1 2092 4187
1 936 1875
1 2542 5087
1 4144 8291
1 4366 8735
1 1380 2763
1 858 1719
1 1170 2343
1 3329 6661
1 3811 7625
1 3895 7793
1 4470 8943
1 44 91
1 3090 6183
1 2356 4715
1 206 415
1 1950 3903
1 3671 7345
1 4162 8327
1 3602 7207
1 117 237
1 3442 6887
1 3855 7713
1 2331 4665
1 2104 4211
1 356 715
1 4354 8711
1 2730 5463
1 1408 2819
1 4006 8015
1 2840 5683
1 1248 2499
1 1197 2397
1 4736 9475
1 2414 4831
1 2829 5661
1 4035 8073
1 2019 4041
1 227 457
1 481 965
1 4675 9353
1 3260 6523
1 240 483
1 2720 5443
1 4188 8379
1 1817 3637
1 3203 6409
1 4251 8505
1 3755 7513
1 2633 5269
1 4595 9193
1 4741 9485
1 1959 3921
1 479 961
1 4317 8637
1 2401 4805
1 4852 9707
1 1296 2595
1 4203 8409
1 350 703
1 24 51
1 2635 5273
1 1308 2619
1 3349 6701
1 204 411
1 3075 6153
1 4986 9975
1 1346 2695
1 2339 4681
1 1107 2217
1 3154 6311
1 3997 7997
1 656 1315
1 1869 3741
1 2820 5643
1 2506 5015
1 998 1999
1 887 1777
1 4646 9295
1 3955 7913
1 331 665
1 1727 3457
1 583 1169
1 103 209
1 1120 2243
1 959 1921
1 2283 4569
1 3949 7901
1 1857 3717
1 4489 8981
1 1437 2877
1 999 2001
1 4398 8799
1 3086 6175
1 3979 7961
1 2616 5235
1 2206 4415
1 4268 8539
1 3131 6265
1 1263 2529
1 4460 8923
1 1977 3957
1 1156 2315
1 2346 4695
1 1707 3417
1 2919 5841
1 1856 3715
1 2367 4737
1 945 1893
1 3804 7611
1 3848 7699
1 873 1749
1 2942 5887
1 991 1985
1 508 1019
1 3927 7857
1 3474 6951
1 905 1813
1 3488 6979
1 1941 3885
1 1545 3093
1 2855 5713
1 293 589
1 2122 4247
1 2437 4877
1 595 1193
1 1637 3277
1 4325 8653
1 2654 5311
1 4322 8647
1 3507 7017
1 2496 4995
1 1088 2179
1 4428 8859
1 3965 7933
1 2525 5053
1 1460 2923
1 4551 9105
1 2521 5045
1 4655 9313
1 1591 3185
1 3726 7455
1 2117 4237
1 4458 8919
1 2374 4751
1 2190 4383
1 4726 9455
1 4106 8215
1 1085 2173
1 3455 6913
1 2591 5185
1 4182 8367
1 2248 4499
1 857 1717
1 3953 7909
1 2422 4847
1 2137 4277
1 827 1657
1 606 1215
1 4993 9989
1 619 1241
1 456 915
1 2434 4871
1 1189 2381
1 4104 8211
1 1244 2491
1 4872 9747
1 3186 6375
1 75 153
1 1714 3431
1 1148 2299
1 2351 4705
1 4642 9287
1 2796 5595
1 809 1621
1 4067 8137
1 2004 4011
1 4343 8689
1 104 211
1 2492 4987
1 4859 9721
1 3277 6557
1 3268 6539
1 4990 9983
1 2060 4123
1 599 1201
1 2530 5063
1 2933 5869
1 4063 8129
1 3492 6987
1 1102 2207
1 234 471
1 3506 7015
1 594 1191
1 2478 4959
1 3537 7077
1 1209 2421
1 4834 9671
1 4582 9167
1 1818 3639
1 250 503
1 3395 6793
1 2527 5057
1 2483 4969
1 58 119
1 2916 5835
1 2192 4387
1 1548 3099
1 287 577
1 1987 3977
1 4259 8521
1 478 959
1 210 423
1 4414 8831
1 3696 7395
1 985 1973
1 3002 6007
1 977 1957
1 1516 3035
1 4593 9189
1 2563 5129
1 929 1861
1 1810 3623
1 4627 9257
1 3212 6427
1 1234 2471
1 571 1145
1 3095 6193
1 4744 9491
1 741 1485
1 3047 6097
1 1638 3279
1 2154 4311
1 1421 2845
1 420 843
1 1899 3801
1 4095 8193
