1507
1 302078 3310
1 150296 6653
1 330793 3023
1 444125 2251
1 486880 2053
1 953131 1049
1 865186 1155
1 850404 1175
1 729686 1370
1 913915 1094
1 994776 1005
1 667592 1497
1 307941 3247
1 206917 4832
1 326229 3065
1 969489 1031
1 185596 5388
1 541811 1845
1 634004 1577
1 194211 5149
1 429453 2328
1 239333 4178
1 931453 1073
1 20521 48730
1 634744 1575
1 757859 1319
1 123821 8076
1 193130 5177
1 157587 6345
1 58182 17187
1 610528 1637
1 337353 2964
1 664429 1505
1 810062 1234
1 572012 1748
1 460039 2173
1 105047 9519
1 303899 3290
1 51215 19525
1 134303 7445
1 580429 1722
1 222893 4486
1 878340 1138
1 227426 4397
1 481448 2077
1 826257 1210
1 305085 3277
1 888944 1124
1 349191 2863
1 48383 20668
1 775392 1289
1 620494 1611
1 899440 1111
1 489433 2043
1 159367 6274
1 443410 2255
1 565171 1769
1 919114 1088
1 392384 2548
1 682176 1465
1 181982 5495
1 722565 1383
1 48004 20831
1 714967 1398
1 41005 24387
1 614806 1626
1 747402 1337
1 290376 3443
1 283379 3528
1 798119 1252
1 324485 3081
1 418603 2388
1 846177 1181
1 117468 8512
1 22770 43917
1 929759 1075
1 238197 4198
1 109245 9153
1 334585 2988
1 135833 7361
1 312525 3199
1 84249 11869
1 73915 13529
1 444317 2250
1 375815 2660
1 960027 1041
1 161625 6187
1 652387 1532
1 951636 1050
1 642783 1555
1 94813 10547
1 364528 2743
1 18580 53821
1 36887 27109
1 535843 1866
1 958633 1043
1 99561 10044
1 34254 29193
1 975365 1025
1 301726 3314
1 837760 1193
1 40663 24592
1 161798 6180
1 441484 2265
1 703113 1422
1 883983 1131
1 581303 1720
1 965138 1036
1 62233 16068
1 555420 1800
1 452026 2212
1 272814 3665
1 366482 2728
1 416133 2403
1 682125 1466
1 715470 1397
1 540955 1848
1 807803 1237
1 454277 2201
1 648418 1542
1 882667 1132
1 725877 1377
1 354466 2821
1 157834 6335
1 325456 3072
1 403916 2475
1 47729 20951
1 42742 23396
1 612453 1632
1 328243 3046
1 212897 4697
1 604932 1653
1 280236 3568
1 612054 1633
1 420654 2377
1 352060 2840
1 670025 1492
1 659850 1515
1 296922 3367
1 777510 1286
1 58879 16983
1 299121 3343
1 644453 1551
1 453726 2203
1 179276 5577
1 922938 1083
1 228564 4375
1 755944 1322
1 221932 4505
1 41108 24326
1 740618 1350
1 812696 1230
1 56228 17784
1 546479 1829
1 65320 15309
1 651408 1535
1 562817 1776
1 873651 1144
1 525034 1904
1 623894 1602
1 524094 1908
1 976296 1024
1 117205 8532
1 848920 1177
1 321105 3114
1 955524 1046
1 162453 6155
1 105672 9463
1 12918 77411
1 123950 8067
1 299972 3333
1 840571 1189
1 74449 13432
1 365028 2739
1 704534 1419
1 209461 4774
1 997839 1002
1 726 1377410
1 68730 14549
1 131630 7597
1 315011 3174
1 937786 1066
1 590879 1692
1 122678 8151
1 520355 1921
1 23144 43207
1 754897 1324
1 532645 1877
1 541161 1847
1 328875 3040
1 707355 1413
1 516964 1934
1 291626 3429
1 284409 3516
1 173481 5764
1 822887 1215
1 201275 4968
1 632085 1582
1 420505 2378
1 324937 3077
1 149387 6694
1 325026 3076
1 582735 1716
1 68964 14500
1 656063 1524
1 480775 2079
1 304238 3286
1 566416 1765
1 52594 19013
1 282871 3535
1 251787 3971
1 783630 1276
1 770852 1297
1 787912 1269
1 325544 3071
1 267747 3734
1 477198 2095
1 689211 1450
1 431961 2315
1 478392 2090
1 424775 2354
1 160931 6213
1 25486 39237
1 392249 2549
1 55167 18126
1 199308 5017
1 662320 1509
1 920506 1086
1 559368 1787
1 758439 1318
1 278333 3592
1 201089 4972
1 228873 4369
1 765961 1305
1 445399 2245
1 748936 1335
1 101600 9842
1 565502 1768
1 652108 1533
1 672608 1486
1 507851 1969
1 392087 2550
1 646355 1547
1 162950 6136
1 284059 3520
1 460252 2172
1 420154 2380
1 102902 9717
1 573215 1744
1 37589 26603
1 539350 1854
1 872029 1146
1 938155 1065
1 606889 1647
1 685619 1458
1 501088 1995
1 940392 1063
1 61381 16291
1 185705 5384
1 465398 2148
1 144651 6913
1 924897 1081
1 182990 5464
1 167619 5965
1 258333 3870
1 18592 53786
1 382090 2617
1 28053 35646
1 308837 3237
1 727473 1374
1 724664 1379
1 240498 4158
1 422575 2366
1 981780 1018
1 835985 1196
1 265219 3770
1 552262 1810
1 451153 2216
1 173074 5777
1 298010 3355
1 339298 2947
1 327842 3050
1 705708 1417
1 714275 1400
1 728705 1372
1 234447 4265
1 736426 1357
1 985282 1014
1 327357 3054
1 157872 6334
1 666728 1499
1 328570 3043
1 907693 1101
1 68027 14700
1 291439 3431
1 604121 1655
1 840005 1190
1 312806 3196
1 245676 4070
1 951189 1051
1 107966 9262
1 718321 1392
1 473886 2110
1 839507 1191
1 445563 2244
1 113013 8848
1 312291 3202
1 531329 1882
1 38961 25666
1 57349 17437
1 29546 33845
1 210743 4745
1 850269 1176
1 158857 6294
1 465592 2147
1 104668 9554
1 131073 7629
1 351262 2846
1 525481 1903
1 665302 1503
1 292264 3421
1 553294 1807
1 66903 14947
1 879042 1137
1 609970 1639
1 203934 4903
1 675308 1480
1 327330 3055
1 210339 4754
1 11719 85331
1 620306 1612
1 572571 1746
1 730745 1368
1 482547 2072
1 112095 8921
1 168625 5930
1 104488 9570
1 695637 1437
1 770080 1298
1 259681 3850
1 921399 1085
1 466903 2141
1 797414 1254
1 595401 1679
1 401074 2493
1 548083 1824
1 15238 65625
1 440930 2267
1 996043 1003
1 472209 2117
1 874557 1143
1 185325 5395
1 868406 1151
1 322994 3096
1 65107 15359
1 7530 132802
1 566071 1766
1 695344 1438
1 936796 1067
1 357741 2795
1 446587 2239
1 901760 1108
1 872776 1145
1 719057 1390
1 635033 1574
1 78429 12750
1 65615 15240
1 196158 5097
1 277871 3598
1 22938 43595
1 405188 2467
1 378998 2638
1 911314 1097
1 375163 2665
1 545006 1834
1 726710 1376
1 645154 1550
1 782942 1277
1 132364 7554
1 738979 1353
1 189366 5280
1 13025 76775
1 350447 2853
1 690543 1448
1 368029 2717
1 209569 4771
1 89339 11193
1 235957 4238
1 462395 2162
1 8155 122624
1 855177 1169
1 986813 1013
1 160486 6231
1 477735 2093
1 601230 1663
1 349156 2864
1 380004 2631
1 657372 1521
1 789599 1266
1 460479 2171
1 413084 2420
1 745798 1340
1 188084 5316
1 963776 1037
1 810873 1233
1 91012 10987
1 181665 5504
1 789065 1267
1 956056 1045
1 70787 14126
1 264547 3780
1 446747 2238
1 71708 13945
1 286959 3484
1 137957 7248
1 870653 1148
1 146176 6841
1 132099 7570
1 792953 1261
1 890572 1122
1 146869 6808
1 927699 1077
1 24768 40374
1 215165 4647
1 370925 2695
1 326046 3067
1 915256 1092
1 246323 4059
1 760190 1315
1 113956 8775
1 764951 1307
1 24179 41358
1 100503 9949
1 701365 1425
1 776829 1287
1 404322 2473
1 210429 4752
1 842031 1187
1 414392 2413
1 656639 1522
1 101417 9860
1 744040 1344
1 483091 2070
1 651796 1534
1 316337 3161
1 332104 3011
1 156890 6373
1 233781 4277
1 700361 1427
1 130710 7650
1 314525 3179
1 250352 3994
1 722353 1384
1 382128 2616
1 735335 1359
1 723972 1381
1 43563 22955
1 65440 15281
1 410966 2433
1 196757 5082
1 905506 1104
1 716089 1396
1 82415 12133
1 200721 4982
1 535524 1867
1 227483 4395
1 96993 10310
1 120375 8307
1 941939 1061
1 598811 1669
1 284746 3511
1 234814 4258
1 88788 11262
1 756570 1321
1 508016 1968
1 668363 1496
1 990031 1010
1 523081 1911
1 68375 14625
1 879630 1136
1 335289 2982
1 628363 1591
1 410465 2436
1 788095 1268
1 103148 9694
1 261000 3831
1 153690 6506
1 533719 1873
1 8277 120816
1 607939 1644
1 646946 1545
1 257961 3876
1 523669 1909
1 642238 1557
1 856864 1167
1 552062 1811
1 916844 1090
1 471026 2123
1 336675 2970
1 520025 1922
1 556078 1798
1 748330 1336
1 881010 1135
1 737540 1355
1 496770 2013
1 490445 2038
1 442530 2259
1 245742 4069
1 427667 2338
1 371164 2694
1 378697 2640
1 555574 1799
1 596812 1675
1 814906 1227
1 503402 1986
1 573807 1742
1 447649 2233
1 625067 1599
1 973230 1027
1 861305 1161
1 345809 2891
1 799820 1250
1 208162 4803
1 694070 1440
1 319793 3127
1 575965 1736
1 169360 5904
1 369198 2708
1 191053 5234
1 55339 18070
1 147509 6779
1 57330 17442
1 22312 44818
1 665898 1501
1 720277 1388
1 897550 1114
1 314099 3183
1 523507 1910
1 38727 25821
1 329623 3033
1 237458 4211
1 303268 3297
1 185203 5399
1 385331 2595
1 378279 2643
1 390258 2562
1 261209 3828
1 34975 28591
1 92144 10852
1 120739 8282
1 174100 5743
1 470044 2127
1 501837 1992
1 684879 1460
1 513903 1945
1 843427 1185
1 314200 3182
1 27064 36949
1 212810 4699
1 678983 1472
1 301986 3311
1 779565 1282
1 216144 4626
1 362673 2757
1 543441 1840
1 58742 17023
1 459768 2175
1 563443 1774
1 332783 3004
1 570381 1753
1 181871 5498
1 693093 1442
1 379492 2635
1 395067 2531
1 647901 1543
1 224635 4451
1 318224 3142
1 824144 1213
1 492907 2028
1 709295 1409
1 305237 3276
1 795956 1256
1 638222 1566
1 725286 1378
1 182725 5472
1 530447 1885
1 16493 60631
1 596551 1676
1 910738 1098
1 385114 2596
1 509962 1960
1 52003 19229
1 90423 11059
1 88994 11236
1 755607 1323
1 121040 8261
1 631336 1583
1 389354 2568
1 711500 1405
1 983595 1016
1 690940 1447
1 819052 1220
1 574067 1741
1 353837 2826
1 359322 2783
1 463832 2155
1 82663 12097
1 32521 30749
1 636367 1571
1 606509 1648
1 11876 84203
1 81187 12317
1 803044 1245
1 124604 8025
1 449289 2225
1 153178 6528
1 296622 3371
1 611050 1636
1 211065 4737
1 118211 8459
1 611701 1634
1 284899 3510
1 288132 3470
1 288828 3462
1 160053 6247
1 904606 1105
1 375703 2661
1 825229 1211
1 137454 7275
1 216650 4615
1 97392 10267
1 114851 8706
1 806047 1240
1 427915 2336
1 908400 1100
1 52756 18955
1 977027 1023
1 94007 10637
1 108889 9183
1 231813 4313
1 86564 11552
1 511868 1953
1 321615 3109
1 707142 1414
1 515793 1938
1 388998 2570
1 179858 5559
1 262577 3808
1 84854 11784
1 78270 12776
1 69328 14424
1 211158 4735
1 453187 2206
1 486010 2057
1 779334 1283
1 906533 1103
1 963341 1038
1 99376 10062
1 534435 1871
1 333371 2999
1 36951 27062
1 576226 1735
1 92125 10854
1 863463 1158
1 211264 4733
1 473325 2112
1 567251 1762
1 781555 1279
1 547222 1827
1 85690 11669
1 68767 14541
1 380659 2627
1 345545 2893
1 38881 25719
1 512253 1952
1 353043 2832
1 160049 6248
1 125872 7944
1 706591 1415
1 582241 1717
1 567992 1760
1 325721 3070
1 550228 1817
1 749983 1333
1 621134 1609
1 687349 1454
1 101016 9899
1 7013 142592
1 945824 1057
1 526459 1899
1 608433 1643
1 147870 6762
1 424209 2357
1 677895 1475
1 137350 7280
1 55937 17877
1 481916 2075
1 531474 1881
1 686673 1456
1 152841 6542
1 853047 1172
1 57674 17338
1 126735 7890
1 142477 7018
1 112546 8885
1 255950 3907
1 171502 5830
1 266571 3751
1 265814 3762
1 602482 1659
1 345502 2894
1 199698 5007
1 595012 1680
1 21142 47299
1 97657 10239
1 69618 14364
1 909444 1099
1 673341 1485
1 787230 1270
1 502121 1991
1 512416 1951
1 564373 1771
1 54478 18356
1 107712 9284
1 213428 4685
1 763949 1308
1 451576 2214
1 316862 3155
1 762692 1311
1 243355 4109
1 35782 27947
1 272176 3674
1 195990 5102
1 732790 1364
1 435238 2297
1 234913 4256
1 152245 6568
1 222649 4491
1 771890 1295
1 361304 2767
1 104424 9576
1 574552 1740
1 616130 1623
1 443639 2254
1 484262 2064
1 60335 16574
1 861833 1160
1 211918 4718
1 160400 6234
1 942629 1060
1 334697 2987
1 343179 2913
1 83958 11910
1 290560 3441
1 425773 2348
1 219015 4565
1 124323 8043
1 505077 1979
1 579059 1726
1 409280 2443
1 404042 2474
1 69675 14352
1 763688 1309
1 297839 3357
1 430725 2321
1 221258 4519
1 830871 1203
1 388631 2573
1 712726 1403
1 7944 125881
1 68719 14552
1 130643 7654
1 182459 5480
1 3547 281928
1 3253 307408
1 959306 1042
1 610339 1638
1 720755 1387
1 247 4048582
1 254021 3936
1 277548 3602
1 90633 11033
1 563247 1775
1 9973 100270
1 589337 1696
1 306810 3259
1 660099 1514
1 333115 3001
1 251038 3983
1 282499 3539
1 50924 19637
1 260841 3833
1 335416 2981
1 317199 3152
1 465161 2149
1 419513 2383
1 532411 1878
1 241651 4138
1 708208 1412
1 357827 2794
1 373517 2677
1 733294 1363
1 830021 1204
1 187428 5335
1 884602 1130
1 692382 1444
1 79747 12539
1 295387 3385
1 92901 10764
1 793849 1259
1 637805 1567
1 494582 2021
1 386390 2588
1 4115 243013
1 631297 1584
1 37473 26685
1 860019 1162
1 26270 38066
1 279877 3572
1 471851 2119
1 11623 86036
1 49846 20061
1 988063 1012
1 851691 1174
1 265095 3772
1 366946 2725
1 504861 1980
1 101770 9826
1 94259 10609
1 126342 7915
1 834041 1198
1 333703 2996
1 580848 1721
1 390670 2559
1 428264 2335
1 466113 2145
1 42926 23295
1 104599 9560
1 636869 1570
1 812015 1231
1 31727 31518
1 283769 3523
1 255817 3909
1 113601 8802
1 95409 10481
1 94163 10619
1 318971 3135
1 317597 3148
1 780717 1280
1 441666 2264
1 34067 29353
1 407582 2453
1 40045 24971
1 407047 2456
1 413294 2419
1 24624 40610
1 127288 7856
1 257744 3879
1 341869 2925
1 135792 7364
1 413906 2416
1 199268 5018
1 827361 1208
1 294756 3392
1 254097 3935
1 197351 5067
1 708876 1410
1 696623 1435
1 106672 9374
1 28992 34492
1 211570 4726
1 628074 1592
1 46738 21395
1 272586 3668
1 444031 2252
1 635961 1572
1 215797 4633
1 237873 4203
1 475691 2102
1 168319 5941
1 645608 1548
1 552642 1809
1 323886 3087
1 425256 2351
1 59630 16770
1 212256 4711
1 249871 4002
1 202233 4944
1 56308 17759
1 721049 1386
1 32118 31135
1 168879 5921
1 342503 2919
1 508821 1965
1 414518 2412
1 323106 3094
1 125997 7936
1 842749 1186
1 437986 2283
1 388240 2575
1 833778 1199
1 360852 2771
1 378366 2642
1 61808 16179
1 154579 6469
1 146365 6832
1 30542 32741
1 403655 2477
1 295864 3379
1 88594 11287
1 302860 3301
1 99657 10034
1 257032 3890
1 404448 2472
1 968553 1032
1 140312 7126
1 739425 1352
1 382920 2611
1 626926 1595
1 295587 3383
1 527106 1897
1 40960 24414
1 69791 14328
1 381234 2623
1 583714 1713
1 266201 3756
1 155568 6428
1 166713 5998
1 540441 1850
1 364576 2742
1 449992 2222
1 600638 1664
1 961805 1039
1 603110 1658
1 168204 5945
1 626275 1596
1 681331 1467
1 259555 3852
1 43777 22843
1 120979 8265
1 656238 1523
1 180597 5537
1 820253 1219
1 395855 2526
1 666444 1500
1 488989 2045
1 67857 14736
1 876412 1141
1 388493 2574
1 78309 12769
1 309190 3234
1 304018 3289
1 784408 1274
1 149155 6704
1 344839 2899
1 10371 96422
1 256736 3895
1 331541 3016
1 219187 4562
1 482048 2074
1 190195 5257
1 17538 57019
1 76616 13052
1 484127 2065
1 107110 9336
1 29280 34153
1 31699 31546
1 324443 3082
1 320035 3124
1 433439 2307
1 579 1727115
1 192642 5190
1 159593 6265
1 364270 2745
1 248623 4022
1 132904 7524
1 343394 2912
1 547450 1826
1 135692 7369
1 309704 3228
1 107094 9337
1 63304 15796
1 31412 31834
1 423303 2362
1 297888 3356
1 57568 17370
1 79775 12535
1 16597 60251
1 471128 2122
1 18457 54179
1 253663 3942
1 97038 10305
1 164703 6071
1 674958 1481
1 550656 1816
1 293650 3405
1 221028 4524
1 718829 1391
1 247477 4040
1 713147 1402
1 107756 9280
1 425025 2352
1 233425 4284
1 227670 4392
1 268079 3730
1 472392 2116
1 894107 1118
1 194751 5134
1 362727 2756
1 467901 2137
1 191369 5225
1 135832 7362
1 322132 3104
1 562409 1778
1 50463 19816
1 470150 2126
1 288516 3466
1 537312 1861
1 268467 3724
1 172369 5801
1 706192 1416
1 45140 22153
1 18143 55117
1 286309 3492
1 766317 1304
1 117620 8501
1 529336 1889
1 253766 3940
1 161054 6209
1 143349 6975
1 786686 1271
1 452839 2208
1 398762 2507
1 224906 4446
1 85282 11725
1 37333 26785
1 257726 3880
1 338757 2951
1 927386 1078
1 372118 2687
1 84915 11776
1 113513 8809
1 126889 7880
1 869141 1150
1 649737 1539
1 46916 21314
1 171591 5827
1 284602 3513
1 209041 4783
1 273906 3650
1 332653 3006
1 104313 9586
1 340404 2937
1 79170 12631
1 848503 1178
1 437335 2286
1 444791 2248
1 112659 8876
1 156229 6400
1 540647 1849
1 445978 2242
1 663806 1506
1 117373 8519
1 149658 6681
1 344803 2900
1 245290 4076
1 4478 223313
1 330862 3022
1 293709 3404
1 502582 1989
1 27128 36862
1 185017 5404
1 527631 1895
1 172269 5804
1 62112 16099
1 138711 7209
1 131815 7586
1 430122 2324
1 15255 65552
1 485395 2060
1 567688 1761
1 73540 13598
1 320976 3115
1 490144 2040
1 38311 26102
1 292929 3413
1 110448 9054
1 10794 92644
1 77928 12832
1 137265 7285
1 119358 8378
1 328829 3041
1 271922 3677
1 428604 2333
1 326382 3063
1 497254 2011
1 248671 4021
1 53316 18756
1 213740 4678
1 45860 21805
1 139975 7144
1 300786 3324
1 664874 1504
1 359989 2777
1 480573 2080
1 146935 6805
1 395134 2530
1 401842 2488
1 289679 3452
1 108472 9218
1 335947 2976
1 259969 3846
1 89111 11221
1 70019 14281
1 158567 6306
1 415296 2407
1 258056 3875
1 299845 3335
1 7617 131285
1 206746 4836
1 327124 3056
1 859086 1164
1 173503 5763
1 376661 2654
1 63839 15664
1 391867 2551
1 710437 1407
1 230207 4343
1 65859 15183
1 102757 9731
1 322544 3100
1 127496 7843
1 378532 2641
1 627286 1594
1 3345 298953
1 19619 50970
1 94624 10568
1 740074 1351
1 82552 12113
1 127569 7838
1 576683 1734
1 106715 9370
1 49706 20118
1 95258 10497
1 478578 2089
1 150172 6659
1 155241 6441
1 396153 2524
1 181891 5497
1 341245 2930
1 5522 181093
1 490981 2036
1 409681 2440
1 611322 1635
1 102475 9758
1 69808 14325
1 412406 2424
1 243948 4099
1 585410 1708
1 235553 4245
1 395376 2529
1 210924 4741
1 386154 2589
1 147988 6757
1 329434 3035
1 690034 1449
1 100154 9984
1 121391 8237
1 596287 1677
1 521913 1916
1 32468 30799
1 306009 3267
1 177681 5628
1 121030 8262
1 570034 1754
1 186943 5349
1 93328 10714
1 477407 2094
1 82614 12104
1 29544 33847
1 278230 3594
1 284209 3518
1 35479 28185
1 215193 4646
1 801382 1247
1 267492 3738
1 319921 3125
1 313626 3188
1 129486 7722
1 603272 1657
1 163641 6110
1 196376 5092
1 202293 4943
1 782017 1278
1 93822 10658
1 761351 1313
1 199147 5021
1 222756 4489
1 203548 4912
1 4490 222717
1 124738 8016
1 29764 33597
1 104229 9594
1 328979 3039
1 218454 4577
1 306206 3265
1 432948 2309
1 292027 3424
1 696013 1436
1 59445 16822
1 399146 2505
1 74966 13339
1 427265 2340
1 27202 36762
1 13876 72066
1 72532 13787
1 592195 1688
1 21837 45793
1 130857 7641
1 82226 12161
1 208291 4800
1 386950 2584
1 203114 4923
1 158358 6314
1 196226 5096
1 464672 2152
1 97631 10242
1 103271 9683
1 114939 8700
1 396787 2520
1 317558 3149
1 161700 6184
1 509417 1963
1 95415 10480
1 73280 13646
1 381541 2620
1 67326 14853
1 61577 16239
1 18694 53493
1 414951 2409
1 161666 6185
1 676403 1478
1 173150 5775
1 933810 1070
1 422001 2369
1 119232 8387
1 286668 3488
1 214705 4657
1 657939 1519
1 288197 3469
1 139639 7161
1 246642 4054
1 112283 8906
1 669423 1493
1 546173 1830
1 25919 38581
1 351897 2841
1 10069 99314
1 608659 1642
1 182713 5473
1 83709 11946
1 264918 3774
1 42585 23482
1 151477 6601
1 227954 4386
1 86857 11513
1 215597 4638
1 27701 36099
1 224289 4458
1 11344 88152
1 106946 9350
1 47498 21053
1 169125 5912
1 354743 2818
1 191931 5210
1 69880 14310
1 120476 8300
1 106961 9349
1 139230 7182
1 400506 2496
1 452608 2209
1 165362 6047
1 376637 2655
1 24400 40983
1 71568 13972
1 10769 92859
1 295724 3381
1 61489 16263
1 529665 1887
1 20198 49509
1 493330 2027
1 440281 2271
1 358165 2792
1 509019 1964
1 207816 4811
1 510989 1956
1 133313 7501
1 169768 5890
1 140650 7109
1 321131 3113
1 50925 19636
1 14569 68638
1 438726 2279
1 183773 5441
1 469570 2129
1 93987 10639
1 54155 18465
1 374142 2672
1 105004 9523
1 348465 2869
1 220745 4530
1 171364 5835
1 85798 11655
1 464380 2153
1 200760 4981
1 79250 12618
1 18383 54398
1 60823 16441
1 387646 2579
1 174048 5745
1 609389 1640
1 141715 7056
1 316045 3164
1 282790 3536
1 338073 2957
1 461926 2164
1 136769 7311
1 85663 11673
1 457369 2186
1 249169 4013
1 574962 1739
1 107315 9318
1 449002 2227
1 228496 4376
1 242657 4121
1 286428 3491
1 445022 2247
1 126225 7922
1 60418 16551
1 47709 20960
1 87517 11426
1 199535 5011
1 115102 8687
1 590133 1694
1 552908 1808
1 95398 10482
1 533130 1875
1 355242 2814
1 348151 2872
1 418169 2391
1 27526 36329
1 283966 3521
1 347102 2880
1 292575 3417
1 70339 14216
1 182051 5492
1 187482 5333
1 483790 2067
1 432844 2310
1 37597 26597
1 474070 2109
1 412668 2423
1 44787 22327
1 95489 10472
1 306589 3261
1 433 2309468
1 244280 4093
1 374631 2669
1 678490 1473
1 434873 2299
1 859418 1163
1 315225 3172
1 89035 11231
1 109610 9123
1 575307 1738
1 66516 15033
1 438097 2282
1 231945 4311
1 269696 3707
1 160548 6228
1 246708 4053
1 136480 7327
1 161371 6196
1 295182 3387
1 374291 2671
1 731601 1366
1 25241 39618
1 36983 27039
1 136969 7300
1 14510 68917
1 524753 1905
1 231908 4312
1 12592 79415
1 728887 1371
1 129910 7697
1 185145 5401
1 629258 1589
1 90450 11055
1 335622 2979
1 74981 13336
1 364845 2740
1 34632 28875
1 77348 12928
1 325909 3068
1 109221 9155
1 347455 2878
1 558283 1791
1 36520 27382
1 213974 4673
1 216989 4608
1 408958 2445
1 220655 4531
1 499371 2002
1 348906 2866
1 641623 1558
1 48617 20568
1 233961 4274
1 493909 2024
1 762839 1310
1 9136 109457
1 323474 3091
1 24037 41602
1 351092 2848
1 46018 21730
1 3368 296912
1 229954 4348
1 353436 2829
1 423853 2359
1 241540 4140
1 281131 3557
1 194240 5148
1 128981 7753
1 455147 2197
1 229605 4355
1 89864 11127
1 307277 3254
1 463667 2156
1 368498 2713
1 13520 73964
1 79178 12629
1 234509 4264
1 490712 2037
1 157320 6356
1 22654 44142
1 673605 1484
1 72469 13799
1 363390 2751
1 126136 7927
1 143338 6976
1 539705 1852
1 53514 18686
1 346075 2889
1 174344 5735
1 193075 5179
1 15690 63734
1 546779 1828
1 171229 5840
1 253464 3945
1 372944 2681
1 18243 54815
1 165526 6041
1 22482 44480
1 33520 29832
1 239254 4179
1 143705 6958
1 147804 6765
1 304113 3288
1 434294 2302
1 120777 8279
1 76183 13126
1 41143 24305
1 285696 3500
1 407264 2455
1 344342 2904
1 653293 1530
1 218543 4575
1 301565 3316
1 877267 1139
1 466841 2142
1 42606 23470
1 45732 21866
1 198439 5039
1 249404 4009
1 222015 4504
1 127666 7832
1 49785 20086
1 79813 12529
1 354657 2819
1 266396 3753
1 32591 30683
1 618431 1616
1 56658 17649
1 162799 6142
1 634481 1576
1 7690 130039
1 322178 3103
1 45138 22154
1 205917 4856
1 115090 8688
1 300106 3332
1 384980 2597
1 96463 10366
1 118817 8416
1 111183 8994
1 301186 3320
1 382469 2614
1 77322 12932
1438
1 827824 1207
1 420987 2375
1 541478 1846
1 269317 3713
1 159583 6266
1 514806 1942
1 415947 2404
1 78852 12681
1 126798 7886
1 493581 2026
1 140835 7100
1 29356 34064
1 692644 1443
1 970748 1030
1 752431 1329
1 380216 2630
1 350375 2854
1 538371 1857
1 591744 1689
1 403155 2480
1 201057 4973
1 836520 1195
1 620936 1610
1 802548 1246
1 772795 1294
1 57293 17454
1 946307 1056
1 768351 1301
1 948701 1054
1 372350 2685
1 344469 2903
1 255500 3913
1 789953 1265
1 426625 2343
1 995589 1004
1 171933 5816
1 389420 2567
1 291674 3428
1 590347 1693
1 448274 2230
1 391516 2554
1 935949 1068
1 155098 6447
1 855858 1168
1 914423 1093
1 449516 2224
1 815456 1226
1 528737 1891
1 35462 28199
1 349473 2861
1 894520 1117
1 93464 10699
1 982945 1017
1 569633 1755
1 783891 1275
1 268149 3729
1 406413 2460
1 330523 3025
1 492398 2030
1 306160 3266
1 618215 1617
1 515720 1939
1 285803 3498
1 609121 1641
1 197599 5060
1 857238 1166
1 742774 1346
1 954192 1048
1 82721 12088
1 415135 2408
1 719659 1389
1 591113 1691
1 82384 12138
1 105569 9472
1 426031 2347
1 619793 1613
1 289507 3454
1 339897 2942
1 672105 1487
1 1977 505816
1 321680 3108
1 459252 2177
1 290845 3438
1 490265 2039
1 545521 1833
1 132279 7559
1 698018 1432
1 633133 1579
1 836988 1194
1 180656 5535
1 768690 1300
1 464744 2151
1 276910 3611
1 797664 1253
1 799203 1251
1 162353 6159
1 637358 1568
1 487646 2050
1 33713 29662
1 98100 10193
1 52696 18976
1 140387 7123
1 988532 1011
1 853854 1171
1 330593 3024
1 475252 2104
1 624666 1600
1 422943 2364
1 807241 1238
1 221606 4512
1 231683 4316
1 584401 1711
1 85113 11749
1 343679 2909
1 397499 2515
1 377776 2647
1 166437 6008
1 165767 6032
1 601959 1661
1 501492 1994
1 657765 1520
1 382309 2615
1 583772 1712
1 848045 1179
1 818075 1222
1 217068 4606
1 462738 2161
1 906649 1102
1 480418 2081
1 187862 5323
1 61957 16140
1 655449 1525
1 153937 6496
1 347853 2874
1 912381 1096
1 250572 3990
1 691299 1446
1 744894 1342
1 794478 1258
1 817591 1223
1 45582 21938
1 536348 1864
1 814024 1228
1 589807 1695
1 519654 1924
1 369734 2704
1 697284 1434
1 104340 9584
1 653107 1531
1 835101 1197
1 732490 1365
1 220822 4528
1 347504 2877
1 881861 1133
1 357262 2799
1 641108 1559
1 302969 3300
1 110017 9089
1 77423 12916
1 737286 1356
1 262272 3812
1 480069 2083
1 573580 1743
1 87160 11473
1 650172 1538
1 313320 3191
1 649323 1540
1 179103 5583
1 546032 1831
1 273669 3654
1 238556 4191
1 40879 24462
1 86767 11525
1 671323 1489
1 238710 4189
1 771141 1296
1 84638 11815
1 640776 1560
1 168969 5918
1 404581 2471
1 606048 1650
1 930891 1074
1 394818 2532
1 742048 1347
1 550684 1815
1 1956 511247
1 784946 1273
1 663482 1507
1 564934 1770
1 149740 6678
1 691935 1445
1 220191 4541
1 164984 6061
1 701852 1424
1 329249 3037
1 536690 1863
1 74541 13415
1 390785 2558
1 472689 2115
1 557340 1794
1 560244 1784
1 169642 5894
1 972099 1028
1 403863 2476
1 759115 1317
1 288749 3463
1 102793 9728
1 140799 7102
1 871610 1147
1 346392 2886
1 29904 33440
1 33170 30147
1 66933 14940
1 948859 1053
1 384474 2600
1 54157 18464
1 925965 1079
1 333452 2998
1 792103 1262
1 10670 93720
1 338396 2955
1 175839 5687
1 160121 6245
1 698663 1431
1 373220 2679
1 363314 2752
1 967308 1033
1 187553 5331
1 682683 1464
1 773298 1293
1 993491 1006
1 767780 1302
1 408721 2446
1 353697 2827
1 801201 1248
1 549558 1819
1 495394 2018
1 606346 1649
1 985061 1015
1 622538 1606
1 166285 6013
1 390448 2561
1 208645 4792
1 71732 13940
1 730457 1369
1 184377 5423
1 385665 2592
1 54849 18231
1 434175 2303
1 61290 16315
1 222614 4492
1 832589 1201
1 800611 1249
1 7996 125062
1 4068 245821
1 68178 14667
1 169617 5895
1 623577 1603
1 919330 1087
1 203628 4910
1 586356 1705
1 506238 1975
1 974544 1026
1 327652 3052
1 231254 4324
1 738271 1354
1 256870 3893
1 476599 2098
1 76846 13013
1 310821 3217
1 142055 7039
1 774020 1291
1 885997 1128
1 364318 2744
1 454464 2200
1 365163 2738
1 684285 1461
1 235870 4239
1 94861 10541
1 331188 3019
1 391775 2552
1 954995 1047
1 658437 1518
1 977821 1022
1 245183 4078
1 854491 1170
1 458900 2179
1 241984 4132
1 145643 6866
1 225877 4427
1 219426 4557
1 395925 2525
1 367755 2719
1 630586 1585
1 311728 3207
1 184115 5431
1 559870 1786
1 680612 1469
1 437762 2284
1 94186 10617
1 554254 1804
1 158404 6312
1 892086 1120
1 209609 4770
1 502917 1988
1 391201 2556
1 852481 1173
1 240967 4149
1 309078 3235
1 14041 71219
1 81218 12312
1 896407 1115
1 815855 1225
1 607275 1646
1 521371 1918
1 613464 1630
1 889937 1123
1 352600 2836
1 236838 4222
1 437102 2287
1 614169 1628
1 128295 7794
1 841465 1188
1 6464 154702
1 223242 4479
1 485651 2059
1 368757 2711
1 809043 1236
1 197844 5054
1 430058 2325
1 152494 6557
1 998981 1001
1 716811 1395
1 461554 2166
1 63532 15740
1 75101 13315
1 307436 3252
1 932350 1072
1 108950 9178
1 966845 1034
1 791039 1264
1 132641 7539
1 208264 4801
1 416372 2401
1 813606 1229
1 676034 1479
1 184459 5421
1 728248 1373
1 598375 1671
1 275447 3630
1 190899 5238
1 359184 2784
1 481213 2078
1 293256 3409
1 315345 3171
1 429186 2329
1 384738 2599
1 94559 10575
1 15916 62829
1 887611 1126
1 304407 3285
1 292502 3418
1 619394 1614
1 14096 70942
1 451314 2215
1 568598 1758
1 639347 1564
1 544876 1835
1 844641 1183
1 754314 1325
1 8403 119005
1 702277 1423
1 40467 24711
1 563891 1773
1 370534 2698
1 12410 80580
1 659392 1516
1 412044 2426
1 426129 2346
1 63486 15751
1 75523 13240
1 838817 1192
1 252405 3961
1 884981 1129
1 744489 1343
1 267045 3744
1 377868 2646
1 453592 2204
1 451851 2213
1 187395 5336
1 640033 1562
1 561289 1781
1 176396 5669
1 534031 1872
1 176530 5664
1 867900 1152
1 189636 5273
1 791710 1263
1 701251 1426
1 338638 2953
1 290337 3444
1 136080 7348
1 139869 7149
1 342238 2921
1 828553 1206
1 194432 5143
1 463027 2159
1 350980 2849
1 805460 1241
1 254237 3933
1 310963 3215
1 230966 4329
1 474684 2106
1 370821 2696
1 468017 2136
1 486314 2056
1 19382 51594
1 674618 1482
1 148270 6744
1 749540 1334
1 175571 5695
1 61465 16269
1 944769 1058
1 499592 2001
1 6665 150037
1 118694 8425
1 388825 2571
1 243871 4100
1 275134 3634
1 370006 2702
1 644231 1552
1 154597 6468
1 887207 1127
1 114903 8702
1 434425 2301
1 535303 1868
1 71528 13980
1 378929 2639
1 370242 2700
1 122423 8168
1 736151 1358
1 806877 1239
1 578841 1727
1 36550 27359
1 488689 2046
1 139170 7185
1 543703 1839
1 379913 2632
1 147845 6763
1 99546 10045
1 586579 1704
1 217568 4596
1 397099 2518
1 81271 12304
1 453437 2205
1 845442 1182
1 41824 23909
1 207331 4823
1 831358 1202
1 928596 1076
1 425693 2349
1 678371 1474
1 832723 1200
1 564228 1772
1 684961 1459
1 496128 2015
1 980184 1020
1 271380 3684
1 4866 205507
1 180265 5547
1 753871 1326
1 204469 4890
1 241186 4146
1 476968 2096
1 371982 2688
1 735125 1360
1 115345 8669
1 355894 2809
1 846952 1180
1 978773 1021
1 79818 12528
1 499163 2003
1 183282 5456
1 148009 6756
1 522327 1914
1 545597 1832
1 397413 2516
1 209756 4767
1 375371 2664
1 925291 1080
1 694594 1439
1 335557 2980
1 86255 11593
1 638896 1565
1 703781 1420
1 542212 1844
1 687024 1455
1 396222 2523
1 980733 1019
1 922482 1084
1 156806 6377
1 688192 1453
1 628804 1590
1 971568 1029
1 313508 3189
1 381047 2624
1 741795 1348
1 10245 97608
1 594271 1682
1 901619 1109
1 280527 3564
1 75068 13321
1 484654 2063
1 601390 1662
1 323943 3086
1 134203 7451
1 387503 2580
1 21022 47569
1 345727 2892
1 162096 6169
1 864339 1156
1 13342 74951
1 33711 29663
1 867068 1153
1 539463 1853
1 445208 2246
1 64695 15457
1 750587 1332
1 364747 2741
1 116463 8586
1 121483 8231
1 446131 2241
1 41288 24220
1 61260 16323
1 221837 4507
1 820611 1218
1 439273 2276
1 336885 2968
1 308117 3245
1 765290 1306
1 139200 7183
1 933304 1071
1 44288 22579
1 383745 2605
1 454832 2198
1 512772 1950
1 307192 3255
1 62460 16010
1 392540 2547
1 346908 2882
1 862481 1159
1 159102 6285
1 476105 2100
1 621856 1608
1 283157 3531
1 206208 4849
1 26168 38214
1 548277 1823
1 456796 2189
1 957048 1044
1 572361 1747
1 229130 4364
1 18040 55432
1 145294 6882
1 2602 384319
1 251394 3977
1 510224 1959
1 220429 4536
1 248197 4029
1 3679 271812
1 587596 1701
1 334455 2989
1 355119 2815
1 253530 3944
1 147273 6790
1 809405 1235
1 888792 1125
1 439716 2274
1 435423 2296
1 419049 2386
1 156712 6381
1 292091 3423
1 681030 1468
1 753209 1327
1 261450 3824
1 448163 2231
1 297578 3360
1 662073 1510
1 456446 2190
1 903275 1107
1 322793 3097
1 36329 27526
1 112678 8874
1 803697 1244
1 660534 1513
1 299517 3338
1 665754 1502
1 24700 40485
1 745206 1341
1 289801 3450
1 401449 2490
1 399288 2504
1 992047 1008
1 126155 7926
1 599236 1668
1 433465 2306
1 630434 1586
1 785970 1272
1 107445 9307
1 156179 6402
1 78122 12800
1 190114 5260
1 164123 6092
1 717617 1393
1 338227 2956
1 881189 1134
1 510817 1957
1 536016 1865
1 157389 6353
1 478122 2091
1 161813 6179
1 283001 3533
1 939494 1064
1 362188 2760
1 699754 1429
1 650803 1536
1 452107 2211
1 271720 3680
1 83606 11960
1 898832 1112
1 522971 1912
1 204368 4893
1 168903 5920
1 239795 4170
1 629723 1587
1 515145 1941
1 903467 1106
1 447262 2235
1 114882 8704
1 778445 1284
1 474583 2107
1 356288 2806
1 593606 1684
1 192472 5195
1 498379 2006
1 29697 33673
1 281046 3558
1 338646 2952
1 589083 1697
1 55048 18165
1 124612 8024
1 175158 5709
1 222695 4490
1 549401 1820
1 328027 3048
1 565865 1767
1 81592 12256
1 645329 1549
1 508132 1967
1 345168 2897
1 575547 1737
1 181606 5506
1 659003 1517
1 579720 1724
1 10386 96283
1 286856 3486
1 463334 2158
1 824516 1212
1 456927 2188
1 553846 1805
1 65391 15292
1 115191 8681
1 506509 1974
1 281584 3551
1 314442 3180
1 567093 1763
1 147916 6760
1 4651 215007
1 115472 8660
1 308603 3240
1 654999 1526
1 580370 1723
1 2943 339789
1 591537 1690
1 468382 2135
1 258253 3872
1 858017 1165
1 35072 28512
1 136687 7315
1 560163 1785
1 71035 14077
1 467618 2138
1 343077 2914
1 943475 1059
1 95850 10432
1 362111 2761
1 21555 46392
1 43454 23012
1 61741 16196
1 272450 3670
1 746437 1339
1 435023 2298
1 743232 1345
1 129549 7719
1 2744 364431
1 208761 4790
1 388759 2572
1 294139 3399
1 639498 1563
1 670588 1491
1 202629 4935
1 360192 2776
1 311507 3210
1 539076 1855
1 662960 1508
1 306899 3258
1 45763 21851
1 65101 15360
1 303688 3292
1 314658 3178
1 670963 1490
1 965615 1035
1 57939 17259
1 796719 1255
1 372700 2683
1 249282 4011
1 549141 1821
1 133620 7483
1 506608 1973
1 65961 15160
1 59290 16866
1 449649 2223
1 370382 2699
1 98007 10203
1 188868 5294
1 118190 8460
1 498573 2005
1 401164 2492
1 712124 1404
1 82602 12106
1 605539 1651
1 204278 4895
1 240149 4164
1 947862 1055
1 577773 1730
1 218514 4576
1 408246 2449
1 556608 1796
1 875074 1142
1 40747 24541
1 400942 2494
1 19877 50309
1 353594 2828
1 389190 2569
1 252910 3953
1 44238 22605
1 421383 2373
1 183398 5452
1 773417 1292
1 8056 124131
1 355468 2813
1 256511 3898
1 339212 2948
1 287109 3482
1 441176 2266
1 224239 4459
1 46405 21549
1 300124 3331
1 290652 3440
1 235475 4246
1 686028 1457
1 51799 19305
1 177151 5644
1 121352 8240
1 733774 1362
1 766959 1303
1 941609 1062
1 526863 1898
1 152532 6556
1 432368 2312
1 711225 1406
1 145191 6887
1 54815 18243
1 557838 1792
1 627567 1593
1 27992 35724
1 569385 1756
1 572743 1745
1 215539 4639
1 62369 16033
1 155403 6434
1 752882 1328
1 4644 215331
1 780336 1281
1 91115 10975
1 265426 3767
1 316807 3156
1 426386 2345
1 895922 1116
1 367862 2718
1 150319 6652
1 42309 23635
1 530867 1883
1 709975 1408
1 293964 3401
1 71647 13957
1 183733 5442
1 18229 54857
1 186747 5354
1 759873 1316
1 119281 8383
1 370155 2701
1 509697 1961
1 166494 6006
1 333104 3002
1 190231 5256
1 134192 7452
1 150902 6626
1 417392 2395
1 237386 4212
1 149719 6679
1 581762 1718
1 204534 4889
1 223381 4476
1 290067 3447
1 935391 1069
1 485788 2058
1 654226 1528
1 893294 1119
1 144765 6907
1 568383 1759
1 343534 2910
1 624490 1601
1 394219 2536
1 112602 8880
1 29793 33564
1 9645 103680
1 950558 1052
1 586878 1703
1 272698 3667
1 622818 1605
1 501609 1993
1 460631 2170
1 423371 2361
1 326760 3060
1 154759 6461
1 517405 1932
1 290111 3446
1 450630 2219
1 614368 1627
1 467287 2140
1 149104 6706
1 699969 1428
1 647590 1544
1 198260 5043
1 359039 2785
1 98659 10135
1 592753 1687
1 543097 1841
1 137115 7293
1 532899 1876
1 468402 2134
1 294301 3397
1 312173 3203
1 1897 527148
1 94889 10538
1 560835 1783
1 209668 4769
1 121992 8197
1 374867 2667
1 489498 2042
1 489729 2041
1 556203 1797
1 640359 1561
1 20466 48861
1 865972 1154
1 613626 1629
1 650420 1537
1 9849 101533
1 161169 6204
1 423094 2363
1 224060 4463
1 394325 2535
1 822084 1216
1 492236 2031
1 313965 3185
1 331971 3012
1 844145 1184
1 672019 1488
1 870020 1149
1 201955 4951
1 654485 1527
1 14008 71387
1 424975 2353
1 29658 33717
1 86908 11506
1 474372 2108
1 403500 2478
1 461765 2165
1 233696 4279
1 369346 2707
1 602282 1660
1 395675 2527
1 524349 1907
1 98623 10139
1 436231 2292
1 214899 4653
1 776214 1288
1 36786 27184
1 140079 7138
1 16827 59428
1 176100 5678
1 519010 1926
1 364157 2746
1 194651 5137
1 76696 13038
1 261347 3826
1 912522 1095
1 224462 4455
1 132500 7547
1 27560 36284
1 128186 7801
1 54824 18240
1 123528 8095
1 513154 1948
1 170620 5860
1 623291 1604
1 100646 9935
1 483102 2069
1 134449 7437
1 441822 2263
1 393219 2543
1 667134 1498
1 516756 1935
1 600581 1665
1 354038 2824
1 20259 49360
1 458142 2182
1 83594 11962
1 230438 4339
1 79602 12562
1 397208 2517
1 30878 32385
1 299417 3339
1 186102 5373
1 193490 5168
1 297088 3366
1 516099 1937
1 531709 1880
1 461203 2168
1 89708 11147
1 385995 2590
1 442817 2258
1 143770 6955
1 398997 2506
1 451050 2217
1 235572 4244
1 438423 2280
1 646541 1546
1 57413 17417
1 205487 4866
1 66882 14951
1 488147 2048
1 258838 3863
1 72951 13707
1 487935 2049
1 369593 2705
1 394663 2533
1 990406 1009
1 262403 3810
1 157524 6348
1 891956 1121
1 605159 1652
1 48550 20597
1 708603 1411
1 261767 3820
1 229044 4365
1 900623 1110
1 597187 1674
1 262475 3809
1 225345 4437
1 50815 19679
1 28569 35002
1 84098 11890
1 206289 4847
1 213332 4687
1 6230 160513
1 409491 2442
1 361411 2766
1 52891 18906
1 704921 1418
1 961278 1040
1 355709 2811
1 521547 1917
1 300582 3326
1 34663 28849
1 60672 16482
1 482639 2071
1 147711 6769
1 804172 1243
1 172854 5785
1 442245 2261
1 348663 2868
1 255603 3912
1 487265 2052
1 717245 1394
1 411139 2432
1 161028 6210
1 412784 2422
1 603835 1656
1 286233 3493
1 400049 2499
1 258432 3869
1 26763 37365
1 31877 31370
1 150547 6642
1 119576 8362
1 551570 1813
1 38852 25738
1 359832 2779
1 290194 3445
1 102813 9726
1 496299 2014
1 320791 3117
1 69972 14291
1 240265 4162
1 80166 12474
1 7234 138236
1 456381 2191
1 259506 3853
1 163411 6119
1 497294 2010
1 337640 2961
1 44473 22485
1 176482 5666
1 224974 4444
1 505797 1977
1 62871 15905
1 518203 1929
1 105743 9456
1 411641 2429
1 121162 8253
1 577376 1731
1 251979 3968
1 141591 7062
1 146318 6834
1 21389 46753
1 88746 11268
1 368602 2712
1 317962 3145
1 674112 1483
1 238948 4185
1 425453 2350
1 463430 2157
1 436545 2290
1 321446 3110
1 823352 1214
1 35268 28354
1 876615 1140
1 538159 1858
1 217430 4599
1 473246 2113
1 100434 9956
1 117812 8488
1 76461 13078
1 38766 25795
1 594686 1681
1 193796 5160
1 426963 2342
1 423712 2360
1 4858 205846
1 23885 41867
1 129620 7714
1 323062 3095
1 240055 4165
1 466208 2144
1 923862 1082
1 294688 3393
1 121809 8209
1 110748 9029
1 298345 3351
1 357079 2800
1 293018 3412
1 262204 3813
1 571185 1750
1 561074 1782
1 261852 3818
1 234101 4271
1 23837 41951
1 598792 1670
1 111931 8934
1 112697 8873
1 212455 4706
1 242448 4124
1 94740 10555
1 186135 5372
1 751221 1331
1 206514 4842
1 129642 7713
1 500753 1996
1 249923 4001
1 2056 486381
1 270854 3692
1 48905 20447
1 457129 2187
1 263482 3795
1 71088 14067
1 69111 14469
1 464176 2154
1 217363 4600
1 201314 4967
1 52640 18996
1 472030 2118
1 401722 2489
1 397752 2514
1 93536 10691
1 298987 3344
1 225979 4425
1 648630 1541
1 510641 1958
1 160566 6227
1 367099 2724
1 597375 1673
1 227057 4404
1 83759 11939
1 335711 2978
1 122033 8194
1 117113 8538
1 149288 6698
1 233316 4286
1 272855 3664
1 625395 1598
1 816934 1224
1 992482 1007
1 374700 2668
1 51692 19345
1 289567 3453
1 235816 4240
1 144631 6914
1 72148 13860
1 8084 123701
1 96008 10415
1 169897 5885
1 327499 3053
1 219668 4552
1 278766 3587
1 24794 40332
1 83088 12035
1 128063 7808
1 200938 4976
1 89980 11113
1 726767 1375
1 204866 4881
1 158760 6298
1 433097 2308
1 121677 8218
1 126753 7889
1 40462 24714
1 236925 4220
1 52977 18876
1 334941 2985
1 679773 1471
1 585037 1709
1 632686 1580
1 161219 6202
1 77167 12958
1 184962 5406
1 321860 3106
1 350179 2855
1 795056 1257
1 721915 1385
1 518458 1928
1 217527 4597
1 578313 1729
1 515435 1940
1 448510 2229
1 28250 35398
1 239036 4183
1 223770 4468
1 629455 1588
1 103621 9650
1 289295 3456
1 723415 1382
1 57643 17348
1 492844 2029
1 249758 4003
1 77902 12836
1 43117 23192
1 250895 3985
1 198620 5034
1 247460 4041
1 538701 1856
1 255209 3918
1 481499 2076
1 98185 10184
1 470418 2125
1 205134 4874
1 496882 2012
1 281670 3550
1 122946 8133
1 6195 161420
1 93273 10721
1 135607 7374
1 282259 3542
1 193257 5174
1 66809 14968
1 517125 1933
1 32408 30856
1 204118 4899
1 387276 2582
1 172997 5780
1 29036 34440
1 98508 10151
1 48219 20738
1 335050 2984
1 347778 2875
1 643839 1553
1 65168 15344
1 206842 4834
1 227218 4401
1 38196 26180
1 109802 9107
1 82742 12085
1 769535 1299
1 48228 20734
1 320319 3121
1 33884 29512
1 266684 3749
1 615670 1624
1 213823 4676
1 37331 26787
1 24784 40348
1 281929 3546
1 203616 4911
1 494140 2023
1 427014 2341
1 594122 1683
1 154801 6459
1 367242 2723
1 223131 4481
1 291368 3432
1 47068 21245
1 276293 3619
1 198677 5033
1 432216 2313
1 435556 2295
1 50660 19739
1 103215 9688
1 898281 1113
1 134972 7408
1 350768 2850
1 92521 10808
1 154715 6463
1 432055 2314
1 55963 17868
1 245444 4074
1 459044 2178
1 317742 3147
1 196539 5088
1 316606 3158
1 39255 25474
1 157605 6344
1 177196 5643
1 177145 5645
1 429800 2326
1 133747 7476
1 12393 80690
1 519382 1925
1 423986 2358
1 92188 10847
1 88527 11295
1 34409 29062
1 100263 9973
1 396512 2521
1 514212 1944
1 292798 3415
1 225150 4441
1 413579 2417
1 22828 43805
1 42693 23423
1 604485 1654
1 282917 3534
1 340112 2940
1 283074 3532
1 20278 49314
1 999186 1000
1 760475 1314
1 61148 16353
1 71878 13912
1 270705 3694
1 238244 4197
1 101941 9809
1 75959 13164
1 44599 22422
1 278923 3585
1 62392 16027
1 202547 4937
1 366718 2726
1 379302 2636
1 714602 1399
1 302446 3306
1 101307 9870
1 500121 1999
1 39769 25145
1 642364 1556
1 227556 4394
1 154170 6486
1 693926 1441
1 215734 4635
1 402934 2481
1 318675 3137
1 132552 7544
1 178645 5597
1 158974 6290
1 185406 5393
1 84055 11896
1 244501 4089
1 683725 1462
1 746955 1338
1 121372 8239
1 178773 5593
1 110404 9057
1 245826 4067
1 13864 72129
1 151766 6589
1 112289 8905
1 339556 2945
1 377 2652519
1 175363 5702
1 38264 26134
1 280791 3561
1 551635 1812
1 76583 13057
1 826640 1209
1 173369 5768
1 757559 1320
1 289994 3448
1 228961 4367
1 201644 4959
1 42801 23363
1 257580 3882
1 269034 3717
1 106313 9406
1 32406 30858
1 40872 24466
1 83287 12006
1 587251 1702
1 65138 15352
1 17753 56328
1 676886 1477
1 417188 2397
1 210182 4757
1 619 1615508
1 160865 6216
1 95244 10499
1 119408 8374
1 55059 18162
1 254772 3925
1 366156 2731
1 375034 2666
1 554377 1803
1 6345 157604
1 344002 2906
1 124502 8031
1 436787 2289
1 231342 4322
1 356608 2804
1 209134 4781
1 366368 2729
1 436364 2291
1 400161 2498
1 351550 2844
1 581532 1719
1 583367 1714
1 257272 3886
1 130079 7687
1 198386 5040
1 321390 3111
1 724230 1380
1 78416 12752
1 402565 2484
1 579415 1725
1 182949 5466
1 200902 4977
1 174091 5744
1 88349 11318
1 60798 16447
1 229827 4351
1 61440 16276
1 130794 7645
1 182874 5468
1 282424 3540
1 260902 3832
1 29347 34075
1 530701 1884
1 184823 5410
1 197559 5061
1 595912 1678
1 246387 4058
1 249653 4005
1 267712 3735
1 446954 2237
1 296829 3368
1 777936 1285
1 699089 1430
1 116738 8566
1 392655 2546
1 177047 5648
1 69955 14294
1 688496 1452
1 514485 1943
1 829506 1205
1 370648 2697
1 72601 13773
1 221901 4506
1 111191 8993
1 399492 2503
1 305345 3274
1 42119 23742
1 485109 2061
1 181842 5499
1 6683 149633
1 205236 4872
1 40309 24808
1 212053 4715
1 329363 3036
1 343444 2911
1 65339 15304
1 38817 25761
1 17052 58644
1 132468 7548
1 67969 14712
1 197960 5051
1 89322 11195
1 202366 4941
1 349703 2859
1 38316 26098
1 214347 4665
