756
42 2117 2126
40 3074 3296
47 1987 2052
48 3792 3819
41 4078 4252
49 4558 4679
48 4014 4206
40 4781 5030
45 2116 2216
49 4092 4328
50 2436 2638
50 4522 4891
46 219 228
47 4158 4235
50 2256 2448
50 4452 4571
49 367 401
43 1157 1161
43 2719 2927
49 4458 4755
50 4632 4685
47 2749 2812
43 3378 3637
46 4047 4426
43 3837 4071
42 4020 4114
50 3159 3255
49 2620 2874
42 3226 3547
48 72 73
45 4432 4807
45 1089 1121
47 3318 3576
43 2682 2833
50 3000 3202
48 4266 4390
40 1242 1251
45 3177 3466
44 3368 3399
43 26 26
46 486 491
48 488 532
43 2409 2601
40 4549 4923
42 2575 2760
44 2042 2198
49 4345 4368
50 4641 4881
42 4879 5036
45 1895 2011
49 1772 1857
44 3899 3921
48 1566 1714
50 3982 4305
42 3190 3381
43 2533 2574
42 3099 3129
44 1995 2042
40 2301 2521
43 4931 5236
47 2376 2422
49 248 256
50 1572 1673
50 2654 2796
50 3500 3674
43 3666 3817
41 513 531
47 3954 4339
43 1908 1962
46 3829 4065
43 374 374
44 3104 3327
48 4227 4330
43 1106 1125
44 4803 5267
40 2951 3206
47 1432 1513
41 2558 2639
42 2793 3055
44 2692 2807
50 896 943
40 2848 3098
43 2966 3061
44 3694 3900
44 2419 2502
49 4579 4695
41 4994 5251
48 4391 4796
47 1642 1764
47 4766 5241
43 2987 3241
44 4224 4318
42 1121 1202
46 996 1094
42 1980 2005
46 24 25
50 3881 4123
42 33 35
45 718 724
43 2190 2248
47 2661 2906
42 1143 1210
48 340 372
49 3535 3573
41 3634 3714
49 4510 4730
46 766 790
45 4485 4753
48 3562 3733
45 2107 2292
48 1960 2090
42 4870 5135
41 3946 4190
41 4887 5012
48 1799 1938
46 1018 1114
49 4059 4217
50 243 265
46 2962 3240
45 1036 1110
40 4496 4520
48 4516 4922
46 4578 4857
42 2460 2635
43 335 344
44 806 874
44 2144 2303
40 4201 4229
40 3103 3211
40 1672 1814
48 969 1021
43 4018 4091
40 4572 4690
48 2270 2375
49 3010 3025
49 1737 1833
45 2064 2252
48 4832 4908
50 4377 4666
48 4387 4512
43 2330 2516
44 3983 4287
47 1714 1860
45 1973 2032
43 139 140
42 4963 5245
44 946 997
43 2939 3009
45 3475 3710
47 2546 2656
49 3895 4029
47 650 669
44 3641 3970
42 297 324
43 4981 5306
47 1510 1532
50 576 584
46 3422 3757
43 3662 3875
46 4688 5044
48 757 808
43 1289 1321
50 2164 2197
48 3374 3487
43 1550 1619
45 3889 4182
44 2099 2186
42 2076 2165
50 4306 4505
46 3550 3801
44 964 1022
48 3846 3908
41 622 683
47 3161 3184
49 1002 1057
49 1618 1712
47 4665 4810
49 194 196
44 3910 4130
41 4226 4266
45 3997 4255
44 615 628
45 3106 3288
45 1119 1124
46 4068 4382
45 2433 2545
48 225 225
43 2206 2360
45 1524 1530
49 645 692
40 1063 1074
43 4330 4422
50 2581 2682
40 4281 4386
46 931 952
43 4664 5087
45 1553 1586
41 774 805
45 3389 3529
45 960 1043
47 4322 4405
45 496 524
40 3498 3656
49 3619 3708
49 1506 1553
46 4332 4425
50 4030 4378
40 4120 4279
50 3294 3334
44 454 459
44 399 413
46 2415 2470
49 1213 1300
48 3573 3792
41 3574 3884
42 4136 4153
42 4218 4440
45 3237 3493
45 2953 3156
49 2872 3115
40 2720 2919
44 3394 3461
50 4337 4689
40 1821 1966
44 4443 4469
43 3838 3885
41 2294 2463
41 1859 1898
48 3683 3774
47 2976 3102
49 3707 4059
41 3799 3946
44 588 604
46 2745 2820
45 1091 1155
41 962 1008
40 2925 3054
42 214 215
47 3264 3430
47 2930 3042
48 2744 2769
48 573 605
45 4250 4645
49 1132 1185
50 133 143
43 2618 2798
50 3230 3418
43 3243 3261
42 2508 2745
46 2995 3209
42 3238 3539
49 1940 2132
42 3321 3455
50 1221 1326
48 1372 1376
50 3928 4250
46 3333 3625
47 1507 1642
50 275 299
44 3228 3490
44 1257 1323
45 2988 3174
41 2974 3105
49 4480 4495
46 4173 4446
47 3388 3394
50 4471 4793
42 842 860
42 2622 2872
46 4249 4301
45 259 272
48 812 843
42 2698 2905
46 1965 2023
41 4767 5164
48 1193 1208
43 2360 2461
41 771 815
47 934 965
47 3123 3369
50 3210 3306
41 4777 5176
47 1229 1302
47 38 40
50 2748 3000
45 1270 1305
40 2577 2577
49 2798 2842
47 477 500
40 1308 1328
45 2261 2410
42 1626 1690
47 1169 1193
46 3687 3886
40 45 47
47 2697 2729
43 1878 1998
47 3622 3865
44 1926 2018
49 3186 3459
46 1473 1478
42 3361 3488
43 4191 4457
50 2587 2607
50 4925 5212
41 342 353
49 1388 1467
49 2566 2716
42 1433 1566
40 919 939
43 1820 1894
45 1249 1309
44 4858 5072
43 3501 3768
49 778 787
40 1613 1693
43 725 767
44 1655 1774
46 1801 1948
44 3491 3498
43 2454 2562
46 2450 2625
41 4958 5320
47 3156 3207
42 3403 3548
40 697 717
46 293 308
47 67 69
50 2245 2453
40 3111 3151
42 1631 1650
44 1307 1430
50 4924 5403
42 402 434
42 3089 3126
42 1454 1593
41 2553 2715
46 220 237
45 4187 4377
49 591 599
43 3650 3712
42 1721 1742
43 4914 5162
41 2801 2902
44 233 234
49 3821 4089
45 1087 1137
49 2584 2767
49 4613 5057
48 3173 3468
42 1450 1571
45 4623 4912
49 1856 1885
47 4268 4651
46 3480 3499
46 3693 3806
50 2765 2781
43 51 52
50 1603 1688
42 1758 1817
42 3153 3176
50 3877 3948
46 1130 1183
49 2790 2831
45 1683 1705
41 294 321
41 3436 3578
47 2238 2458
48 1784 1904
47 1171 1226
41 1435 1461
47 821 827
41 1237 1241
42 4810 5224
45 727 773
42 682 689
41 1583 1592
47 2735 2851
41 56 58
50 4124 4331
49 1984 2034
44 4424 4838
49 1343 1473
46 3458 3671
44 4527 4942
43 2054 2102
44 2903 2967
44 4657 4743
45 509 548
43 4971 5079
50 4354 4458
40 2572 2603
46 2344 2497
42 303 320
46 3231 3396
46 2640 2891
48 3797 3815
45 2886 3113
43 2418 2596
41 3995 4243
46 2141 2250
47 1578 1647
41 1521 1636
45 1686 1761
40 696 740
44 4517 4574
47 859 914
44 1039 1089
46 4968 5440
44 2364 2473
50 2338 2524
50 1081 1105
43 1597 1708
43 998 1026
44 2892 3116
45 299 316
50 1839 1874
43 876 961
45 1515 1570
40 2451 2592
43 2370 2445
48 4102 4117
43 4297 4370
42 28 28
43 4090 4460
46 1156 1258
40 3079 3167
47 2142 2169
41 3938 4312
40 198 212
47 37 37
47 4507 4663
47 3100 3231
41 4811 4900
50 4708 5167
45 3406 3528
41 3064 3339
40 544 551
42 3979 4199
45 756 757
42 1711 1804
45 1224 1283
46 1589 1669
44 1437 1543
43 4587 4926
43 261 276
45 86 91
45 1639 1699
40 1427 1434
43 1080 1177
50 1857 2006
40 2106 2294
50 2947 3230
41 603 632
46 3616 3960
45 557 564
43 1144 1151
47 4427 4450
43 2751 2889
50 4852 5313
48 1097 1200
49 1636 1658
43 4640 4875
50 4898 5248
46 827 900
50 1669 1701
46 4257 4333
46 4036 4300
41 4111 4306
40 3503 3640
49 3817 3836
48 4842 4951
45 3283 3549
43 145 150
49 531 554
44 1660 1684
46 466 488
44 688 706
48 1680 1727
40 680 728
42 2559 2750
41 2389 2450
50 3299 3577
49 1833 1834
48 2253 2310
45 3348 3513
43 4907 4997
40 4602 4829
44 4975 5456
45 539 571
40 2031 2205
44 296 309
46 4837 5084
43 3131 3234
49 2213 2357
50 2770 2961
49 2666 2839
50 144 152
40 1670 1782
46 3931 4019
44 2354 2542
50 2159 2230
42 4651 4766
45 2474 2679
50 4946 5258
46 542 568
47 4499 4676
43 3070 3322
42 397 422
48 4474 4732
42 4389 4656
47 2021 2143
49 376 407
49 733 747
49 1043 1066
50 2380 2405
40 2873 2993
44 2956 3065
41 464 470
44 321 331
46 2131 2234
44 3128 3348
47 4783 5202
48 4826 5211
40 2680 2712
42 1847 2024
47 1869 1897
48 3390 3628
42 994 1082
49 2922 3012
40 3785 3988
48 2118 2212
45 2493 2711
46 2686 2803
43 2018 2078
50 738 780
49 4154 4391
44 595 597
40 153 163
42 2667 2677
49 3555 3602
45 4643 5058
45 759 811
47 232 238
44 3839 3984
50 823 853
41 2673 2922
41 1855 1935
45 2969 3256
45 4521 4649
43 1125 1164
45 1743 1908
46 2323 2433
41 913 980
48 2309 2489
43 3052 3198
45 614 656
41 62 62
46 4239 4270
44 1357 1415
43 2838 2937
45 436 441
43 1997 2027
50 763 765
48 3965 4263
46 4052 4053
40 1986 2140
43 1112 1117
49 3138 3324
44 4904 5259
48 3215 3456
47 2464 2549
40 387 389
46 3450 3527
48 88 88
50 4138 4259
50 57 60
43 190 191
44 988 1077
49 903 904
41 1645 1775
49 3377 3413
48 871 937
45 39 39
49 3863 3895
47 2499 2610
45 1376 1441
44 808 857
41 180 180
43 3807 4166
48 1114 1222
42 3115 3193
49 161 167
40 2058 2104
40 2458 2604
43 447 476
49 556 594
48 334 339
42 1593 1607
40 1020 1068
41 3529 3533
42 1837 1979
42 2484 2515
46 4328 4641
46 2859 2995
42 4075 4444
48 4241 4498
40 4569 4648
48 4072 4169
41 1078 1159
45 474 507
50 185 189
50 4137 4140
46 3223 3232
45 1059 1160
44 865 891
45 295 313
49 306 330
46 2486 2561
47 2240 2399
41 4446 4522
48 1305 1365
45 990 992
40 171 181
49 4667 4888
50 4311 4724
48 2325 2449
40 2259 2302
48 3008 3154
43 2363 2369
49 1930 2002
40 4100 4311
48 1424 1540
49 3222 3393
40 4459 4788
41 1055 1090
45 167 176
45 4757 4858
47 4959 5269
43 4003 4394
46 4449 4551
41 3656 3679
49 4875 5184
44 4294 4710
46 1093 1188
50 2642 2761
47 362 386
49 92 97
48 4360 4762
50 1084 1142
40 4903 5111
41 2706 2907
49 2684 2688
41 3469 3721
49 3289 3604
42 4829 4988
46 3154 3328
50 3906 4083
40 4 4
41 483 487
42 4679 4790
41 1444 1446
41 320 347
49 1377 1466
41 2035 2046
46 3724 4073
40 3692 3985
44 4166 4553
42 775 823
45 1922 1950
43 3127 3227
45 612 658
40 2528 2693
44 3537 3582
47 963 982
48 443 462
46 840 922
50 1139 1204
48 1345 1472
46 2513 2667
44 514 543
44 3826 4054
43 4745 5075
43 809 819
50 4288 4618
43 12 12
40 4770 4893
49 2122 2281
47 2768 2998
48 4573 4883
42 4274 4367
42 658 674
45 877 889
50 442 457
48 3306 3385
50 3044 3099
46 287 302
50 1552 1596
44 1570 1577
50 2255 2333
47 3467 3511
42 958 967
50 4291 4356
46 2366 2426
48 801 872
47 1915 2030
42 4954 5147
47 1282 1403
47 3559 3843
45 1838 1988
46 245 258
47 1204 1274
44 1410 1481
41 587 619
46 4566 4739
43 3835 3872
44 2326 2451
49 3822 4109
44 3381 3481
50 4553 4935
42 1868 1870
46 3432 3636
46 84 85
45 2970 3250
40 211 227
44 1687 1785
50 902 948
47 1885 1918
44 4528 4587
42 4793 4825
40 1034 1098
46 3470 3696
50 117 125
44 2216 2409
42 861 936
46 2740 2854
46 3714 4016
43 231 246
41 444 453
48 2413 2613
45 3410 3571
47 1549 1657
42 3285 3358
46 3698 3782
41 3037 3289
50 2170 2359
45 1595 1692
50 4425 4627
46 3583 3610
42 2776 2883
44 3493 3753
46 2048 2220
42 4940 5424
49 973 989
49 2477 2480
41 3612 3632
1174
44 742 793
45 2978 2982
42 165 171
49 2815 3030
43 789 789
47 1646 1666
43 3902 4162
43 1448 1536
43 2279 2423
48 1793 1940
49 4037 4246
50 1803 1846
44 2727 2804
40 1422 1497
42 843 863
45 102 106
44 2777 3032
40 4760 5209
46 1594 1743
46 2205 2238
49 3367 3402
43 1865 1868
42 2466 2645
50 2069 2148
49 2416 2608
46 2766 2869
49 4791 5112
42 1102 1178
48 3055 3127
47 170 185
45 1000 1017
48 3865 3927
41 4386 4429
45 740 750
41 4546 4872
40 3879 4223
41 3499 3703
43 1350 1428
47 4097 4494
41 3362 3615
40 1129 1237
43 3077 3228
46 4735 5157
49 601 608
48 1704 1851
43 3201 3482
41 1731 1762
42 2537 2653
48 567 591
45 1285 1381
45 2299 2419
44 1791 1841
41 4161 4483
49 2195 2346
41 2505 2717
50 2694 2897
47 2134 2185
41 1199 1234
44 2629 2847
48 4789 4819
47 4086 4138
50 1430 1439
43 1614 1638
42 1876 2062
41 2829 3079
42 2104 2166
43 2013 2063
47 3415 3521
44 721 726
49 660 672
41 2020 2082
49 2715 2924
44 3912 4144
41 4669 4748
43 3676 3917
44 832 892
46 3167 3467
46 1496 1520
40 4270 4561
41 128 134
40 3748 3952
42 2851 3096
47 686 700
44 2971 3045
42 2907 2989
44 533 550
47 520 552
49 2337 2391
43 3276 3601
42 4850 5270
47 3325 3360
47 1152 1244
50 373 405
46 2601 2623
49 3720 3928
42 2339 2414
43 4646 4855
48 1103 1162
40 2343 2548
47 1957 2149
48 2856 3097
43 4762 5041
47 4140 4224
40 4429 4713
49 1628 1631
42 2802 3059
45 4135 4451
43 4761 4836
50 1822 1931
40 978 1033
40 3845 3851
40 238 255
43 3319 3449
45 3956 4106
48 4722 4864
45 2562 2726
44 17 17
48 3219 3464
40 3176 3379
41 4404 4662
48 1184 1212
43 3329 3594
47 3300 3591
45 91 95
46 349 360
43 1684 1809
44 4583 4856
46 4685 4770
48 1658 1771
41 1141 1211
49 3571 3901
47 1281 1291
50 1425 1457
46 4176 4437
44 3678 3961
41 4659 4945
48 3336 3516
47 4765 4946
47 3975 4247
45 624 645
47 1604 1639
49 327 357
48 2194 2315
45 2619 2713
44 2355 2393
46 209 214
48 873 881
41 1742 1887
49 4164 4304
46 2739 2948
50 3514 3732
48 2335 2555
50 2085 2285
46 1104 1140
50 525 535
50 4681 4776
40 3121 3229
43 2889 3094
50 3628 3876
40 4315 4615
41 4608 4779
49 4926 5260
41 2864 3123
44 1685 1716
42 4754 4993
43 2263 2367
50 4117 4119
49 3014 3155
45 3113 3378
42 2184 2308
49 1850 1867
48 3507 3706
47 1185 1187
43 4348 4509
42 2000 2015
40 2087 2289
42 1559 1564
47 3700 3925
45 1682 1702
43 938 946
50 3876 4027
46 1279 1349
43 2935 3046
49 2151 2341
43 283 310
50 2417 2650
50 1351 1424
46 729 764
48 3534 3762
43 4869 5011
46 1966 2008
41 3543 3754
40 3511 3788
44 1173 1242
40 4497 4854
47 4715 5043
46 2853 2860
41 2877 3064
49 4202 4531
40 4290 4525
43 2267 2435
43 3288 3550
45 2123 2298
46 1630 1763
46 2663 2913
48 3240 3514
47 1333 1388
41 249 266
41 14 14
46 412 417
42 1695 1737
44 794 799
42 4666 5115
42 4193 4453
42 2634 2689
48 4932 4981
43 3068 3284
45 1067 1136
42 2371 2481
44 3317 3478
44 4150 4186
46 2473 2654
44 2512 2575
49 377 380
41 3565 3828
50 4410 4424
42 116 120
41 3579 3722
50 3274 3485
47 4588 4789
44 4827 4968
42 2718 2978
41 2469 2527
41 3637 3763
50 1272 1277
43 120 130
45 2737 2821
45 2741 2829
41 3509 3538
43 2453 2498
42 1661 1766
47 1293 1387
49 4889 5190
45 947 985
42 1165 1181
41 3448 3542
43 802 826
46 4710 4833
43 1367 1404
48 1026 1050
42 3914 4020
49 465 472
43 2132 2244
48 878 926
41 596 601
40 4233 4539
43 4289 4607
42 1400 1502
46 1707 1777
49 1591 1648
50 2300 2318
41 4921 4995
50 2996 3100
44 1939 2029
48 3125 3134
45 3657 4021
43 1739 1848
41 3463 3541
45 1361 1483
47 1453 1527
50 1364 1480
50 2564 2752
48 4141 4519
48 2421 2641
42 1431 1560
50 546 562
42 1938 2100
50 2662 2794
43 318 335
41 1919 2071
40 2548 2634
48 744 753
49 2078 2079
43 3709 3785
47 1567 1569
43 4246 4408
42 1154 1261
47 136 147
46 4642 4667
49 1904 1987
45 817 888
43 536 560
50 1332 1408
46 3580 3592
46 4794 4895
45 2284 2385
46 3253 3280
46 4563 4617
41 2760 2816
49 4483 4718
42 4195 4276
41 1955 1975
46 1861 2039
42 1326 1399
43 286 287
40 2879 2977
40 2374 2598
45 4542 4844
50 2497 2593
48 3972 4196
48 4594 4878
43 3449 3789
47 574 592
47 4589 4986
42 95 102
42 1587 1715
47 4519 4661
48 2276 2326
40 3486 3822
43 609 667
46 608 662
42 4877 5028
43 4055 4267
48 49 51
41 4978 5379
43 142 146
43 3003 3162
41 1362 1375
47 663 668
43 181 194
40 2507 2599
45 3796 3965
42 4970 5392
40 1592 1629
46 3405 3535
50 4720 5163
43 3526 3760
42 2934 3004
43 677 739
46 3894 4038
50 706 736
43 3211 3371
49 3885 4238
47 1671 1781
40 1558 1649
44 2286 2343
46 2133 2237
47 1470 1555
41 640 678
48 1012 1053
50 3841 4097
43 1295 1358
42 2166 2266
50 611 616
40 4649 4919
40 2900 2915
47 3031 3058
46 2400 2578
40 3937 4320
43 2126 2195
47 2556 2691
50 63 65
45 4792 5105
48 2250 2329
46 1449 1563
42 2006 2096
44 3062 3073
46 2209 2290
49 2536 2565
49 760 776
44 1033 1128
40 3824 3975
41 4126 4481
47 1708 1796
50 4369 4544
40 2576 2734
50 4261 4583
40 3141 3260
45 4325 4477
44 1148 1260
46 3918 4146
50 1808 1923
49 3193 3446
43 1278 1307
40 2957 3196
46 411 447
47 3790 4100
49 3561 3574
43 2865 2964
46 4584 4652
45 2867 3093
41 4836 5037
42 1858 1884
44 3765 3906
44 1733 1746
50 4868 4983
43 257 264
48 955 966
40 4155 4239
49 857 893
49 426 454
45 909 933
47 1884 1965
45 2471 2487
40 4742 4834
49 4633 4769
48 4088 4319
49 1577 1685
40 1389 1413
45 4168 4275
40 4934 5061
41 1734 1828
47 2235 2235
48 1779 1839
48 720 771
47 1625 1718
40 400 400
47 1096 1171
48 2271 2412
49 4555 4852
48 235 244
41 4537 4631
50 4902 4965
50 2004 2192
41 4917 5046
45 1492 1500
42 3541 3551
42 4884 5203
40 482 502
47 3926 3987
41 1174 1271
44 8 8
42 435 468
42 241 253
43 4402 4808
41 150 161
47 3207 3268
42 309 327
42 1654 1741
48 4305 4674
45 3992 4385
46 1797 1812
41 3996 4297
42 385 399
41 1095 1191
48 4570 4611
44 954 959
42 4336 4716
49 2172 2224
48 1512 1587
48 4264 4683
46 2297 2418
45 404 433
46 3360 3678
49 767 788
48 341 367
40 216 218
46 851 920
42 4142 4142
47 2207 2262
45 500 529
47 4258 4475
45 4262 4517
49 665 688
49 3814 4181
46 1836 1925
46 1238 1249
42 1518 1538
48 487 511
44 3259 3343
44 4501 4575
48 4181 4249
46 4395 4397
49 2521 2522
49 2321 2348
49 792 798
46 4586 5009
42 941 979
46 1632 1694
41 4163 4264
50 66 66
49 835 897
41 3854 4194
50 3120 3336
45 4152 4533
50 2926 3007
46 4216 4338
43 670 733
50 4635 4863
43 2475 2543
50 1383 1445
48 3434 3776
43 4167 4257
40 632 637
47 633 634
46 3393 3609
45 710 751
45 3183 3311
43 1133 1147
47 4392 4438
49 815 882
41 527 527
40 734 777
45 3484 3645
49 3263 3316
43 3925 4150
50 3986 4218
49 3492 3638
41 569 613
48 613 643
43 311 336
42 807 848
45 2092 2202
47 267 270
49 1484 1518
45 3516 3783
49 4535 4984
46 130 132
50 674 687
46 64 64
43 917 942
43 519 528
42 2229 2394
50 4342 4630
41 1334 1450
43 1499 1511
40 4846 4998
43 3506 3791
40 4699 4907
41 1846 1863
42 4363 4704
45 2455 2665
40 3852 4171
41 1735 1856
47 1800 1876
49 3060 3081
42 1369 1494
45 3017 3302
48 625 629
44 81 87
49 4599 4761
49 29 29
45 2792 2838
46 2230 2299
42 1481 1584
48 1085 1135
42 1395 1400
42 4367 4578
42 1490 1524
41 957 1024
42 1691 1793
49 1786 1822
42 4593 4959
45 4114 4506
41 2165 2267
49 1324 1427
43 3778 4087
42 1247 1247
41 3923 4018
40 271 282
45 1841 1914
49 784 834
42 754 775
50 1874 2055
50 4481 4827
41 4973 5375
49 2699 2834
41 1123 1205
41 1788 1865
41 4714 4760
50 1200 1224
49 3401 3596
41 2878 2969
42 58 59
41 3721 3765
43 7 7
43 3667 3971
45 4451 4701
48 4596 4848
50 3801 4031
50 779 781
45 1423 1516
44 3648 3677
43 1944 2131
47 4148 4295
50 2923 3068
40 3893 4233
40 2580 2757
47 3028 3133
44 1564 1614
47 666 703
40 866 906
47 1210 1282
45 4756 4835
41 210 226
43 891 924
45 2515 2637
42 3462 3532
49 206 206
49 3818 4055
45 2174 2383
41 237 245
49 1175 1201
44 3888 4080
40 3545 3866
43 898 932
43 1911 2022
49 3260 3564
47 1483 1605
46 2442 2680
45 4831 5271
46 4816 4859
50 2916 2939
44 2775 2795
46 4950 5310
48 4606 4837
45 419 449
48 3109 3287
43 892 976
48 2384 2503
44 4894 4901
43 708 774
41 2834 2894
42 4848 5321
41 2702 2772
44 2959 3214
42 2616 2822
48 4867 4927
46 2377 2444
47 2949 3053
46 4684 4941
40 110 112
42 2961 3014
49 1056 1095
42 383 398
43 2257 2335
46 1889 1990
47 890 941
46 4749 4918
46 2897 2950
50 1286 1411
48 1062 1152
45 3677 4028
44 914 947
46 1452 1528
49 4445 4609
47 4107 4261
42 4048 4152
49 450 469
50 1176 1209
48 3909 3941
45 4157 4455
41 2522 2671
41 2315 2437
43 192 205
45 1650 1653
40 4514 4643
42 4324 4628
43 822 877
49 354 373
41 2291 2447
47 3726 3882
47 4890 4890
45 1989 2170
49 1464 1509
44 2525 2756
43 11 11
50 761 784
47 887 902
47 1405 1406
48 1983 2044
46 837 839
43 2674 2731
41 4928 5225
45 4428 4550
44 1826 1836
43 577 600
41 4060 4272
48 2030 2178
49 75 78
44 105 108
48 841 879
45 255 274
42 2356 2455
40 762 782
48 2701 2818
46 4231 4566
41 2695 2896
41 863 864
48 2080 2152
40 4080 4340
48 2941 3060
43 2733 2823
43 3262 3570
41 3040 3298
43 4529 4547
50 3460 3567
49 2281 2483
40 1893 1967
50 961 990
49 3587 3915
41 1718 1872
40 434 467
48 4044 4084
41 4929 5284
50 4525 4876
46 499 542
47 711 756
44 1673 1720
47 2570 2815
45 3178 3205
48 4724 4936
45 709 725
42 3252 3458
50 1502 1562
41 1647 1807
45 2304 2351
49 2310 2372
45 1371 1499
44 1320 1390
44 2509 2742
41 2980 3271
43 2353 2420
50 2412 2499
43 2155 2286
48 4343 4373
45 4329 4602
47 2994 3039
50 2200 2345
42 4341 4508
44 2187 2365
41 4460 4468
48 4384 4480
43 2373 2505
47 1304 1344
48 2538 2747
46 671 710
46 1277 1364
48 490 534
49 4204 4281
43 1072 1154
41 1964 2054
47 4346 4590
41 2258 2413
50 3688 4025
40 1047 1119
45 3515 3689
43 1736 1772
50 459 461
43 1667 1803
41 570 587
43 554 570
45 3417 3447
49 4807 5195
42 1756 1838
43 3323 3559
41 2989 3027
48 3777 4040
45 3025 3239
49 3536 3673
50 1390 1402
43 338 338
48 240 240
45 1648 1723
45 3783 3968
45 2156 2301
40 4183 4185
42 2732 2870
45 2782 2963
44 991 1030
45 4847 4961
47 1612 1681
46 1753 1757
43 1368 1416
49 1579 1604
42 3548 3808
48 3302 3391
49 4662 5020
41 3058 3341
47 114 121
43 4564 4603
44 551 593
40 1090 1118
42 2447 2622
49 129 139
48 652 670
40 3488 3693
49 1459 1531
44 1124 1148
40 2138 2273
43 4479 4775
47 1232 1285
41 1901 2016
49 177 184
49 2365 2512
42 290 291
50 152 165
46 2743 2770
43 3392 3505
46 4691 4715
48 3096 3277
49 2293 2362
40 4980 5082
40 1665 1735
41 3850 3979
43 3999 4061
46 1222 1294
48 2794 3047
49 78 81
43 4271 4431
48 2044 2174
46 3659 3964
48 4538 4917
40 4353 4554
49 2220 2321
40 1678 1824
40 298 315
41 2498 2579
41 2858 2865
43 2598 2766
50 4293 4502
43 705 732
45 4462 4511
47 3689 3748
49 2295 2465
50 2636 2727
40 1159 1269
43 1637 1798
45 986 1056
44 2880 3091
49 3296 3380
44 4518 4964
40 2929 2991
46 4893 5133
49 2324 2352
49 4316 4659
47 1638 1677
47 3490 3730
45 1191 1298
47 3023 3200
41 3066 3141
43 159 169
47 1764 1859
48 4024 4313
47 3595 3919
43 4786 4811
41 3326 3650
48 1239 1246
46 1979 2139
41 4212 4379
46 4919 4921
48 935 935
42 2602 2609
50 4350 4365
41 1335 1355
45 3189 3238
44 2837 2955
49 3081 3266
47 1621 1672
47 1149 1158
43 1309 1405
48 3013 3221
48 1240 1262
50 3754 4013
47 3171 3320
40 3944 4063
46 215 216
45 3414 3471
47 1028 1116
46 34 34
40 664 681
49 3402 3666
47 2757 2892
43 1732 1901
42 324 345
40 1529 1537
40 1945 2028
44 745 779
49 2114 2163
40 308 328
50 375 376
49 1153 1170
48 2266 2416
48 3896 3974
43 939 981
47 638 657
46 695 742
50 2342 2443
47 43 46
40 175 190
40 1905 2050
47 449 464
50 776 829
48 1280 1393
40 503 514
47 4029 4102
40 3773 3905
48 516 538
46 1816 1960
48 4381 4682
48 1828 1905
44 3870 4180
41 4421 4445
47 2034 2061
43 384 406
42 691 704
44 1385 1438
43 1498 1628
47 2202 2330
48 264 279
41 4347 4606
42 692 695
44 160 172
46 3504 3517
40 408 428
49 4551 4826
40 4340 4486
40 2874 2914
44 2186 2331
41 982 1025
50 4741 4784
50 3643 3662
41 970 1029
44 4207 4456
40 1759 1896
42 4802 5027
50 4370 4780
48 2051 2059
42 4285 4398
49 948 964
41 4287 4344
45 1365 1420
46 968 998
41 2036 2146
46 4035 4156
44 438 463
41 2691 2956
46 2656 2819
41 597 627
47 3442 3756
47 4023 4347
49 4955 5303
40 627 679
46 3517 3581
43 4610 4938
40 2722 2753
44 1765 1888
49 830 870
46 4817 4824
50 3566 3622
42 1273 1303
46 2472 2648
47 4296 4337
47 1726 1801
45 4277 4504
50 657 702
40 4198 4616
48 2177 2191
41 2637 2649
42 656 707
43 2750 2776
46 351 369
46 4121 4389
49 2227 2260
47 3387 3613
48 4772 5068
47 3911 4015
47 649 675
45 4670 5006
43 4279 4599
40 2340 2550
47 3129 3179
41 731 731
44 2033 2051
47 2621 2856
50 4841 5090
41 36 36
44 1016 1084
49 2322 2496
48 893 971
48 491 537
47 2555 2773
45 350 350
46 2787 2999
40 820 880
43 4530 4728
41 4403 4564
49 1586 1686
48 4292 4555
49 3485 3554
47 641 698
48 3184 3201
46 1516 1547
46 1244 1257
47 4131 4433
46 2771 3021
49 2590 2780
46 5 5
44 4838 5289
45 4759 5069
50 2738 2768
48 1170 1275
44 4845 5205
44 646 705
50 3816 3957
46 2074 2164
47 4799 4950
40 4936 5330
48 1306 1371
40 2108 2208
41 915 975
49 1640 1660
44 675 697
50 4585 4914
49 1331 1460
41 2399 2566
47 1082 1144
41 1050 1054
42 2943 3010
44 1641 1760
48 3629 3816
42 4995 5064
43 199 203
45 3617 3821
49 592 598
47 2822 2996
44 3322 3377
40 3621 3977
41 3598 3855
49 852 934
50 995 1058
40 1488 1501
41 4366 4586
43 2111 2187
41 462 486
40 4190 4514
43 1849 1909
40 2368 2591
45 1713 1840
47 3257 3366
40 924 969
40 2407 2411
47 4275 4479
45 3875 3887
49 4043 4352
44 2027 2217
49 1877 1920
48 945 963
48 1705 1818
43 1163 1278
47 1533 1680
43 3769 4006
43 4273 4496
42 3320 3590
47 246 269
40 3699 3758
40 1544 1597
50 3140 3263
46 1698 1800
49 3247 3264
44 4051 4436
41 2234 2275
47 2158 2229
46 3110 3388
43 1563 1585
43 3314 3616
48 1914 1932
44 4909 5159
43 2015 2184
48 4982 5088
44 189 197
42 582 635
44 470 494
48 1585 1589
47 566 611
42 1514 1598
40 4815 5282
45 4511 4647
40 1455 1458
49 2542 2793
47 3781 3891
49 558 582
47 2040 2225
44 2502 2595
42 1557 1709
42 4906 4967
40 1860 2041
41 2778 2884
44 6 6
49 1571 1601
47 2565 2642
48 2101 2239
50 3774 3951
47 980 1040
46 4001 4298
50 1790 1810
47 1969 2056
49 1339 1436
42 1897 1903
48 1929 2064
41 4361 4671
41 138 138
44 1741 1900
48 4805 5276
45 4609 4672
40 3466 3780
47 2011 2116
44 1187 1296
47 534 561
43 401 409
49 4878 5316
49 2568 2621
44 1709 1861
50 1635 1722
43 4423 4731
47 694 746
44 1998 2153
50 3602 3728
40 3370 3444
48 74 74
48 3280 3291
47 1834 1976
48 1663 1725
40 4859 4956
46 3663 3698
40 4595 4751
47 4326 4669
50 2153 2201
42 1418 1426
40 1975 2026
40 2467 2576
44 1569 1613
42 1044 1097
47 905 986
47 4199 4371
44 959 1016
49 71 72
49 992 1046
50 4559 4920
40 2481 2501
43 208 209
46 1230 1288
40 1867 1875
47 103 105
48 3840 4115
40 4985 5285
49 2641 2828
47 899 903
49 1292 1353
48 3105 3252
47 3483 3593
46 3359 3442
42 1703 1808
43 4752 5097
43 987 1038
46 358 375
50 3446 3470
49 1386 1444
48 2331 2378
42 3762 3877
41 2462 2695
43 2482 2658
46 2758 2787
47 3525 3781
41 20 21
46 3827 4125
44 4498 4687
43 4175 4581
40 2189 2297
40 418 427
46 4861 5145
41 1150 1213
46 3198 3236
44 2070 2188
