503
47 2078 4318084
46 296 87616
49 793 628849
40 4125 17015625
49 1880 3534400
43 3131 9803161
49 186 34596
40 404 163216
47 4686 21958596
50 3915 15327225
43 4776 22810176
49 2592 6718464
45 2941 8649481
42 1917 3674889
45 1229 1510441
50 4489 20151121
48 596 355216
45 1811 3279721
48 4004 16032016
43 4211 17732521
46 4453 19829209
47 4333 18774889
46 1453 2111209
49 521 271441
40 4744 22505536
45 2859 8173881
41 3821 14600041
50 3130 9796900
44 2587 6692569
49 3182 10125124
40 528 278784
46 2353 5536609
43 4429 19616041
41 62 3844
47 2012 4048144
41 39 1521
50 47 2209
41 3899 15202201
40 1215 1476225
42 4303 18515809
50 429 184041
46 2893 8369449
45 3340 11155600
40 2426 5885476
48 1448 2096704
49 1257 1580049
47 85 7225
42 3944 15555136
45 4191 17564481
46 3383 11444689
50 392 153664
47 494 244036
41 4440 19713600
44 4433 19651489
47 4367 19070689
48 3410 11628100
46 171 29241
46 4114 16924996
44 2384 5683456
50 2176 4734976
47 1982 3928324
41 2565 6579225
48 3004 9024016
49 4967 24671089
46 1005 1010025
49 2402 5769604
48 376 141376
43 3379 11417641
44 3119 9728161
48 4485 20115225
49 3603 12981609
48 1177 1385329
45 2468 6091024
46 2770 7672900
43 4759 22648081
50 3197 10220809
41 4245 18020025
50 4585 21022225
43 833 693889
46 2525 6375625
43 4249 18054001
45 815 664225
50 4765 22705225
43 27 729
42 2387 5697769
49 1636 2676496
50 2783 7745089
49 4813 23164969
46 285 81225
43 4528 20502784
48 3580 12816400
40 1887 3560769
48 843 710649
45 3633 13198689
40 4561 20802721
42 4254 18096516
40 365 133225
47 1726 2979076
48 2760 7617600
50 663 439569
49 1484 2202256
46 3113 9690769
43 3983 15864289
47 1303 1697809
45 138 19044
43 167 27889
50 2233 4986289
46 420 176400
42 2026 4104676
45 2814 7918596
43 1482 2196324
47 1133 1283689
40 2125 4515625
44 470 220900
45 955 912025
46 2803 7856809
47 4277 18292729
48 3418 11682724
49 1094 1196836
49 2667 7112889
48 877 769129
47 4466 19945156
41 2834 8031556
43 298 88804
47 3916 15335056
45 2729 7447441
49 2742 7518564
48 2453 6017209
41 2956 8737936
48 3243 10517049
50 2897 8392609
45 4932 24324624
46 236 55696
44 2054 4218916
45 654 427716
41 2060 4243600
50 25 625
47 787 619369
48 4850 23522500
44 1922 3694084
49 2510 6300100
40 3879 15046641
48 1969 3876961
44 3726 13883076
42 4276 18284176
45 2583 6671889
49 2938 8631844
40 3564 12702096
45 944 891136
50 1932 3732624
46 1108 1227664
40 618 381924
48 1228 1507984
47 1479 2187441
45 320 102400
41 4992 24920064
50 3151 9928801
48 1408 1982464
43 2817 7935489
46 3651 13329801
44 34 1156
47 3894 15163236
46 4094 16760836
42 1296 1679616
48 2205 4862025
44 3920 15366400
47 1105 1221025
49 524 274576
44 672 451584
45 2918 8514724
41 3950 15602500
48 4972 24720784
40 571 326041
48 4449 19793601
42 28 784
47 4534 20557156
45 4461 19900521
45 2839 8059921
44 2022 4088484
46 726 527076
48 3730 13912900
50 1630 2656900
49 11 121
48 2786 7761796
48 328 107584
45 2678 7171684
40 355 126025
45 4950 24502500
49 3144 9884736
49 2645 6996025
50 1161 1347921
42 3875 15015625
45 2355 5546025
45 1964 3857296
44 4208 17707264
50 510 260100
40 1626 2643876
47 4409 19439281
50 3296 10863616
49 3481 12117361
45 2887 8334769
42 1275 1625625
45 2085 4347225
48 505 255025
48 4937 24373969
48 4387 19245769
49 26 676
40 2735 7480225
44 3964 15713296
45 423 178929
49 1127 1270129
50 1063 1129969
48 775 600625
42 4238 17960644
43 1416 2005056
49 2594 6728836
44 2871 8242641
44 1787 3193369
50 4018 16144324
48 3630 13176900
45 852 725904
40 2912 8479744
49 3943 15547249
46 544 295936
43 2747 7546009
44 2198 4831204
46 1961 3845521
47 3392 11505664
42 4775 22800625
48 931 866761
48 486 236196
48 2249 5058001
43 4308 18558864
49 83 6889
45 2320 5382400
41 506 256036
45 4368 19079424
48 3439 11826721
43 3333 11108889
47 1089 1185921
44 3873 15000129
48 961 923521
48 399 159201
44 1100 1210000
41 3936 15492096
44 1600 2560000
47 502 252004
40 2744 7529536
43 2108 4443664
41 3957 15657849
50 2608 6801664
49 763 582169
49 2851 8128201
42 2087 4355569
43 1355 1836025
47 2950 8702500
42 4059 16475481
45 154 23716
47 2902 8421604
45 4350 18922500
49 159 25281
41 2029 4116841
50 1889 3568321
47 619 383161
45 1088 1183744
44 1381 1907161
46 705 497025
46 398 158404
49 4651 21631801
44 2990 8940100
41 2619 6859161
41 3592 12902464
40 4660 21715600
48 2090 4368100
48 3053 9320809
43 3837 14722569
49 2473 6115729
47 4664 21752896
48 498 248004
41 2575 6630625
49 1780 3168400
42 985 970225
46 219 47961
40 1153 1329409
43 3074 9449476
46 3010 9060100
48 4298 18472804
42 2842 8076964
40 708 501264
41 4275 18275625
48 3457 11950849
47 3705 13727025
45 4447 19775809
43 1426 2033476
43 519 269361
42 2357 5555449
45 2872 8248384
45 3570 12744900
50 2693 7252249
44 3027 9162729
47 1439 2070721
42 5 25
47 2806 7873636
42 676 456976
40 1189 1413721
48 1607 2582449
48 2966 8797156
42 3321 11029041
47 3886 15100996
48 4696 22052416
43 563 316969
48 3013 9078169
50 2291 5248681
49 1329 1766241
48 3961 15689521
47 2349 5517801
44 3980 15840400
45 4546 20666116
42 743 552049
49 269 72361
44 3857 14876449
43 50 2500
41 592 350464
40 4668 21790224
49 1073 1151329
46 1262 1592644
48 481 231361
47 302 91204
40 2264 5125696
47 3294 10850436
47 2474 6120676
43 1903 3621409
49 1672 2795584
43 4042 16337764
49 4970 24700900
47 3934 15476356
43 4500 20250000
45 308 94864
47 2330 5428900
49 554 306916
42 307 94249
43 339 114921
40 1719 2954961
46 306 93636
43 2571 6610041
44 745 555025
41 4400 19360000
42 2547 6487209
41 2095 4389025
47 3625 13140625
42 4488 20142144
50 3140 9859600
48 637 405769
50 141 19881
42 80 6400
48 4681 21911761
50 1399 1957201
48 4246 18028516
49 2414 5827396
40 401 160801
44 1074 1153476
46 3104 9634816
49 1044 1089936
48 3083 9504889
49 238 56644
49 930 864900
41 1043 1087849
43 2209 4879681
46 4557 20766249
48 325 105625
42 3406 11600836
48 2994 8964036
46 1772 3139984
43 107 11449
43 2530 6400900
42 1071 1147041
49 344 118336
48 1796 3225616
41 2741 7513081
50 1587 2518569
45 1760 3097600
45 4739 22458121
49 4057 16459249
50 33 1089
43 1226 1503076
50 3429 11758041
50 615 378225
45 1158 1340964
43 188 35344
46 3998 15984004
48 3228 10419984
41 6 36
47 1710 2924100
44 2942 8655364
48 2364 5588496
50 3979 15832441
40 1052 1106704
47 4366 19061956
44 3025 9150625
45 543 294849
42 3029 9174841
44 4569 20875761
46 4339 18826921
47 957 915849
50 4182 17489124
50 177 31329
47 1813 3286969
44 1230 1512900
43 4156 17272336
50 3639 13242321
49 4 16
43 2372 5626384
48 4599 21150801
47 479 229441
46 3084 9511056
46 798 636804
49 3776 14258176
46 873 762129
49 1012 1024144
47 1665 2772225
41 801 641601
49 2107 4439449
44 4065 16524225
48 1056 1115136
40 4547 20675209
48 1747 3052009
42 3516 12362256
50 1708 2917264
44 2957 8743849
48 653 426409
43 1176 1382976
47 2953 8720209
43 3674 13498276
49 1869 3493161
45 2699 7284601
44 4768 22733824
41 165 27225
40 1046 1094116
50 256 65536
46 926 857476
45 1953 3814209
44 190 36100
45 3956 15649936
41 4951 24512401
48 4179 17464041
47 503 253009
43 1365 1863225
50 1829 3345241
44 1460 2131600
46 2894 8375236
41 4322 18679684
43 2031 4124961
48 1639 2686321
50 1417 2007889
42 4040 16321600
43 3091 9554281
41 1337 1787569
48 613 375769
46 2104 4426816
47 1890 3572100
44 4289 18395521
40 3781 14295961
47 361 130321
42 710 504100
45 3352 11235904
45 4525 20475625
40 352 123904
48 1116 1245456
44 2053 4214809
42 2128 4528384
42 335 112225
48 3972 15776784
46 3563 12694969
50 440 193600
41 1757 3087049
43 2229 4968441
45 2415 5832225
47 721 519841
48 2483 6165289
50 1993 3972049
49 1939 3759721
48 3811 14523721
48 4075 16605625
50 4746 22524516
47 4814 23174596
41 3788 14348944
41 1570 2464900
42 3016 9096256
46 3363 11309769
50 229 52441
42 31 961
50 3081 9492561
48 2100 4410000
40 4630 21436900
44 289 83521
42 1656 2742336
48 2562 6563844
40 465 216225
44 1288 1658944
46 3095 9579025
50 3148 9909904
47 1000 1000000
45 3719 13830961
519
44 2824 7974976
41 987 974169
42 1478 2184484
44 4317 18636489
41 4583 21003889
41 4806 23097636
41 947 896809
49 3852 14837904
46 1798 3232804
47 3581 12823561
49 835 697225
48 4356 18974736
43 2644 6990736
45 748 559504
50 2431 5909761
43 216 46656
47 375 140625
48 3371 11363641
50 1744 3041536
49 3155 9954025
47 1057 1117249
48 1520 2310400
49 936 876096
46 284 80656
48 2548 6492304
49 2795 7812025
49 2293 5257849
49 1307 1708249
43 3351 11229201
46 3701 13697401
48 2017 4068289
48 2350 5522500
45 4469 19971961
50 500 250000
43 4953 24532209
41 1625 2640625
48 589 346921
50 1933 3736489
42 4420 19536400
49 1674 2802276
45 347 120409
47 3274 10719076
45 1516 2298256
40 949 900601
44 98 9604
40 858 736164
46 4423 19562929
49 4516 20394256
46 456 207936
49 3737 13965169
45 462 213444
45 4473 20007729
50 4520 20430400
41 3464 11999296
42 2945 8673025
44 4633 21464689
46 3891 15139881
41 3149 9916201
41 1413 1996569
44 523 273529
45 2398 5750404
45 1160 1345600
41 3215 10336225
46 720 518400
50 803 644809
40 4121 16982641
48 2599 6754801
46 2238 5008644
50 2774 7695076
40 4192 17572864
49 2721 7403841
44 135 18225
47 4659 21706281
48 1113 1238769
44 569 323761
45 1031 1062961
47 4793 22972849
45 4507 20313049
41 4897 23980609
45 2105 4431025
42 1977 3908529
44 1680 2822400
41 4252 18079504
49 845 714025
49 265 70225
47 2279 5193841
40 3018 9108324
43 3133 9815689
45 1988 3952144
47 656 430336
47 3690 13616100
47 1910 3648100
50 2664 7096896
47 4203 17665209
43 2358 5560164
44 2646 7001316
47 3713 13786369
47 3100 9610000
44 2696 7268416
50 387 149769
44 3532 12475024
50 3854 14853316
44 593 351649
47 252 63504
49 4666 21771556
43 2943 8661249
41 2241 5022081
47 2944 8667136
47 1606 2579236
45 1683 2832489
48 4401 19368801
46 113 12769
42 3679 13535041
47 2499 6245001
48 2776 7706176
50 1437 2064969
45 767 588289
47 1959 3837681
42 1492 2226064
40 2765 7645225
47 2309 5331481
46 3772 14227984
44 3045 9272025
47 3075 9455625
40 2155 4644025
48 2068 4276624
46 2738 7496644
50 1649 2719201
47 418 174724
42 2862 8191044
43 1957 3829849
48 449 201601
48 282 79524
42 3937 15499969
40 2853 8139609
40 2381 5669161
46 572 327184
40 1299 1687401
46 4894 23951236
41 4478 20052484
46 2591 6713281
42 4912 24127744
50 582 338724
45 1348 1817104
45 4024 16192576
45 4807 23107249
40 4654 21659716
40 2115 4473225
45 4734 22410756
41 2284 5216656
46 4340 18835600
48 3107 9653449
46 101 10201
48 2490 6200100
50 822 675684
47 2504 6270016
42 1861 3463321
48 2262 5116644
47 2969 8814961
44 17 289
42 2423 5870929
44 2187 4782969
45 2286 5225796
47 2272 5161984
47 305 93025
40 69 4761
44 2160 4665600
45 172 29584
41 3320 11022400
43 4323 18688329
47 4103 16834609
44 1032 1065024
42 3669 13461561
40 3556 12645136
46 2076 4309776
46 879 772641
50 1767 3122289
44 1323 1750329
49 3710 13764100
42 1141 1301881
43 4638 21511044
46 776 602176
40 3969 15752961
40 4581 20985561
50 1048 1098304
42 891 793881
43 4818 23213124
43 2048 4194304
48 684 467856
43 1956 3825936
41 4946 24462916
46 3482 12124324
43 428 183184
48 4934 24344356
42 4740 22467600
48 1935 3744225
44 191 36481
45 4984 24840256
46 1852 3429904
41 1690 2856100
49 4541 20620681
45 379 143641
41 785 616225
45 2689 7230721
45 2340 5475600
41 244 59536
46 4642 21548164
42 2099 4405801
49 3863 14922769
48 4115 16933225
41 3749 14055001
42 2793 7800849
50 799 638401
48 1610 2592100
46 1392 1937664
40 4904 24049216
41 4273 18258529
46 2982 8892324
46 3170 10048900
45 3859 14891881
43 4474 20016676
47 4157 17280649
45 965 931225
49 3452 11916304
40 2103 4422609
41 670 448900
41 3396 11532816
41 839 703921
47 121 14641
41 3663 13417569
40 3220 10368400
48 3314 10982596
50 4698 22071204
44 2308 5326864
42 2553 6517809
46 2683 7198489
40 3298 10876804
44 3491 12187081
41 2570 6604900
46 2780 7728400
41 3721 13845841
42 3697 13667809
41 3315 10989225
42 1201 1442401
43 4558 20775364
42 394 155236
40 1346 1811716
49 61 3721
40 594 352836
46 2538 6441444
44 1285 1651225
48 448 200704
50 3645 13286025
43 1732 2999824
41 457 208849
46 4377 19158129
41 2564 6574096
47 665 442225
49 4849 23512801
47 4175 17430625
48 1290 1664100
46 2614 6832996
50 4863 23648769
42 2589 6702921
48 611 373321
46 2996 8976016
50 4068 16548624
48 3178 10099684
47 4617 21316689
41 3577 12794929
49 4330 18748900
48 3628 13162384
45 1356 1838736
43 1238 1532644
49 4544 20647936
50 2652 7033104
49 1254 1572516
41 3271 10699441
41 1870 3496900
50 591 349281
48 1599 2556801
41 1846 3407716
41 264 69696
43 821 674041
44 2055 4223025
44 4020 16160400
45 997 994009
42 4318 18645124
41 4464 19927296
41 163 26569
50 4285 18361225
48 870 756900
48 4861 23629321
41 1188 1411344
40 1775 3150625
48 4995 24950025
45 3437 11812969
47 2821 7958041
44 183 33489
49 4491 20169081
46 3900 15210000
43 1984 3936256
50 643 413449
46 4426 19589476
40 2485 6175225
40 925 855625
46 2755 7590025
43 586 343396
42 1728 2985984
40 4870 23716900
42 612 374544
48 2762 7628644
46 4186 17522596
44 3404 11587216
44 691 477481
47 2086 4351396
40 837 700569
40 4609 21242881
43 2917 8508889
48 2193 4809249
46 2481 6155361
41 967 935089
42 4078 16630084
41 4041 16329681
46 1218 1483524
49 1407 1979649
49 855 731025
41 2275 5175625
46 1371 1879641
45 2519 6345361
45 2600 6760000
47 1838 3378244
48 2102 4418404
43 4169 17380561
40 3295 10857025
42 1465 2146225
45 1464 2143296
44 3242 10510564
41 3671 13476241
43 651 423801
40 3757 14115049
41 4043 16345849
44 2844 8088336
42 58 3364
41 2494 6220036
49 3981 15848361
46 1554 2414916
40 2436 5934096
41 1845 3404025
41 1039 1079521
42 2973 8838729
46 2641 6974881
45 3264 10653696
48 1372 1882384
42 2427 5890329
50 3606 13003236
50 1034 1069156
48 3624 13133376
42 4459 19882681
42 3248 10549504
45 3375 11390625
45 447 199809
49 899 808201
44 4184 17505856
46 1213 1471369
45 3256 10601536
47 345 119025
40 4738 22448644
47 4559 20784481
50 916 839056
41 2611 6817321
46 4407 19421649
47 2502 6260004
40 2702 7300804
44 4394 19307236
43 4096 16777216
48 1314 1726596
48 3598 12945604
43 4347 18896409
50 4876 23775376
41 3497 12229009
44 4641 21538881
50 4314 18610596
48 3403 11580409
47 2405 5784025
50 2277 5184729
45 467 218089
50 3307 10936249
45 1434 2056356
48 534 285156
46 2410 5808100
40 4392 19289664
50 2044 4177936
47 1129 1274641
49 3486 12152196
46 3817 14569489
43 4981 24810361
44 4645 21576025
44 2045 4182025
41 2868 8225424
47 68 4624
42 1851 3426201
42 2395 5736025
49 3327 11068929
48 1289 1661521
40 1396 1948816
46 4031 16248961
44 2191 4800481
42 1530 2340900
42 2900 8410000
40 4636 21492496
42 4280 18318400
43 1251 1565001
49 3638 13235044
44 337 113569
47 1080 1166400
49 2700 7290000
46 4869 23707161
43 3553 12623809
48 4432 19642624
41 980 960400
48 460 211600
40 2445 5978025
43 4237 17952169
45 963 927369
46 966 933156
41 2603 6775609
41 4684 21939856
42 4239 17969121
46 3017 9102289
40 4382 19201924
45 4618 21325924
42 3270 10692900
43 4540 20611600
41 4769 22743361
46 4592 21086464
44 3694 13645636
41 3825 14630625
49 4506 20304036
43 3871 14984641
42 134 17956
50 1147 1315609
47 4231 17901361
47 4597 21132409
47 2207 4870849
40 4903 24039409
42 4425 19580625
43 303 91809
47 396 156816
50 1528 2334784
46 3929 15437041
41 242 58564
43 1151 1324801
43 1877 3523129
41 3599 12952801
41 3841 14753281
45 1550 2402500
46 3689 13608721
45 4170 17388900
48 3703 13712209
46 4913 24137569
46 2845 8094025
44 1579 2493241
44 2568 6594624
49 1271 1615441
46 442 195364
44 422 178084
49 1824 3326976
43 2331 5433561
47 1358 1844164
44 3596 12931216
50 693 480249
44 646 417316
46 2723 7414729
49 4228 17875984
47 4961 24611521
40 1128 1272384
48 184 33856
46 1380 1904400
41 4866 23677956
40 1186 1406596
40 1968 3873024
46 125 15625
48 2253 5076009
40 894 799236
48 1952 3810304
47 3773 14235529
45 4163 17330569
43 3282 10771524
44 3009 9054081
42 4471 19989841
47 3362 11303044
44 2327 5414929
40 1400 1960000
47 1987 3948169
44 3602 12974404
46 597 356409
40 2413 5822569
46 3051 9308601
44 4756 22619536
41 371 137641
41 291 84681
48 4594 21104836
40 557 310249
43 1255 1575025
50 573 328329
48 3896 15178816
47 2212 4892944
42 2024 4096576
48 1222 1493284
46 733 537289
41 2482 6160324
42 1806 3261636
46 369 136161
46 1096 1201216
40 3192 10188864
50 3804 14470416
42 4623 21372129
43 1568 2458624
