2000
50 4337 185
50 4539 388
50 4109 600
50 4281 102
50 4300 902
50 4213 989
50 4417 927
50 4996 300
50 4079 380
50 4150 331
50 4728 298
50 4494 657
50 4218 841
50 4163 259
50 4212 202
50 4999 839
50 4407 396
50 4681 646
50 4148 887
50 4393 749
50 4502 113
50 4697 968
50 4863 683
50 4608 339
50 4539 145
50 4508 270
50 4074 877
50 4308 813
50 4815 246
50 4095 459
50 4688 193
50 4820 521
50 4146 336
50 4144 624
50 4897 111
50 4119 950
50 4896 653
50 4580 540
50 4075 724
50 4545 623
50 4024 179
50 4536 602
50 4849 643
50 4168 553
50 4658 955
50 4198 129
50 4452 547
50 4048 595
50 4660 868
50 4838 266
50 4016 1000
50 4068 347
50 4988 371
50 4386 251
50 4167 983
50 4564 245
50 4398 705
50 4732 491
50 4508 316
50 4736 277
50 4387 803
50 4668 117
50 4851 225
50 4625 601
50 4832 856
50 4146 727
50 4390 282
50 4114 659
50 4542 796
50 4287 169
50 4314 863
50 4710 124
50 4923 753
50 4130 539
50 4966 579
50 4453 451
50 4599 694
50 4293 920
50 4606 482
50 4950 967
50 4897 463
50 4975 759
50 4577 357
50 4198 125
50 4786 724
50 4464 741
50 4059 490
50 4817 372
50 4588 459
50 4412 828
50 4057 253
50 4428 454
50 4795 960
50 4084 389
50 4670 713
50 4970 491
50 4577 761
50 4672 862
50 4836 421
50 4765 694
50 4354 779
50 4687 661
50 4721 194
50 4611 665
50 4022 641
50 4363 1000
50 4721 366
50 4219 188
50 4489 593
50 4496 828
50 4662 505
50 4854 490
50 4131 405
50 4832 585
50 4122 783
50 4994 854
50 4250 296
50 4109 141
50 4299 818
50 4736 220
50 4243 797
50 4472 216
50 4689 783
50 4493 966
50 4420 337
50 4274 718
50 4553 348
50 4729 770
50 4351 411
50 4670 765
50 4555 377
50 4855 149
50 4021 230
50 4682 106
50 4745 543
50 4183 287
50 4421 998
50 4557 876
50 4430 248
50 4751 950
50 4812 606
50 4095 182
50 4614 643
50 4743 596
50 4137 381
50 4896 419
50 4642 949
50 4106 728
50 4068 322
50 4544 757
50 4010 531
50 4164 256
50 4405 252
50 4453 889
50 4632 979
50 4371 820
50 4850 712
50 4699 396
50 4727 190
50 4120 363
50 4410 174
50 4946 172
50 4024 830
50 4912 944
50 4113 871
50 4216 660
50 4087 755
50 4021 934
50 4828 769
50 4476 672
50 4137 223
50 4546 185
50 4769 300
50 4317 930
50 4847 318
50 4660 976
50 4501 955
50 4038 306
50 4736 158
50 4312 623
50 4839 271
50 4005 221
50 4019 737
50 4973 933
50 4474 141
50 4192 966
50 4991 913
50 4962 116
50 4010 837
50 4978 148
50 4586 639
50 4439 489
50 4420 523
50 4003 657
50 4601 283
50 4106 716
50 4439 130
50 4418 507
50 4810 825
50 4783 827
50 4477 766
50 4460 561
50 4046 761
50 4192 503
50 4627 740
50 4900 157
50 4210 668
50 4204 260
50 4570 960
50 4244 862
50 4571 116
50 4920 678
50 4608 499
50 4768 114
50 4952 401
50 4006 314
50 4855 938
50 4833 764
50 4347 432
50 4836 156
50 4967 700
50 4816 923
50 4808 772
50 4908 623
50 4452 282
50 4329 328
50 4512 839
50 4520 382
50 4422 473
50 4558 377
50 4109 562
50 4076 933
50 4787 838
50 4240 428
50 4819 498
50 4381 908
50 4725 340
50 4557 698
50 4776 417
50 4579 569
50 4687 172
50 4343 952
50 4944 379
50 4951 388
50 4577 143
50 4547 787
50 4760 104
50 4614 230
50 4722 285
50 4603 934
50 4670 425
50 4725 884
50 4312 456
50 4872 828
50 4298 806
50 4779 623
50 4664 965
50 4730 885
50 4435 559
50 4451 302
50 4713 530
50 4736 279
50 4463 622
50 4143 662
50 4295 759
50 4914 175
50 4356 623
50 4210 540
50 4764 635
50 4419 746
50 4201 131
50 4700 522
50 4403 677
50 4324 851
50 4995 402
50 4793 413
50 4775 427
50 4660 286
50 4966 822
50 4653 824
50 4940 638
50 4568 592
50 4330 688
50 4086 534
50 4929 844
50 4827 303
50 4210 163
50 4501 545
50 4055 992
50 4854 394
50 4029 249
50 4061 464
50 4734 314
50 4928 578
50 4448 553
50 4599 114
50 4034 744
50 4951 696
50 4174 243
50 4602 592
50 4008 505
50 4720 154
50 4165 994
50 4294 929
50 4480 709
50 4738 292
50 4236 757
50 4206 493
50 4121 196
50 4521 327
50 4783 246
50 4006 579
50 4542 765
50 4723 913
50 4701 916
50 4456 407
50 4302 249
50 4569 208
50 4262 984
50 4053 521
50 4569 777
50 4225 954
50 4410 834
50 4540 342
50 4200 814
50 4404 816
50 4801 658
50 4643 717
50 4855 851
50 4672 862
50 4937 849
50 4153 150
50 4129 704
50 4278 182
50 4358 951
50 4335 509
50 4080 385
50 4934 664
50 4886 205
50 4119 935
50 4712 285
50 4319 417
50 4261 977
50 4774 154
50 4270 216
50 4736 241
50 4228 286
50 4411 292
50 4896 581
50 4936 899
50 4255 432
50 4877 613
50 4653 725
50 4592 980
50 4056 896
50 4241 399
50 4133 909
50 4790 945
50 4954 983
50 4962 829
50 4214 780
50 4750 392
50 4448 940
50 4463 141
50 4639 575
50 4253 862
50 4390 664
50 4190 966
50 4611 102
50 4961 426
50 4135 642
50 4615 267
50 4313 216
50 4052 727
50 4331 181
50 4653 331
50 4183 527
50 4966 573
50 4896 423
50 4142 705
50 4571 188
50 4112 476
50 4849 588
50 4951 303
50 4212 390
50 4148 860
50 4146 498
50 4501 489
50 4645 667
50 4668 422
50 4443 263
50 4236 620
50 4130 804
50 4444 594
50 4864 919
50 4327 672
50 4334 563
50 4970 819
50 4430 809
50 4161 342
50 4013 702
50 4093 843
50 4315 799
50 4871 334
50 4149 879
50 4132 534
50 4136 284
50 4146 938
50 4042 374
50 4046 335
50 4176 844
50 4328 617
50 4542 354
50 4512 974
50 4697 500
50 4887 907
50 4401 207
50 4583 190
50 4875 979
50 4121 736
50 4155 921
50 4310 677
50 4874 392
50 4004 490
50 4718 780
50 4190 830
50 4608 626
50 4778 944
50 4175 841
50 4696 768
50 4898 421
50 4888 418
50 4933 949
50 4678 464
50 4358 706
50 4197 797
50 4301 402
50 4455 341
50 4942 233
50 4013 910
50 4310 358
50 4965 478
50 4610 546
50 4676 566
50 4646 684
50 4614 387
50 4357 429
50 4656 613
50 4884 331
50 4010 129
50 4362 204
50 4424 911
50 4103 540
50 4386 473
50 4360 249
50 4324 678
50 4019 497
50 4389 933
50 4097 123
50 4869 407
50 4011 110
50 4999 113
50 4297 468
50 4446 214
50 4984 888
50 4419 495
50 4882 186
50 4388 473
50 4791 794
50 4685 172
50 4251 577
50 4847 558
50 4730 716
50 4895 271
50 4134 667
50 4328 910
50 4354 440
50 4924 174
50 4075 160
50 4893 846
50 4527 821
50 4638 599
50 4792 987
50 4031 897
50 4653 241
50 4896 860
50 4763 793
50 4778 518
50 4010 850
50 4941 450
50 4444 337
50 4022 305
50 4500 931
50 4695 582
50 4022 767
50 4481 400
50 4131 422
50 4029 561
50 4763 142
50 4909 292
50 4449 339
50 5000 803
50 4538 615
50 4420 347
50 4510 332
50 4187 843
50 4045 971
50 4922 240
50 4878 722
50 4549 972
50 4464 240
50 4452 530
50 4954 427
50 4230 890
50 4083 383
50 4248 658
50 4829 343
50 4760 388
50 4039 843
50 4838 924
50 4844 847
50 4740 889
50 4149 999
50 4104 293
50 4121 409
50 4276 576
50 4567 568
50 4235 440
50 4810 660
50 4132 583
50 4028 363
50 4489 682
50 4390 639
50 4480 713
50 4446 198
50 4652 989
50 4422 915
50 4117 808
50 4934 157
50 4026 951
50 4276 305
50 4140 264
50 4745 381
50 4460 132
50 4903 230
50 4889 449
50 4156 819
50 4509 480
50 4621 851
50 4967 879
50 4769 696
50 4955 839
50 4274 582
50 4743 843
50 4584 419
50 4539 695
50 4754 142
50 4220 406
50 4680 939
50 4412 990
50 4024 924
50 4556 769
50 4464 933
50 4191 948
50 4037 679
50 4116 638
50 4843 343
50 4458 274
50 4658 453
50 4874 802
50 4504 267
50 4414 735
50 4918 842
50 4928 619
50 4510 598
50 4041 711
50 4453 217
50 4584 124
50 4802 574
50 4141 935
50 4458 261
50 4911 498
50 4029 924
50 4660 874
50 4621 483
50 4916 752
50 4669 838
50 4515 495
50 4348 930
50 4240 370
50 4754 181
50 4374 746
50 4088 862
50 4264 961
50 4758 359
50 4286 760
50 4296 804
50 4034 653
50 4361 275
50 4661 172
50 4983 675
50 4822 125
50 4822 656
50 4924 263
50 4241 105
50 4771 501
50 4577 784
50 4905 706
50 4688 306
50 4013 164
50 4673 570
50 4049 358
50 4335 869
50 4324 917
50 4586 817
50 4651 402
50 4593 255
50 4290 458
50 4007 125
50 4128 183
50 4062 290
50 4588 241
50 4697 447
50 4094 600
50 4045 818
50 4925 985
50 4114 424
50 4302 135
50 4157 799
50 4465 517
50 4578 846
50 4337 735
50 4708 894
50 4351 238
50 4427 954
50 4417 759
50 4204 554
50 4137 111
50 4521 760
50 4512 767
50 4242 112
50 4113 392
50 4714 714
50 4165 776
50 4839 171
50 4141 254
50 4953 783
50 4740 948
50 4207 910
50 4839 403
50 4403 632
50 4296 666
50 4787 546
50 4605 643
50 4865 562
50 4508 741
50 4918 179
50 4303 984
50 4623 377
50 4969 163
50 4721 483
50 4647 578
50 4365 359
50 4270 260
50 4599 845
50 4413 351
50 4558 264
50 4110 377
50 4042 746
50 4713 811
50 4609 367
50 4774 287
50 4239 256
50 4438 180
50 4657 636
50 4109 187
50 4657 661
50 4900 615
50 4518 506
50 4682 153
50 4847 216
50 4660 857
50 4838 609
50 4077 599
50 4806 297
50 4541 256
50 4081 894
50 4397 860
50 4580 163
50 4326 206
50 4750 833
50 4335 370
50 4683 243
50 4822 795
50 4783 250
50 4774 431
50 4321 179
50 4480 653
50 4371 824
50 4233 185
50 4491 234
50 4006 745
50 4670 561
50 4816 104
50 4582 632
50 4700 338
50 4356 633
50 4105 324
50 4677 815
50 4847 504
50 4293 579
50 4015 417
50 4001 667
50 4411 167
50 4715 336
50 4823 902
50 4742 673
50 4801 266
50 4508 484
50 4595 821
50 4562 129
50 4509 543
50 4243 333
50 4043 968
50 4498 765
50 4718 869
50 4780 625
50 4968 543
50 4909 183
50 4394 493
50 4828 889
50 4007 777
50 4739 310
50 4126 768
50 4133 268
50 4369 357
50 4070 155
50 4315 932
50 4556 311
50 4828 797
50 4245 897
50 4970 841
50 4644 684
50 4212 347
50 4214 418
50 4927 525
50 4936 742
50 4804 560
50 4101 169
50 4672 359
50 4666 900
50 4397 821
50 4773 703
50 4759 381
50 4870 261
50 4987 932
50 4097 556
50 4417 259
50 4703 624
50 4764 352
50 4523 420
50 4502 123
50 4008 322
50 4990 571
50 4292 474
50 4704 574
50 4750 771
50 4145 672
50 4931 478
50 4780 349
50 4277 728
50 4579 160
50 4136 824
50 4699 163
50 4430 186
50 4530 336
50 4589 689
50 4647 447
50 4219 987
50 4906 617
50 4579 980
50 4817 270
50 4353 800
50 4098 922
50 4307 210
50 4142 927
50 4375 726
50 4997 623
50 4135 819
50 4456 827
50 4047 585
50 4029 101
50 4677 106
50 4456 950
50 4202 495
50 4854 960
50 4024 411
50 4130 814
50 4331 673
50 4466 156
50 4838 949
50 4600 438
50 4558 717
50 4058 872
50 4560 567
50 4014 683
50 4363 172
50 4850 732
50 4553 795
50 4401 605
50 4965 666
50 4579 194
50 4008 970
50 4798 656
50 4505 326
50 4494 644
50 4561 573
50 4818 662
50 4102 471
50 4565 750
50 4973 669
50 4418 172
50 4644 632
50 4016 311
50 4116 777
50 4162 919
50 4645 110
50 4069 861
50 4357 634
50 4958 605
50 4996 420
50 4332 347
50 4778 958
50 4232 416
50 4011 820
50 4113 524
50 4242 940
50 4720 552
50 4889 553
50 4071 244
50 4004 670
50 4057 817
50 4711 725
50 4819 698
50 4291 702
50 4112 420
50 4338 720
50 4681 565
50 4397 690
50 4893 409
50 4989 729
50 4400 258
50 4914 606
50 4664 482
50 4629 563
50 4417 743
50 4867 153
50 4967 843
50 4397 730
50 5000 475
50 4541 329
50 4977 668
50 4354 138
50 4120 656
50 4568 551
50 4309 815
50 4282 190
50 4272 357
50 4820 459
50 4712 659
50 4539 192
50 4084 793
50 4851 568
50 4033 463
50 4641 845
50 4957 501
50 4767 252
50 4113 642
50 4246 556
50 4335 112
50 4069 537
50 4130 210
50 4829 257
50 4018 927
50 4182 360
50 4234 466
50 4932 539
50 4252 175
50 4357 671
50 4060 657
50 4825 366
50 4666 120
50 4024 334
50 4532 366
50 4303 114
50 4574 476
50 4478 572
50 4694 595
50 4002 490
50 4026 129
50 4260 166
50 4193 220
50 4062 593
50 4104 564
50 4043 749
50 4904 778
50 4387 676
50 4873 887
50 4961 540
50 4559 296
50 4283 806
50 4661 119
50 4295 740
50 4043 581
50 4529 105
50 4750 643
50 4670 666
50 4968 239
50 4239 905
50 4474 713
50 4198 973
50 4471 949
50 4551 877
50 4501 704
50 4388 733
50 4126 128
50 4799 956
50 4260 453
50 4929 879
50 4173 922
50 4166 399
50 4435 481
50 4378 918
50 4061 442
50 4471 823
50 4183 453
50 4455 703
50 4871 668
50 4405 437
50 4320 262
50 4345 230
50 4457 448
50 4019 855
50 4515 858
50 4955 172
50 4205 298
50 4360 488
50 4530 220
50 4125 519
50 4573 392
50 4995 458
50 4032 426
50 4530 871
50 4484 814
50 4197 257
50 4634 518
50 4511 112
50 4307 181
50 4768 553
50 4427 177
50 4599 839
50 4295 446
50 4038 641
50 4748 920
50 4024 558
50 4638 891
50 4116 655
50 4541 783
50 4334 770
50 4704 905
50 4973 929
50 4625 408
50 4413 802
50 4043 372
50 4845 433
50 4546 199
50 4816 690
50 4460 552
50 4978 594
50 4108 245
50 4302 325
50 4471 196
50 4244 916
50 4566 492
50 4485 940
50 4986 101
50 4424 263
50 4315 903
50 4961 266
50 4796 509
50 4312 460
50 4383 741
50 4364 988
50 4473 394
50 4569 990
50 4944 169
50 4393 876
50 4196 300
50 4579 258
50 4186 315
50 4547 735
50 4087 736
50 4681 681
50 4446 155
50 4422 686
50 4905 625
50 4163 412
50 4104 805
50 4941 203
50 4205 506
50 4455 645
50 4380 927
50 4036 405
50 4618 713
50 4364 320
50 4707 688
50 4036 306
50 4552 449
50 4689 415
50 4303 336
50 4799 231
50 4989 505
50 4922 313
50 4180 695
50 4814 332
50 4158 892
50 4099 687
50 4616 846
50 4804 653
50 4645 646
50 4808 979
50 4499 349
50 4004 425
50 4425 737
50 4891 636
50 4225 229
50 4815 870
50 4926 619
50 4740 331
50 4835 392
50 4374 247
50 4439 853
50 4235 722
50 4696 562
50 4366 816
50 4404 185
50 4787 719
50 4845 354
50 4051 310
50 4279 671
50 4406 395
50 4250 582
50 4101 873
50 4504 865
50 4684 226
50 4489 485
50 4525 238
50 4741 469
50 4211 679
50 4117 503
50 4344 434
50 4890 925
50 4491 773
50 4103 313
50 4218 194
50 4611 929
50 4167 134
50 4869 568
50 4608 985
50 4798 728
50 4127 643
50 4787 605
50 4003 125
50 4235 933
50 4212 186
50 4386 968
50 4289 194
50 4924 955
50 4236 138
50 4577 205
50 4563 355
50 4541 724
50 4433 340
50 4838 663
50 4549 252
50 4677 259
50 4680 415
50 4527 183
50 4234 578
50 4457 915
50 4335 752
50 4381 541
50 4163 529
50 4814 585
50 4676 913
50 4925 797
50 4660 358
50 4146 233
50 4304 894
50 4944 441
50 4464 428
50 4908 567
50 4687 165
50 4176 274
50 4732 838
50 4131 600
50 4445 815
50 4482 916
50 4612 594
50 4419 206
50 4281 778
50 4204 588
50 4180 376
50 4030 499
50 4230 433
50 4357 470
50 4985 118
50 4467 468
50 4910 694
50 4455 206
50 4766 307
50 4139 496
50 4374 559
50 4339 629
50 4836 661
50 4213 104
50 4489 116
50 4055 584
50 4996 756
50 4469 660
50 4165 226
50 4003 907
50 4509 215
50 4906 112
50 4648 470
50 4421 184
50 4030 577
50 4311 800
50 4092 277
50 4092 876
50 4196 111
50 4327 830
50 4740 327
50 4092 449
50 4751 455
50 4375 150
50 4785 421
50 4092 903
50 4345 492
50 4707 588
50 4563 107
50 4403 773
50 4438 385
50 4715 590
50 4804 881
50 4058 161
50 4486 168
50 4579 856
50 4453 998
50 4572 799
50 4200 344
50 4559 393
50 4266 713
50 4595 149
50 4549 224
50 4722 124
50 4100 843
50 4047 666
50 4832 416
50 4008 147
50 4892 149
50 4502 153
50 4447 278
50 4176 848
50 4654 971
50 4639 256
50 4261 316
50 4052 406
50 4394 861
50 4437 664
50 4489 699
50 4854 910
50 4192 329
50 4620 787
50 4791 657
50 4657 929
50 4294 885
50 4767 871
50 4687 603
50 4180 103
50 4207 220
50 4328 517
50 4185 831
50 4920 330
50 4861 488
50 4668 686
50 4166 181
50 4457 756
50 4283 626
50 4472 284
50 4707 632
50 4159 567
50 4642 378
50 4256 138
50 4167 348
50 4816 736
50 4161 669
50 4970 175
50 4926 543
50 4186 428
50 4064 841
50 4793 213
50 4915 949
50 4688 763
50 4037 503
50 4680 424
50 4337 522
50 4481 639
50 4750 105
50 4517 127
50 4394 587
50 4310 501
50 4791 518
50 4177 912
50 4202 813
50 4458 822
50 4528 172
50 4478 849
50 4380 885
50 4133 756
50 4922 389
50 4401 975
50 4295 955
50 4846 850
50 4689 347
50 4753 503
50 4811 162
50 4954 824
50 4497 302
50 4927 418
50 4358 810
50 4452 858
50 4921 196
50 4533 636
50 4510 427
50 4911 847
50 4352 816
50 4460 641
50 4797 412
50 4215 351
50 4133 149
50 4280 410
50 4933 371
50 4672 468
50 4532 626
50 4767 696
50 4911 707
50 4027 885
50 4533 462
50 4298 924
50 4764 731
50 4135 627
50 4601 447
50 4204 248
50 4589 543
50 4635 963
50 4814 627
50 4033 823
50 4723 959
50 4020 971
50 4792 214
50 4046 372
50 4829 167
50 4165 150
50 4579 809
50 4486 179
50 4148 941
50 4561 732
50 4028 945
50 4968 392
50 4755 746
50 4460 290
50 4266 244
50 4016 494
50 4383 140
50 4699 254
50 4304 366
50 4282 458
50 4822 712
50 4086 453
50 4474 999
50 4043 455
50 4420 349
50 4442 788
50 4849 965
50 4057 303
50 4310 690
50 4721 684
50 4682 568
50 4069 554
50 4666 231
50 4972 979
50 4934 509
50 4603 964
50 4445 316
50 4584 305
50 4218 777
50 4327 927
50 4716 313
50 4655 272
50 4141 454
50 4327 980
50 4205 618
50 4113 457
50 4588 539
50 4853 461
50 4455 720
50 4694 198
50 4028 421
50 4398 178
50 4525 342
50 4068 776
50 4461 409
50 4060 576
50 4377 255
50 4480 377
50 4403 329
50 4039 988
50 4401 486
50 4009 821
50 4562 622
50 4345 285
50 4729 228
50 4347 858
50 4262 496
50 4524 999
50 4554 967
50 4181 454
50 4505 877
50 4185 337
50 4953 404
50 4353 388
50 4281 501
50 4724 527
50 4137 471
50 4651 802
50 4658 206
50 4953 344
50 4650 159
50 4939 213
50 4163 179
50 4492 375
50 4641 689
50 4268 876
50 4933 221
50 4407 381
50 4979 688
50 4843 381
50 4994 145
50 4878 149
50 4723 613
50 4163 318
50 4126 978
50 4973 545
50 4526 285
50 4771 627
50 4574 207
50 4173 764
50 4440 774
50 4105 295
50 4033 319
50 4798 110
50 4649 238
50 4358 516
50 4007 749
50 4601 974
50 4219 605
50 4818 894
50 4850 424
50 4608 198
50 4746 153
50 4081 352
50 4184 768
50 4175 145
50 4334 397
50 4614 125
50 4536 829
50 4836 679
50 4077 935
50 4341 531
50 4634 275
50 4583 765
50 4097 490
50 4929 523
50 4424 208
50 4927 591
50 4781 210
50 4003 603
50 4345 577
50 4278 295
50 4488 121
50 4773 328
50 4299 244
50 4978 549
50 4803 533
50 4356 803
50 4948 287
50 4325 162
50 4933 894
50 4677 554
50 4633 570
50 4707 892
50 4252 822
50 4347 489
50 4278 192
50 4155 381
50 4798 147
50 4759 944
50 4743 130
50 4075 539
50 4449 410
50 4773 328
50 4348 642
50 4803 359
50 4179 479
50 4228 755
50 4092 818
50 4962 359
50 4963 354
50 4408 317
50 4417 428
50 4065 758
50 4720 671
50 4642 545
50 4293 786
50 4648 829
50 4426 901
50 4368 759
50 4371 169
50 4893 260
50 4264 411
50 4271 718
50 4916 763
50 4494 433
50 4990 188
50 4860 381
50 4689 782
50 4359 227
50 4337 183
50 4319 861
50 4479 265
50 4594 155
50 4144 230
50 4821 206
50 4277 504
50 4077 263
50 4955 470
50 4739 678
50 4387 455
50 4335 811
50 4577 787
50 4368 138
50 4974 503
50 4965 406
50 4099 907
50 4466 379
50 4461 286
50 4922 316
50 4509 261
50 4586 241
50 4161 496
50 4441 638
50 4770 355
50 4281 121
50 4115 842
50 4653 526
50 4959 453
50 4807 496
50 4338 145
50 4031 178
50 4718 432
50 4241 437
50 4565 268
50 4682 686
50 4890 307
50 4679 589
50 4427 909
50 4740 349
50 4813 717
50 4079 239
50 4135 585
50 4010 912
50 4253 757
50 4085 279
50 4543 800
50 4038 573
50 4299 803
50 4410 796
50 4270 384
50 4289 729
50 4438 110
50 4738 779
50 4087 272
50 4822 241
50 4067 533
50 4814 259
50 4646 338
50 4413 164
50 4703 179
50 4990 110
50 4609 826
50 4954 593
50 4903 917
50 4140 780
50 4197 740
50 4588 535
50 4114 654
50 4160 141
50 4162 534
50 4517 797
50 4436 908
50 4829 965
50 4214 207
50 4493 208
50 4814 653
50 4111 447
50 4471 912
50 4397 647
50 4507 123
50 4286 110
50 4007 128
50 4991 576
50 4354 578
50 4964 614
50 4093 355
50 4899 225
50 4026 349
50 4081 439
50 4304 193
50 4477 205
50 4082 752
50 4245 781
50 4041 627
50 4798 168
50 4541 619
50 4740 674
50 4687 364
50 4993 721
50 4755 309
50 4735 373
50 4475 289
50 4779 118
50 4540 455
50 4154 538
50 4220 876
50 4392 829
50 4514 721
50 4714 711
50 4261 233
50 4111 516
50 4047 364
50 4150 920
50 4537 148
50 4230 487
50 4159 125
50 4573 155
50 4513 142
50 4334 365
50 4381 875
50 4201 521
50 4638 594
50 4826 917
50 4096 661
50 4758 908
50 4641 396
50 4425 577
50 4822 764
50 4516 590
50 4048 190
50 4141 878
50 4010 819
50 4502 524
50 4726 754
50 4149 887
50 4251 249
50 4083 987
50 4567 696
50 4937 979
50 4699 569
50 4231 389
50 4803 266
50 4956 365
50 4183 965
50 4851 393
50 4021 708
50 4397 930
50 4522 326
50 4316 273
50 4401 433
50 4683 177
50 4102 707
50 4124 395
50 4412 285
50 4035 477
50 4081 848
50 4581 843
50 4931 387
50 4732 386
50 4890 779
50 4986 906
50 4025 818
50 4920 705
50 4208 905
50 4269 532
50 4924 162
50 4853 579
50 4728 627
50 4865 993
50 4021 693
50 4724 699
50 4712 571
50 4088 988
50 4673 629
50 4361 778
50 4095 552
50 4011 540
50 4901 376
50 4780 740
50 4394 106
50 4374 284
50 4914 925
50 4491 431
50 4248 317
50 4325 849
50 4765 260
50 4639 603
50 4831 956
50 4863 643
50 4488 765
50 4978 502
50 4179 441
50 4545 101
50 4437 532
50 4546 345
50 4184 115
50 4611 187
50 4537 545
50 4412 298
50 4242 956
50 4720 399
50 4180 536
50 4540 476
50 4779 229
50 4325 622
50 4029 649
50 4393 719
50 4407 935
50 4932 242
50 4069 910
50 4761 742
50 4564 365
50 4208 457
50 4182 570
50 4637 614
50 4746 932
50 4832 693
50 4841 637
50 4028 238
50 4925 813
50 4415 680
50 4693 490
50 4626 969
50 4594 294
50 4628 553
50 4499 792
50 4249 276
50 4026 652
50 4332 263
50 4782 193
50 4882 851
50 4777 836
50 4967 259
50 4349 947
50 4114 506
50 4693 984
50 4392 182
50 4163 641
50 4978 553
50 4362 728
50 4139 158
50 4274 961
50 4406 368
50 4718 288
50 4779 889
50 4196 200
50 4209 533
50 4565 349
50 4529 122
50 4379 606
50 4583 472
50 4932 667
50 4606 131
50 4838 443
50 4310 647
50 4350 730
50 4253 149
50 4888 205
50 4763 859
50 4619 928
50 4340 487
50 4754 740
50 4107 645
50 4834 880
50 4774 173
50 4933 367
50 4262 782
50 4115 749
50 4666 815
50 4659 240
50 4228 202
50 4994 691
50 4426 918
50 4535 461
50 4057 732
50 4389 146
50 4649 815
50 4558 592
50 4886 110
50 4382 485
50 4861 419
50 4675 562
50 4042 544
50 4227 793
50 4108 382
50 4285 645
50 4241 781
50 4821 104
50 4612 116
50 4456 908
50 4058 837
50 4496 423
50 4883 697
50 4066 450
50 4503 315
50 4487 775
50 4787 200
50 4431 911
50 4544 144
50 4404 829
50 4026 904
50 4235 869
50 4823 212
50 4611 747
50 4210 414
50 4539 707
50 4444 637
50 4766 660
50 4071 813
50 4487 965
50 4714 315
50 4763 355
50 4166 483
50 4151 672
50 4109 224
50 4361 653
50 4345 537
50 4682 825
50 4224 379
50 4891 930
50 4389 351
50 4188 775
50 4244 789
50 4665 296
50 4272 105
50 4945 354
50 5000 830
50 4283 214
50 4897 412
50 4019 694
50 4084 317
50 4179 766
50 4670 281
50 4876 414
50 4103 544
50 4525 227
50 4307 528
50 4940 853
50 4717 687
50 4455 129
50 4282 553
50 4155 890
50 4617 802
50 4488 545
50 4724 613
50 4147 856
50 4984 614
50 4818 615
50 4402 448
50 4173 423
50 4342 233
50 4061 421
50 4029 462
50 4561 537
50 4888 322
50 4322 983
50 4806 433
50 4767 514
50 4881 553
50 4309 369
50 4795 902
50 4090 938
50 4161 392
50 4321 625
50 4877 547
50 4055 261
50 4150 274
50 4273 320
50 4539 548
50 4966 496
50 4057 457
50 4276 249
50 4807 362
50 4767 305
50 4715 568
50 4434 249
50 4604 548
50 4637 671
50 4755 913
50 4846 818
50 4262 196
50 4524 108
50 4130 147
50 4194 512
50 4162 681
50 4312 969
50 4516 516
50 4720 145
50 4351 388
50 4601 587
50 4995 515
50 4514 915
50 4368 549
50 4257 222
50 4687 819
50 4402 795
50 4904 355
50 4375 539
50 4983 780
50 4879 274
50 4994 291
50 4867 518
50 4808 439
50 4830 244
50 4068 679
50 4604 448
50 4712 819
50 4678 193
50 4353 420
50 4707 191
50 4512 915
50 4877 981
50 4442 960
50 4316 742
50 4842 121
50 4153 848
50 4103 368
50 4137 900
50 4296 897
50 4731 119
50 4305 212
50 4702 105
50 4631 383
50 4695 155
50 4042 969
50 4270 444
50 4375 322
50 4736 292
50 4740 620
50 4597 334
50 4896 536
50 4620 629
50 4389 850
50 4218 582
50 4197 897
50 4794 747
50 4737 340
50 4324 235
50 4142 104
50 4625 213
50 4750 162
50 4070 155
50 4098 999
50 4996 505
50 4402 489
50 4478 810
50 4184 592
50 4601 602
50 4085 808
50 4831 291
50 4633 661
50 4959 148
50 4841 283
50 4611 965
50 4039 921
50 4290 235
50 4346 169
50 4422 555
50 4293 214
50 4932 251
50 4476 396
50 4625 456
50 4578 942
50 4575 709
50 4415 494
50 4827 171
50 4435 732
50 4602 724
50 4659 564
50 4830 412
50 4443 676
50 4281 815
50 4192 257
50 4355 660
50 4911 505
50 4482 748
50 4282 396
50 4431 556
50 4180 895
50 4844 824
50 4111 294
50 4453 311
50 4989 771
50 4018 720
50 4395 250
50 4760 804
50 4809 764
50 4847 487
50 4290 476
50 4348 637
50 4801 844
50 4843 927
50 4409 475
50 4839 192
50 4102 723
50 4298 235
50 4174 642
50 4163 492
50 4011 626
50 4778 215
50 4261 109
50 4345 219
50 4039 839
50 4661 962
50 4019 757
50 4138 574
50 4108 544
50 4209 899
50 4649 605
50 4236 246
50 4308 479
50 4102 142
50 4274 987
50 4594 330
50 4797 296
50 4739 643
50 4662 623
50 4118 635
50 4366 150
50 4303 685
50 4080 297
50 4581 359
50 4566 566
50 4406 363
50 4170 344
50 4080 808
50 4217 638
50 4770 664
50 4109 279
50 4810 328
50 4870 683
50 4640 780
50 4917 211
50 4057 379
50 4331 265
50 4628 329
50 4635 262
50 4097 463
50 4640 949
50 4493 768
50 4811 243
50 4471 542
50 4322 141
50 4227 564
50 4109 760
50 4345 738
50 4715 508
50 4744 149
50 4392 461
50 4072 678
50 4446 263
2000
50 3475 1039
50 3074 1674
50 3706 1651
50 3721 1443
50 3980 1870
50 3139 1594
50 3582 1345
50 3635 1435
50 3578 1035
50 3963 1251
50 3558 1551
50 3570 1703
50 3625 1158
50 3662 1282
50 3589 1960
50 3857 1718
50 3128 1886
50 3621 1845
50 3725 1282
50 3100 1449
50 3701 1518
50 3398 1969
50 3307 1266
50 3373 1663
50 3981 1548
50 3939 1667
50 3323 1415
50 3664 1014
50 3330 1807
50 3752 1647
50 3882 1542
50 3721 1870
50 3715 1499
50 3482 1728
50 3555 1787
50 3555 1711
50 3246 1577
50 3874 1191
50 3340 1582
50 3854 1761
50 3864 1637
50 3823 1286
50 3471 1198
50 3369 1620
50 3415 1333
50 3173 1366
50 3241 1231
50 3640 1005
50 3158 1405
50 3991 1016
50 3602 1971
50 3184 1195
50 3412 1972
50 3280 1011
50 3174 1428
50 3164 1792
50 3087 1714
50 3609 1584
50 3359 1259
50 3663 1051
50 3080 1375
50 3979 1335
50 3658 1057
50 3582 1841
50 3016 1422
50 3276 1968
50 3569 1987
50 3972 1556
50 3980 1424
50 3464 1183
50 3870 1254
50 3564 1241
50 3164 1727
50 3358 1508
50 3743 1956
50 3107 1006
50 3043 1535
50 3571 1363
50 3242 1943
50 3951 1523
50 3998 1089
50 3057 1067
50 3782 1507
50 3545 1745
50 3603 1766
50 3276 1660
50 3912 1128
50 3900 1080
50 3952 1973
50 3251 1880
50 3834 1656
50 3695 1099
50 3298 1745
50 3057 1392
50 3281 1288
50 3016 1473
50 3974 1349
50 3925 1873
50 3386 1710
50 3292 1460
50 3925 1324
50 3274 1975
50 3333 1766
50 3937 1373
50 3908 1369
50 3340 1298
50 3203 1041
50 3349 1725
50 3991 1242
50 3293 1774
50 3147 1843
50 3161 1161
50 3657 1178
50 3423 1341
50 3889 1008
50 3599 1819
50 3554 1429
50 3803 1955
50 3169 1933
50 3673 1485
50 3415 1611
50 3202 1384
50 3887 1284
50 3849 1461
50 3275 1735
50 3297 1267
50 3020 1387
50 3961 1656
50 3987 1015
50 3741 1142
50 3066 1203
50 3461 1477
50 3280 1130
50 3641 1699
50 3372 1219
50 3886 1316
50 3058 1762
50 3844 1576
50 3659 1971
50 3212 1186
50 3261 1915
50 3677 1772
50 3719 1930
50 3159 1587
50 3849 1455
50 3376 1391
50 3637 1993
50 3369 1205
50 3781 1602
50 3987 1256
50 3080 1002
50 3197 1196
50 3232 1359
50 3359 1881
50 3487 1618
50 3506 1713
50 3537 1500
50 3997 1397
50 3584 1619
50 3729 1839
50 3489 1484
50 3820 1293
50 3861 1283
50 3748 1517
50 3595 1279
50 3324 1681
50 3208 1568
50 3556 1217
50 3133 1724
50 3536 1830
50 3451 1994
50 3409 1748
50 3834 1772
50 3458 1207
50 3526 1320
50 3758 1510
50 3278 1300
50 3560 1186
50 3904 1875
50 3619 1574
50 3784 1572
50 3145 1749
50 3881 1437
50 3255 1685
50 3247 1133
50 3648 1787
50 3953 1806
50 3484 1285
50 3104 1713
50 3709 1274
50 3687 1110
50 3282 1270
50 3196 1471
50 3826 1945
50 3296 1847
50 3007 1488
50 3857 1697
50 3043 1879
50 3895 1244
50 3383 1888
50 3552 1866
50 3520 1385
50 3953 1829
50 3128 1339
50 3443 1730
50 3383 1023
50 3880 1124
50 3348 1548
50 3647 1753
50 3004 1379
50 3462 1525
50 3332 1907
50 3796 1667
50 3421 1620
50 3869 1758
50 3109 1838
50 3375 1819
50 3060 1101
50 3166 1324
50 3760 1414
50 3713 1773
50 3790 1508
50 3741 1762
50 3173 1311
50 3136 1075
50 3389 1857
50 3905 1771
50 3661 1856
50 3921 1703
50 3820 1791
50 3085 1103
50 3599 1038
50 3429 1424
50 3107 1062
50 3334 1615
50 3207 1189
50 3931 1317
50 3747 1121
50 3647 1657
50 3716 1672
50 3337 1870
50 3082 1648
50 3870 1138
50 3841 1564
50 3584 1699
50 3036 1920
50 3059 1392
50 3694 1903
50 3256 1714
50 3593 1244
50 3509 1622
50 3005 1471
50 3134 1564
50 3726 1539
50 3492 1254
50 3965 1610
50 3382 1834
50 3716 1819
50 3421 1171
50 3866 1352
50 3741 1564
50 3839 1628
50 3831 1400
50 3158 1105
50 3797 1194
50 3150 1943
50 3470 1275
50 3790 1839
50 3577 1834
50 3280 1885
50 3505 1681
50 3961 1294
50 3429 1672
50 3244 1839
50 3130 1645
50 3689 1146
50 3959 1286
50 3092 1729
50 3326 1256
50 3287 1009
50 3807 1047
50 3974 1687
50 3892 1276
50 3785 1979
50 3812 1694
50 3984 1366
50 3259 1526
50 3298 1518
50 3039 1639
50 3409 1065
50 3369 1019
50 3655 1613
50 3645 1571
50 3343 1457
50 3555 1657
50 3149 1615
50 3248 1044
50 3869 1467
50 3267 1717
50 3897 1502
50 3221 1423
50 3730 1061
50 3147 1387
50 3169 1431
50 3227 1412
50 3725 1337
50 3048 1622
50 3974 1736
50 3119 1499
50 3785 1362
50 3435 1618
50 3241 1202
50 3056 1012
50 3690 1333
50 3575 1636
50 3913 1483
50 3207 1415
50 3597 1850
50 3853 1893
50 3929 1477
50 3796 1883
50 3716 1460
50 3833 1293
50 3385 1683
50 3854 1024
50 3520 1525
50 3857 1376
50 3709 1261
50 3086 1847
50 3377 1661
50 3076 1714
50 3817 1437
50 3574 1721
50 3974 1061
50 3695 1148
50 3907 1747
50 3157 1546
50 3887 1825
50 3639 1752
50 3809 1391
50 3758 1302
50 3829 1008
50 3492 1632
50 3621 1980
50 3158 1197
50 3205 1900
50 3016 1714
50 3361 1509
50 3055 1480
50 3708 1537
50 3313 1049
50 3410 1126
50 3424 1639
50 3166 1702
50 3124 1857
50 3452 1869
50 3129 1847
50 3112 1629
50 3532 1930
50 3819 1142
50 3987 1970
50 3557 1850
50 3944 1410
50 3660 1156
50 3671 1723
50 3400 1421
50 3324 1941
50 3405 1048
50 3198 1737
50 3234 1458
50 3332 1792
50 3649 1587
50 3382 1168
50 3923 1113
50 3906 1289
50 3240 1657
50 3997 1653
50 3276 1992
50 3292 1886
50 3368 1035
50 3214 1710
50 3412 1904
50 3564 1899
50 3956 1585
50 3381 1216
50 3030 1916
50 3257 1912
50 3659 1988
50 3333 1673
50 3213 1715
50 3121 1058
50 3398 1386
50 3078 1460
50 3728 1918
50 3330 1694
50 3852 1939
50 3394 1149
50 3983 1209
50 3276 1658
50 3223 1223
50 3937 1282
50 3639 1275
50 3786 1693
50 3424 1539
50 3448 1836
50 3395 1974
50 3281 1143
50 3127 1733
50 3632 1925
50 3928 1620
50 3157 1759
50 3166 1101
50 3934 1738
50 3735 1295
50 3400 1194
50 3569 1842
50 3952 1399
50 3156 1784
50 3600 1432
50 3440 1683
50 3580 1003
50 3740 1752
50 3981 1579
50 3145 1307
50 3548 1755
50 3338 1701
50 3563 1968
50 3557 1602
50 3917 1309
50 3033 1265
50 3796 1484
50 3505 1409
50 3038 1597
50 3019 1771
50 3237 1521
50 3547 1117
50 3823 1675
50 3039 1534
50 3141 1550
50 3210 1532
50 3162 1479
50 3136 1406
50 3749 1433
50 3048 1646
50 3904 1403
50 3108 1006
50 3034 1086
50 3786 1861
50 3557 1781
50 3026 1174
50 3131 1405
50 3816 1670
50 3596 1791
50 3351 1002
50 3566 1817
50 3823 1727
50 3846 1411
50 3446 1077
50 3650 1307
50 3244 1151
50 3161 1021
50 3190 1827
50 3289 1353
50 3487 1765
50 3004 1980
50 3835 1895
50 3486 1555
50 3752 1084
50 3049 1741
50 3108 1794
50 3222 1732
50 3639 1728
50 3119 1005
50 3408 1946
50 3992 1957
50 3292 1411
50 3897 1246
50 3276 1405
50 3365 1727
50 3516 1544
50 3247 1284
50 3767 1623
50 3959 1804
50 3250 1559
50 3593 1837
50 3862 1808
50 3541 1086
50 3015 1836
50 3818 1239
50 3473 1681
50 3582 1546
50 3609 1290
50 3623 1066
50 3682 1223
50 3827 1852
50 3244 1644
50 3228 1954
50 3857 1034
50 3855 1675
50 3087 1147
50 3534 1096
50 3870 1179
50 3161 1880
50 3715 1706
50 3923 1033
50 3102 1030
50 3588 1584
50 3062 1104
50 3938 1320
50 3770 1895
50 3274 1159
50 3355 1301
50 3774 1715
50 3006 1014
50 3932 1414
50 3887 1329
50 3265 1903
50 3414 1998
50 3100 1342
50 3393 1503
50 3770 1252
50 3851 1546
50 3245 1759
50 3672 1351
50 3409 1420
50 3622 1575
50 3388 1631
50 3944 1691
50 3680 1429
50 3869 1797
50 3540 1490
50 3804 1996
50 3980 1433
50 3018 1076
50 3957 1867
50 3817 1907
50 3867 1834
50 3040 1059
50 3426 1156
50 3626 1898
50 3331 1317
50 3324 1245
50 3555 1082
50 3579 1832
50 3333 1415
50 3068 1778
50 3186 1759
50 3650 1812
50 3578 1322
50 3978 1445
50 3809 1371
50 3382 1449
50 3409 1969
50 3973 1358
50 3330 1014
50 3842 1550
50 3991 1272
50 3843 1902
50 3788 1085
50 3554 1172
50 3263 1914
50 3083 1538
50 3118 1991
50 3270 1887
50 3473 1489
50 3932 1384
50 3639 1969
50 3459 1464
50 3117 1476
50 3740 1634
50 3253 1476
50 3006 1285
50 3157 1113
50 3013 1068
50 3257 1313
50 3151 1906
50 3903 1900
50 3052 1408
50 3465 1734
50 3989 1446
50 3956 1720
50 3162 1869
50 3192 1284
50 3802 1827
50 3391 1344
50 3463 1343
50 3690 1223
50 3830 1447
50 3241 1775
50 3024 1400
50 3945 1445
50 3892 1895
50 3943 1177
50 3294 1246
50 3426 1606
50 3921 1727
50 3548 1395
50 3108 1037
50 3776 1520
50 3314 1596
50 3096 1818
50 3823 1742
50 3706 1718
50 3320 1853
50 3486 1609
50 3131 1158
50 3426 1560
50 3601 1777
50 3810 1134
50 3149 1551
50 3470 1987
50 3020 1007
50 3306 1857
50 3381 1846
50 3089 1595
50 3574 1783
50 3531 1649
50 3607 1112
50 3767 1648
50 3714 1550
50 3882 1445
50 3657 1610
50 3958 1987
50 3663 1217
50 3384 1807
50 3647 1810
50 3757 1943
50 3673 1886
50 3152 1248
50 3305 1374
50 3572 1003
50 3883 1933
50 3040 1078
50 3932 1598
50 3908 1383
50 3108 1958
50 3795 1264
50 3282 1561
50 3525 1242
50 3704 1512
50 3118 1486
50 3052 1943
50 3228 1624
50 3790 1967
50 3305 1768
50 3143 1880
50 3576 1440
50 3492 1016
50 3180 1117
50 3636 1300
50 3362 1964
50 3550 1437
50 3064 1867
50 3412 1881
50 3039 1390
50 3455 1387
50 3047 1454
50 3524 1203
50 3806 1920
50 3544 1480
50 3729 1156
50 3981 1401
50 3782 1128
50 3778 1442
50 3812 1737
50 3261 1247
50 3796 1338
50 3807 1425
50 3246 1158
50 3184 1091
50 3939 1056
50 3371 1968
50 3952 1692
50 3554 1574
50 3927 1629
50 3817 1637
50 3652 1254
50 3492 1705
50 3929 1130
50 3858 1215
50 3715 1316
50 3625 1168
50 3293 1905
50 3656 1854
50 3056 1098
50 3608 1932
50 3085 1339
50 3997 1192
50 3972 1160
50 3479 1777
50 3623 1682
50 3238 1448
50 3797 1903
50 3383 1238
50 3639 1595
50 3635 1539
50 3062 1924
50 3728 1710
50 3491 1495
50 3275 1724
50 3798 1525
50 3865 1978
50 3087 1902
50 3027 1067
50 3446 1019
50 3706 1393
50 3758 1863
50 3932 1836
50 3313 1661
50 3459 1532
50 3386 1124
50 3577 1552
50 3118 1352
50 3525 1785
50 3414 1278
50 3097 1251
50 3152 1503
50 3654 1589
50 3589 1428
50 3124 1112
50 3148 1758
50 3751 1597
50 3123 1240
50 3962 1841
50 3991 1693
50 3758 1731
50 3574 1124
50 3095 1331
50 3544 1102
50 3216 1876
50 3928 1024
50 3029 1612
50 3686 1322
50 3954 1375
50 3447 1173
50 3937 1581
50 3841 1769
50 3857 1274
50 3537 1552
50 3289 1690
50 3695 1140
50 3553 1043
50 3147 1151
50 3105 1690
50 3482 1923
50 3160 1584
50 3860 1487
50 3833 1969
50 3656 1526
50 3479 1011
50 3178 1692
50 3114 1784
50 3679 1308
50 3923 1095
50 3382 1706
50 3209 1782
50 3622 1684
50 3620 1039
50 3618 1346
50 3434 1551
50 3287 1686
50 3811 1722
50 3872 1750
50 3344 1359
50 3529 1109
50 3944 1861
50 3394 1351
50 3051 1133
50 3685 1607
50 3686 1630
50 3940 1525
50 3000 1994
50 3938 1213
50 3382 1305
50 3996 1240
50 3005 1645
50 3857 1841
50 3780 1913
50 3730 1283
50 3034 1516
50 3878 1022
50 3567 1897
50 3795 1291
50 3117 1832
50 3521 1049
50 3311 1893
50 3854 1841
50 3919 1518
50 3154 1155
50 3948 1898
50 3264 1718
50 3865 1295
50 3414 1849
50 3249 1889
50 3753 1222
50 3802 1559
50 3483 1357
50 3339 1696
50 3682 1834
50 3632 1013
50 3333 1222
50 3042 1723
50 3348 1525
50 3790 1584
50 3261 1002
50 3628 1223
50 3230 1390
50 3226 1925
50 3089 1904
50 3438 1789
50 3138 1547
50 3459 1925
50 3842 1435
50 3294 1728
50 3404 1071
50 3376 1671
50 3338 1648
50 3336 1916
50 3625 1330
50 3340 1329
50 3699 1545
50 3575 1222
50 3629 1035
50 3824 1781
50 3690 1682
50 3519 1453
50 3258 1968
50 3411 1543
50 3402 1727
50 3141 1986
50 3216 1979
50 3828 1732
50 3851 1678
50 3330 1090
50 3996 1105
50 3799 1655
50 3923 1712
50 3100 1204
50 3708 1291
50 3642 1647
50 3153 1072
50 3907 1768
50 3255 1205
50 3785 1162
50 3677 1365
50 3164 1968
50 3641 1015
50 3559 1383
50 3822 1527
50 3215 1619
50 3871 1935
50 3531 1558
50 3161 1478
50 3349 1491
50 3876 1016
50 3482 1693
50 3994 1010
50 3464 1238
50 3497 1351
50 3203 1841
50 3975 1227
50 3394 1408
50 3935 1291
50 3051 1900
50 3783 1979
50 3244 1397
50 3696 1359
50 3944 1806
50 3775 1627
50 3668 1533
50 3707 1476
50 3755 1916
50 3172 1790
50 3145 1012
50 3527 1162
50 3635 1131
50 3919 1164
50 3071 1131
50 3645 1848
50 3594 1957
50 3611 1235
50 3946 1043
50 3532 1247
50 3505 1265
50 3026 1350
50 3160 1860
50 3047 1424
50 3798 1247
50 3745 1740
50 3017 1011
50 3727 1106
50 3522 1917
50 3264 1472
50 3871 1881
50 3386 1416
50 3517 1486
50 3803 1083
50 3102 1886
50 3605 1203
50 3417 1261
50 3131 1575
50 3251 1208
50 3592 1700
50 3013 1114
50 3517 1171
50 3514 1445
50 3384 1737
50 3362 1452
50 3428 1697
50 3398 1721
50 3756 1992
50 3286 1235
50 3581 1839
50 3751 1680
50 3258 1490
50 3206 1962
50 3468 1945
50 3686 1418
50 3871 1697
50 3909 1271
50 3683 1960
50 3583 1797
50 3221 1388
50 3998 1716
50 3530 1497
50 3141 1562
50 3685 1835
50 3736 1941
50 3388 1694
50 3865 1078
50 3523 1626
50 3184 1021
50 3247 1621
50 3740 1053
50 3442 1155
50 3854 1302
50 3055 1716
50 3532 1452
50 3939 1718
50 3461 1181
50 3756 1413
50 3212 1834
50 3255 1525
50 3491 1796
50 3053 1297
50 3172 1819
50 3425 1237
50 3683 1201
50 3387 1488
50 3421 1996
50 3020 1429
50 3556 1206
50 3549 1033
50 3940 1231
50 3413 1387
50 3104 1506
50 3966 1467
50 3334 1169
50 3273 1958
50 3658 1090
50 3604 1869
50 3667 1040
50 3971 1383
50 3394 1247
50 3995 1336
50 3541 1399
50 3205 1094
50 3823 1762
50 3715 1421
50 3894 1309
50 3429 1114
50 3421 1012
50 3335 1577
50 3662 1024
50 3334 1043
50 3225 1843
50 3028 1345
50 3864 1247
50 3034 1818
50 3260 1277
50 3932 1029
50 3108 1180
50 3361 1964
50 3293 1525
50 3920 1263
50 3510 1989
50 3860 1827
50 3199 1220
50 3367 1842
50 3486 1408
50 3120 1477
50 3155 1575
50 3001 1025
50 3878 1559
50 3617 1711
50 3271 1739
50 3746 1675
50 3196 1144
50 3561 1205
50 3296 1336
50 3572 1642
50 3823 1380
50 3220 1097
50 3851 1550
50 3308 1551
50 3236 1597
50 3904 1584
50 3236 1216
50 3421 1089
50 3001 1338
50 3764 1439
50 3637 1139
50 3164 1876
50 3716 1479
50 3779 1980
50 3331 1078
50 3347 1351
50 3345 1239
50 3946 1480
50 3134 1447
50 3217 1265
50 3988 1274
50 3446 1439
50 3142 1141
50 3216 1308
50 3332 1447
50 3777 1445
50 3788 1752
50 3822 1573
50 3721 1682
50 3363 1285
50 3078 1162
50 3063 1601
50 3895 1942
50 3194 1331
50 3511 1454
50 3695 1723
50 3907 1240
50 3500 1857
50 3681 1750
50 3323 1539
50 3643 1330
50 3194 1108
50 3796 1803
50 3703 1992
50 3385 1548
50 3866 1675
50 3840 1328
50 3781 1034
50 3167 1706
50 3577 1724
50 3031 1514
50 3207 1364
50 3014 1309
50 3300 1975
50 3302 1865
50 3255 1425
50 3683 1244
50 3116 1190
50 3628 1092
50 3823 1544
50 3162 1336
50 3304 1546
50 3210 1486
50 3690 1193
50 3521 1346
50 3683 1617
50 3506 1450
50 3763 1331
50 3225 1640
50 3066 1993
50 3644 1629
50 3972 1857
50 3534 1657
50 3213 1807
50 3145 1880
50 3771 1215
50 3372 1975
50 3258 1503
50 3827 1132
50 3607 1316
50 3715 1548
50 3489 1569
50 3944 1630
50 3506 1140
50 3480 1556
50 3628 1247
50 3931 1492
50 3744 1244
50 3462 1647
50 3405 1554
50 3860 1984
50 3413 1493
50 3834 1577
50 3308 1210
50 3606 1778
50 3033 1287
50 3486 1348
50 3374 1551
50 3816 1747
50 3091 1310
50 3848 1792
50 3551 1214
50 3694 1041
50 3431 1062
50 3000 1398
50 3843 1773
50 3159 1615
50 3270 1273
50 3155 1801
50 3611 1207
50 3989 1502
50 3558 1758
50 3379 1067
50 3825 1447
50 3320 1390
50 3280 1106
50 3934 1542
50 3428 1036
50 3183 1127
50 3260 1927
50 3542 1368
50 3712 1456
50 3515 1686
50 3328 1259
50 3359 1667
50 3296 1789
50 3701 1161
50 3453 1707
50 3325 1268
50 3680 1140
50 3458 1468
50 3167 1688
50 3864 2000
50 3654 1355
50 3584 1843
50 3478 1281
50 3406 1972
50 3075 1257
50 3759 1389
50 3929 1876
50 3036 1943
50 3678 1011
50 3250 1608
50 3176 1639
50 3858 1921
50 3841 1171
50 3845 1684
50 3559 1732
50 3762 1488
50 3461 1427
50 3437 1043
50 3416 1046
50 3108 1352
50 3040 1320
50 3013 1667
50 3163 1027
50 3092 1243
50 3344 1338
50 3161 1608
50 3141 1888
50 3506 1639
50 3549 1232
50 3193 1622
50 3827 1664
50 3172 1432
50 3060 1035
50 3031 1802
50 3441 1201
50 3307 1067
50 3807 1908
50 3134 1497
50 3776 1720
50 3857 1278
50 3700 1047
50 3454 1049
50 3052 1143
50 3137 1458
50 3518 1564
50 3873 1217
50 3410 1392
50 3036 1763
50 3409 1083
50 3706 1234
50 3827 1115
50 3591 1909
50 3083 1986
50 3315 1367
50 3059 1824
50 3311 1433
50 3587 1468
50 3519 1380
50 3038 1955
50 3326 1645
50 3048 1539
50 3225 1412
50 3252 1372
50 3336 1144
50 3025 1791
50 3630 1823
50 3950 1722
50 3861 1424
50 3190 1549
50 3490 1645
50 3194 1868
50 3720 1773
50 3604 1587
50 3960 1974
50 3554 1362
50 3999 1387
50 3944 1731
50 3253 1613
50 3244 1849
50 3449 1211
50 3019 1478
50 3670 1693
50 3968 1035
50 3561 1266
50 3231 1954
50 3131 1377
50 3275 1731
50 3397 1702
50 3395 1549
50 3892 1621
50 3818 1870
50 3294 1196
50 3036 1347
50 3563 1886
50 3394 1131
50 3177 1115
50 3781 1095
50 3863 1534
50 3037 1252
50 3943 1662
50 3488 1816
50 3099 1292
50 3980 1763
50 3449 1180
50 3305 1122
50 3454 1420
50 3058 1507
50 3043 1335
50 3675 1675
50 3625 1650
50 3807 1792
50 3621 1532
50 3532 1993
50 3659 1547
50 3370 1311
50 3478 1965
50 3000 1136
50 3564 1097
50 3137 1913
50 3696 1963
50 3052 1536
50 3769 1208
50 3594 1830
50 3679 1338
50 3403 1902
50 3312 1307
50 3738 1942
50 3787 1396
50 3326 1038
50 3832 1999
50 3765 1073
50 3816 1575
50 3168 1978
50 3193 1788
50 3785 1562
50 3427 1888
50 3565 1473
50 3570 1807
50 3461 1521
50 3316 1923
50 3733 1176
50 3023 1475
50 3171 1894
50 3994 1253
50 3251 1603
50 3983 1521
50 3218 1636
50 3270 1248
50 3043 1154
50 3156 1617
50 3821 1845
50 3184 1843
50 3167 1499
50 3574 1814
50 3105 1657
50 3264 1491
50 3954 1813
50 3041 1572
50 3733 1907
50 3405 1679
50 3405 1297
50 3801 1936
50 3956 1210
50 3949 1576
50 3213 1711
50 3075 1629
50 3699 1505
50 3892 1807
50 3977 1261
50 3899 1934
50 3373 1011
50 3975 1997
50 3048 1938
50 3051 1287
50 3356 1808
50 3890 1140
50 3091 1567
50 3768 1566
50 3741 1060
50 3220 1770
50 3648 1859
50 3599 1958
50 3371 1043
50 3543 1712
50 3058 1351
50 3936 1035
50 3858 1090
50 3085 1694
50 3138 1455
50 3418 1725
50 3305 1829
50 3356 1363
50 3713 1065
50 3732 1356
50 3692 1950
50 3945 1318
50 3684 1746
50 3949 1304
50 3188 1133
50 3382 1358
50 3763 1657
50 3305 1933
50 3170 1724
50 3232 1186
50 3874 1901
50 3151 1855
50 3121 1261
50 3246 1131
50 3982 1751
50 3915 1464
50 3987 1713
50 3393 1759
50 3753 1493
50 3978 1387
50 3542 1670
50 3190 1228
50 3647 1143
50 3161 1672
50 3123 1254
50 3329 1975
50 3993 1933
50 3101 1186
50 3800 1423
50 3251 1706
50 3348 1625
50 3005 1990
50 3481 1459
50 3242 1840
50 3420 1390
50 3695 1852
50 3202 1245
50 3662 1083
50 3217 1886
50 3651 1552
50 3332 1640
50 3384 1857
50 3171 1458
50 3798 1196
50 3284 1905
50 3308 1992
50 3836 1348
50 3343 1653
50 3185 1630
50 3910 1047
50 3155 1149
50 3970 1988
50 3638 1440
50 3038 1287
50 3763 1404
50 3439 1032
50 3939 1436
50 3088 1741
50 3868 1579
50 3651 1959
50 3088 1220
50 3041 1440
50 3992 1435
50 3246 1349
50 3557 1205
50 3972 1441
50 3322 1194
50 3990 1689
50 3473 1703
50 3372 1497
50 3628 1743
50 3917 1208
50 3906 1881
50 3135 1479
50 3391 1461
50 3045 1881
50 3793 1425
50 3424 1473
50 3442 1141
50 3145 1926
50 3801 1550
50 3920 1590
50 3334 1692
50 3493 1337
50 3429 1903
50 3395 1820
50 3540 1139
50 3928 1241
50 3844 1430
50 3655 1769
50 3798 1873
50 3599 1094
50 3742 1609
50 3259 1291
50 3229 1170
50 3960 1027
50 3834 1931
50 3075 1478
50 3209 1833
50 3319 1611
50 3732 1562
50 3648 1983
50 3431 1260
50 3815 1859
50 3824 1014
50 3624 1283
50 3697 1704
50 3173 1208
50 3578 1057
50 3255 1686
50 3311 1755
50 3579 1552
50 3798 1898
50 3081 1455
50 3787 1718
50 3220 1402
50 3435 1251
50 3486 1063
50 3110 1820
50 3526 1841
50 3912 1099
50 3374 1239
50 3374 1878
50 3381 1596
50 3607 1012
50 3757 1192
50 3627 1747
50 3388 1026
50 3597 1752
50 3590 1613
50 3824 1973
50 3221 1654
50 3729 1170
50 3884 1024
50 3946 1029
50 3489 1842
50 3510 1102
50 3250 1153
50 3579 1014
50 3197 1917
50 3576 1077
50 3680 1350
50 3625 1819
50 3838 1260
50 3332 1606
50 3053 1049
50 3238 1898
50 3561 1164
50 3228 1664
50 3066 1809
50 3370 1447
50 3337 1786
50 3332 1740
50 3411 1424
50 3424 1121
50 3654 1256
50 3701 1177
50 3766 1322
50 3575 1131
50 3315 1062
50 3262 1024
50 3255 1525
50 3047 1475
50 3073 1905
50 3636 1157
50 3138 1373
50 3182 1054
50 3085 1796
50 3183 1892
50 3817 1194
50 3195 1946
50 3046 1957
50 3473 1375
50 3290 1954
50 3871 1626
50 3844 1299
50 3178 1841
50 3634 1244
50 3252 1910
50 3289 1660
50 3742 1232
50 3212 1448
50 3808 1371
50 3239 1777
50 3452 1483
50 3392 1085
50 3157 1456
50 3051 1277
50 3264 1236
50 3765 1603
50 3784 1919
50 3705 1717
50 3642 1239
50 3601 1279
50 3610 1444
50 3436 1003
50 3304 1020
50 3199 1830
50 3412 1478
50 3413 1786
50 3001 1464
50 3653 1867
50 3463 1907
50 3456 1716
50 3831 1755
50 3969 1645
50 4000 1395
50 3048 1562
50 3334 1931
50 3374 1609
50 3804 1875
50 3919 1476
50 3595 1841
50 3385 1502
50 3271 1069
50 3884 1381
50 3587 1073
50 3835 1364
50 3785 1793
50 3264 1639
50 3365 1586
50 3663 1075
50 3274 1871
50 3616 1585
50 3235 1946
50 3771 1239
50 3757 1748
50 3122 1508
50 3543 1294
50 3254 1645
50 3173 1613
50 3622 1056
50 3524 1780
50 3187 1573
50 3679 1493
50 3454 1897
50 3549 1708
50 3534 1921
50 3246 1100
50 3791 1084
50 3130 1178
50 3845 1993
50 3073 1968
50 3955 1541
50 3329 1856
50 3593 1093
50 3645 1674
50 3006 1480
50 3274 1643
50 3222 1027
50 3418 1531
50 3101 1686
50 3084 1411
50 3387 1275
50 3113 1964
50 3359 1169
50 3230 1381
50 3034 1991
50 3057 1790
50 3536 1484
50 3611 1938
50 3010 1621
50 3841 1579
50 3966 1248
50 3618 1721
50 3997 1951
50 3627 1652
50 3551 1751
50 3303 1514
50 3427 1623
50 3209 1215
50 3400 1272
50 3971 1703
50 3435 1907
50 3963 1313
50 3219 1211
50 3024 1701
50 3599 1049
50 3901 1957
50 3696 1226
50 3897 1385
50 3349 1315
50 3137 1520
50 3200 1293
50 3405 1446
50 3659 1350
50 3747 1148
50 3360 1414
50 3882 1909
50 3641 1322
50 3158 1156
50 3922 1946
50 3809 1432
50 3061 1013
50 3818 1740
50 3094 1176
50 3052 1218
50 3002 1437
50 3745 1821
50 3091 1639
50 3357 1285
50 3765 1321
50 3220 1122
50 3000 1776
50 3458 1676
50 3699 1521
50 3439 1615
50 3179 1492
50 3759 1817
50 3979 1983
50 3261 1485
50 3705 1129
50 3533 1592
50 3241 1716
50 3885 1754
50 3972 1972
50 3730 1454
50 3241 1350
50 3523 1892
50 3732 1558
50 3924 1845
50 3046 1587
50 3019 1786
50 3178 1415
50 4000 1051
50 3242 1815
50 4000 1576
50 3903 1616
50 3885 1209
50 3229 1305
50 3185 1193
50 3721 1594
50 3688 1253
50 3032 1449
50 3804 1246
50 3138 1037
50 3780 1989
50 3983 1247
50 3579 1426
50 3266 1635
50 3142 1643
50 3724 1998
50 3005 1314
50 3989 1095
50 3241 1857
50 3221 1982
50 3881 1867
50 3593 1054
50 3900 1495
50 3303 1547
50 3572 1998
50 3593 1053
50 3395 1737
50 3569 1112
50 3718 1540
50 3258 1530
50 3624 1774
50 3298 1946
50 3639 1236
50 3954 1671
50 3979 1998
50 3505 1061
50 3731 1189
50 3051 1344
50 3370 1672
50 3831 1971
50 3365 1198
50 3720 1678
50 3933 1246
50 3849 1697
50 3724 1937
50 3010 1342
50 3023 1659
50 3937 1482
50 3089 1898
50 3677 1286
50 3763 1652
50 3204 1869
50 3744 1921
50 3134 1790
50 3149 1486
50 3677 1824
50 3149 1470
50 3222 1409
50 3176 1194
50 3041 1741
50 3981 1039
50 3770 1099
50 3157 1576
50 3702 1042
50 3150 1572
50 3924 1490
50 3508 1440
50 3919 1325
50 3457 1323
50 3291 1954
50 3402 1396
50 3497 1769
50 3449 1934
50 3292 1701
50 3626 1106
50 3345 1686
50 3113 1480
50 3798 1556
50 3277 1070
50 3757 1261
50 3798 1659
50 3717 1703
50 3688 1947
50 3841 1784
50 3661 1674
50 3303 1503
50 3256 1708
50 3719 1505
50 3030 1540
50 3723 1834
50 3869 1276
50 3889 1463
50 3808 1680
50 3858 1138
50 3839 1223
50 3210 1276
50 3757 1131
50 3173 1849
50 3369 1186
50 3425 1869
50 3394 1745
50 3625 1171
50 3727 1889
50 3092 1057
50 3815 1256
50 3824 1545
50 3656 1837
50 3303 1358
50 3389 1316
50 3836 1928
50 3772 1241
50 3120 1846
50 3953 1507
50 3739 1686
50 3853 1017
50 3138 1748
50 3851 1892
50 3885 1321
50 3482 1142
50 3167 1424
50 3661 1507
50 3327 1992
50 3998 1714
50 3388 1093
50 3726 1430
50 3723 1088
50 3846 1360
50 3059 1486
50 3394 1944
50 3693 1848
50 3229 1961
50 3683 1137
50 3983 1253
50 3956 1250
50 3336 1145
50 3223 1784
50 3505 1688
50 3888 1390
50 3089 1098
50 3454 1481
50 3814 1236
50 3423 1350
50 3662 1357
50 3586 1496
50 3114 1244
50 3058 1440
50 3445 1522
50 3535 1359
50 3195 1648
50 3119 1315
50 3023 1346
50 3709 1699
50 3834 1471
50 3640 1189
50 3083 1106
50 3807 1186
50 3542 1364
50 3269 1771
50 3288 1409
50 3843 1407
50 3475 1008
50 3651 1475
50 3928 1766
50 3830 1532
50 3380 1689
50 3675 1375
50 3521 1106
50 3185 1996
50 3450 1758
50 3751 1189
50 3966 1669
50 3329 1138
50 3811 1329
50 3889 1681
50 3100 1851
50 3349 1466
50 3867 1997
50 3430 1805
50 3338 1431
50 3042 1599
50 3589 1493
50 3189 1307
50 3554 1889
50 3585 1822
50 3485 1848
50 3792 1880
50 3380 1747
50 3108 1500
50 3016 1334
50 3360 1795
50 3951 1379
50 3921 1976
50 3546 1500
50 3177 1314
50 3332 1264
50 3997 1566
50 3300 1370
50 3079 1395
50 3619 1577
50 3883 1659
50 3856 1574
50 3617 1169
50 3315 1063
50 3753 1207
50 3924 1156
50 3619 1534
50 3990 1932
50 3069 1511
50 3414 1336
50 3779 1912
50 3703 1461
50 3176 1989
50 3996 1320
50 3511 1945
50 3121 1556
50 3281 1074
50 3087 1342
50 3428 1765
50 3414 1050
50 3589 1666
50 3104 1932
50 3614 1903
50 3623 1472
50 3059 1034
50 3973 1688
50 3322 1741
50 3591 1173
50 3932 1236
50 3238 1577
50 3531 1291
50 3962 1414
50 3638 1059
50 3475 1926
50 3539 1071
50 3706 1753
50 3267 1363
50 3251 1634
50 3893 1423
50 3481 1302
50 3422 1661
50 3107 1949
50 3730 1996
50 3040 1084
50 3589 1495
50 3141 1178
50 3719 1547
50 3081 1674
50 3129 1734
50 3851 1509
50 3010 1266
50 3483 1755
50 3433 1893
50 3485 1882
50 3524 1668
50 3671 1485
50 3037 1774
50 3562 1772
50 3462 1786
50 3569 1668
50 3908 1712
50 3242 1779
50 3532 1804
50 3856 1787
50 3074 1879
50 3585 1004
50 3349 1383
50 3533 1480
50 3434 1933
50 3107 1186
50 3241 1830
50 3590 1020
50 3266 1498
50 3722 1274
50 3852 1129
50 3556 1865
50 3967 1590
50 3075 1448
50 3842 1011
50 3587 1635
50 3630 1360
50 3266 1628
50 3628 1601
50 3596 1085
50 3503 1851
50 3487 1240
50 3878 1987
50 3634 1405
50 3215 1352
50 3377 1159
50 3135 1476
50 3156 1907
50 3018 1255
50 3281 1465
50 3256 1881
50 3630 1848
50 3744 1752
50 3946 1355
50 3960 1419
50 3506 1401
50 3273 1389
50 3128 1887
50 3349 1255
50 3503 1715
50 3968 1778
50 3937 1313
50 3943 1674
50 3438 1711
50 3485 1196
50 3495 1054
50 3990 1571
50 3770 1805
50 3227 1729
50 3937 1893
50 3452 1778
50 3084 1878
50 3395 1127
50 3652 1410
50 3483 1286
50 3401 1388
50 3123 1923
50 3638 1694
50 3181 1714
50 3552 1749
50 3014 1364
50 3083 1318
50 3171 1894
50 3744 1200
50 3426 1932
50 3757 1179
50 3654 1838
50 3399 1298
50 3966 1413
50 3702 1072
50 3641 1971
50 3302 1907
50 3054 1950
50 3329 1649
50 3669 1837
50 3222 1373
50 3466 1790
50 3390 1741
50 3174 1213
50 3891 1864
50 3882 1141
50 3432 1082
50 3724 1302
