2000
50 4142 6
50 4946 10
50 4618 8
50 4208 3
50 4075 3
50 4821 4
50 4630 5
50 4888 5
50 4458 2
50 4087 2
50 4947 8
50 4507 2
50 4490 1
50 4497 1
50 4049 6
50 4037 4
50 4975 4
50 4915 10
50 4597 1
50 4413 4
50 4482 10
50 4329 1
50 4733 5
50 4282 7
50 4423 3
50 4044 3
50 4966 10
50 4483 7
50 4743 10
50 4902 5
50 4036 8
50 4256 8
50 4509 3
50 4321 1
50 4935 5
50 4480 2
50 4539 9
50 4674 7
50 4240 4
50 4910 6
50 4256 5
50 4106 4
50 4545 2
50 4552 5
50 4490 3
50 4373 9
50 4691 8
50 4730 9
50 4120 6
50 4004 3
50 4913 3
50 4586 8
50 4501 9
50 4771 7
50 4172 2
50 4802 3
50 4523 9
50 4810 7
50 4547 9
50 4187 6
50 4646 2
50 4759 1
50 4448 9
50 4909 4
50 4180 3
50 4496 6
50 4212 4
50 4677 4
50 4212 1
50 4222 8
50 4659 9
50 4281 4
50 4004 10
50 4217 6
50 4559 3
50 4346 6
50 4081 8
50 4335 6
50 4297 8
50 4368 2
50 4314 3
50 4559 3
50 4885 7
50 4609 3
50 4403 2
50 4478 4
50 4394 5
50 4885 1
50 4876 9
50 4628 4
50 4799 8
50 4599 8
50 4616 4
50 4973 1
50 4186 4
50 4716 9
50 4617 3
50 4600 8
50 4311 8
50 4069 7
50 4060 3
50 4244 2
50 4542 8
50 4566 7
50 4203 1
50 4156 5
50 4039 7
50 4085 3
50 4322 2
50 4357 2
50 4338 1
50 4948 10
50 4747 6
50 4528 3
50 4015 10
50 4248 3
50 4475 5
50 4688 5
50 4745 4
50 4409 8
50 4412 2
50 4494 4
50 4811 6
50 4279 3
50 4164 8
50 4979 6
50 4377 10
50 4168 9
50 4196 3
50 4028 1
50 4261 6
50 4707 3
50 4396 6
50 4327 8
50 4113 5
50 4779 6
50 4222 8
50 4804 10
50 4352 6
50 4432 2
50 4393 4
50 4412 3
50 4805 5
50 4098 6
50 4751 5
50 4375 9
50 4799 9
50 4203 5
50 4601 6
50 4915 4
50 4694 2
50 4889 1
50 4271 4
50 4791 3
50 4965 4
50 4818 5
50 4070 8
50 4895 5
50 4831 2
50 4004 4
50 4855 9
50 4749 4
50 4084 3
50 4475 7
50 4604 8
50 4746 10
50 4868 1
50 4180 7
50 4039 9
50 4391 2
50 4099 2
50 4043 10
50 4478 8
50 4332 6
50 4945 1
50 4841 2
50 4185 6
50 4789 10
50 4604 10
50 4166 7
50 4480 10
50 4870 1
50 4758 9
50 4039 5
50 4048 3
50 4023 7
50 4083 4
50 4824 2
50 4578 8
50 4492 1
50 4954 8
50 4778 4
50 4712 3
50 4749 3
50 4420 7
50 4001 8
50 4988 6
50 4937 2
50 4228 4
50 4504 10
50 4304 7
50 4088 4
50 4118 2
50 4110 6
50 4319 5
50 4364 5
50 4555 3
50 4247 10
50 4603 6
50 4760 9
50 4997 3
50 4670 4
50 4709 2
50 4719 7
50 4708 9
50 4155 4
50 4779 10
50 4598 6
50 4614 10
50 4722 7
50 4925 8
50 4297 10
50 4621 1
50 4402 9
50 4543 4
50 4474 1
50 4992 4
50 4127 2
50 4787 5
50 4706 5
50 4134 9
50 4529 5
50 4380 2
50 4684 9
50 4909 5
50 4269 3
50 4926 3
50 4222 8
50 4674 4
50 4405 4
50 4080 6
50 4735 9
50 4205 8
50 4710 10
50 4477 3
50 4339 3
50 4078 3
50 4050 3
50 4484 6
50 4737 2
50 4232 3
50 4613 10
50 4872 2
50 4861 4
50 4057 1
50 4713 9
50 4537 3
50 4340 1
50 4650 6
50 4578 7
50 4756 6
50 4668 1
50 4790 6
50 4249 8
50 4411 8
50 4025 3
50 4530 9
50 4390 3
50 4506 5
50 4854 3
50 4358 6
50 4631 5
50 4686 2
50 4389 6
50 4430 2
50 4580 6
50 4205 1
50 4082 8
50 4155 8
50 4566 10
50 4361 8
50 4393 1
50 4995 9
50 4796 4
50 4497 6
50 4535 8
50 4498 3
50 4543 4
50 4026 9
50 4189 1
50 4659 2
50 4994 9
50 4959 6
50 4820 10
50 4340 3
50 4108 8
50 4346 1
50 4622 7
50 4194 4
50 4616 9
50 4603 7
50 4413 2
50 4745 4
50 4968 3
50 4477 6
50 4779 2
50 4070 8
50 4573 1
50 4171 10
50 4629 3
50 4063 1
50 4248 5
50 4709 10
50 4204 5
50 4128 2
50 4080 3
50 4029 7
50 4946 9
50 4449 9
50 4253 7
50 4828 7
50 4403 4
50 4501 6
50 4394 8
50 4714 6
50 4690 10
50 4424 4
50 4443 1
50 4560 9
50 4982 5
50 4996 2
50 4837 6
50 4426 7
50 4340 9
50 4548 3
50 4972 5
50 4824 6
50 4677 7
50 4206 7
50 4596 2
50 4796 1
50 4997 5
50 4597 8
50 4431 1
50 4958 1
50 4033 2
50 4225 7
50 4689 10
50 4602 8
50 4636 5
50 4458 4
50 4584 9
50 4855 3
50 4600 2
50 4402 3
50 4267 3
50 4283 5
50 4308 5
50 4715 4
50 4286 6
50 4346 10
50 4523 8
50 4445 5
50 4425 5
50 4667 3
50 4617 7
50 4461 9
50 4834 9
50 4058 9
50 4598 9
50 4069 3
50 4470 1
50 4907 3
50 4528 7
50 4572 5
50 4930 5
50 4725 3
50 4779 5
50 4401 7
50 4929 2
50 4357 6
50 4504 9
50 4569 9
50 4276 4
50 4819 10
50 4379 4
50 4478 6
50 4579 4
50 4427 1
50 4815 6
50 4419 6
50 4830 1
50 4439 4
50 4908 6
50 4844 1
50 4153 1
50 4393 8
50 4842 10
50 4527 10
50 4521 4
50 4636 1
50 4607 4
50 4715 8
50 4660 1
50 4265 6
50 4244 5
50 4252 1
50 4671 9
50 4828 1
50 4811 5
50 4156 5
50 4367 8
50 4634 5
50 4039 3
50 4493 3
50 4727 1
50 4868 5
50 4972 9
50 4328 4
50 4916 9
50 4192 8
50 4755 7
50 4686 10
50 4445 9
50 4852 5
50 4223 3
50 4287 6
50 4424 5
50 4832 7
50 4541 5
50 4739 2
50 4366 2
50 4746 4
50 4722 6
50 4931 3
50 4012 6
50 4257 6
50 4811 7
50 4805 1
50 4974 2
50 4548 6
50 4723 6
50 4868 10
50 4095 8
50 4499 6
50 4263 2
50 4383 8
50 4391 1
50 4905 5
50 4886 9
50 4331 5
50 4794 6
50 4901 4
50 4464 6
50 4087 10
50 4199 5
50 4777 1
50 4809 4
50 4019 10
50 4296 5
50 4819 7
50 4268 7
50 4460 6
50 4250 1
50 4523 6
50 4140 4
50 4274 4
50 4160 4
50 4643 1
50 4991 5
50 4788 8
50 4907 10
50 4435 9
50 4012 10
50 4075 2
50 4589 5
50 4868 5
50 4556 3
50 4718 10
50 4383 8
50 4491 9
50 4040 5
50 4942 1
50 4397 7
50 4387 1
50 4123 4
50 4498 7
50 4545 4
50 4365 7
50 4627 2
50 4925 9
50 4545 2
50 4086 8
50 4062 3
50 4222 7
50 4013 7
50 4717 4
50 4961 5
50 4397 8
50 4576 8
50 4835 2
50 4597 7
50 4526 8
50 4978 9
50 4272 3
50 4385 7
50 4877 2
50 4981 9
50 4080 6
50 4463 8
50 4446 7
50 4072 2
50 4058 7
50 4768 8
50 4911 10
50 4087 3
50 4099 1
50 4610 6
50 4662 1
50 4269 1
50 4087 9
50 4285 8
50 4586 6
50 4074 5
50 4526 6
50 4425 1
50 4690 3
50 4190 10
50 4922 3
50 4078 8
50 4131 8
50 4947 4
50 4788 6
50 4531 3
50 4496 4
50 4890 3
50 4635 1
50 4475 8
50 4943 6
50 4219 5
50 4809 5
50 4709 2
50 4424 10
50 4193 10
50 4020 2
50 4646 8
50 4128 9
50 4810 1
50 4976 8
50 4375 2
50 4499 9
50 4860 4
50 4884 6
50 4845 4
50 4579 1
50 4068 3
50 4182 2
50 4331 8
50 4545 7
50 4908 9
50 4231 7
50 4456 4
50 4717 8
50 4989 3
50 4830 5
50 4963 6
50 4962 3
50 4325 4
50 4171 2
50 4462 6
50 4202 6
50 4895 5
50 4902 6
50 4254 9
50 4054 10
50 4214 8
50 4355 8
50 4290 2
50 4610 6
50 4302 5
50 4801 5
50 4601 5
50 4952 6
50 4326 2
50 4364 5
50 4903 8
50 4505 6
50 4381 7
50 4660 7
50 4266 4
50 4825 9
50 4792 7
50 4741 6
50 4477 10
50 4119 10
50 4897 10
50 4181 10
50 4931 2
50 4551 4
50 4546 1
50 4275 9
50 4219 6
50 4674 9
50 4387 7
50 4891 10
50 4334 8
50 4650 10
50 4518 2
50 4189 4
50 4786 4
50 4374 7
50 4664 3
50 4905 4
50 4818 6
50 4192 10
50 4664 8
50 4431 3
50 4775 5
50 4325 6
50 4107 10
50 4748 7
50 4559 2
50 4443 5
50 4284 4
50 4825 1
50 4374 2
50 4955 2
50 4631 1
50 4400 1
50 4837 8
50 4618 4
50 4452 1
50 4747 1
50 4082 8
50 4312 8
50 4635 9
50 4868 7
50 4386 5
50 4223 9
50 4420 3
50 4523 8
50 4645 8
50 4181 10
50 4923 8
50 4213 10
50 4881 8
50 4201 4
50 4631 6
50 4082 8
50 4008 8
50 4722 2
50 4323 5
50 4206 6
50 4703 5
50 4128 9
50 4141 9
50 4737 3
50 4026 3
50 4990 1
50 4088 4
50 4512 6
50 4497 9
50 4621 1
50 4709 9
50 4033 10
50 4719 8
50 4353 4
50 4091 6
50 4852 6
50 4495 5
50 4221 7
50 4226 4
50 4922 3
50 4189 9
50 4060 7
50 4012 3
50 4035 9
50 4308 10
50 4307 4
50 4321 7
50 4073 5
50 4175 3
50 4094 8
50 4400 2
50 4683 10
50 4149 7
50 4068 1
50 4445 7
50 4367 9
50 4917 7
50 4891 10
50 4332 2
50 4925 2
50 4307 1
50 4706 9
50 4197 5
50 4256 3
50 4355 3
50 4017 3
50 4373 8
50 4771 4
50 4810 3
50 4034 8
50 4815 6
50 4949 10
50 4430 8
50 4109 9
50 4850 9
50 4407 2
50 4092 7
50 4358 10
50 4746 10
50 4665 7
50 4867 10
50 4994 5
50 4780 8
50 4560 8
50 4052 4
50 4218 4
50 4957 8
50 4800 7
50 4759 9
50 4128 4
50 4374 5
50 4697 1
50 4758 3
50 4407 4
50 4986 10
50 4982 10
50 4488 10
50 4617 9
50 4751 1
50 4948 5
50 4380 1
50 4577 4
50 4374 9
50 4993 10
50 4928 9
50 4760 8
50 4770 4
50 4655 7
50 4944 7
50 4840 3
50 4041 8
50 4229 8
50 4529 5
50 4691 9
50 4037 3
50 4815 4
50 4760 4
50 4341 10
50 4828 8
50 4148 3
50 4568 1
50 4606 2
50 4339 3
50 4027 10
50 4299 5
50 4773 2
50 4442 6
50 4482 2
50 4986 8
50 4495 6
50 4451 6
50 4215 7
50 4823 7
50 4542 9
50 4531 9
50 4679 1
50 4970 4
50 4161 2
50 4707 8
50 4581 10
50 4805 2
50 4751 9
50 4028 10
50 4560 10
50 4525 6
50 4003 6
50 4344 7
50 4082 1
50 4920 7
50 4497 1
50 4786 8
50 4766 1
50 4163 9
50 4998 8
50 4575 2
50 4681 7
50 4285 9
50 4291 3
50 4379 5
50 4722 8
50 4886 8
50 4979 4
50 4501 5
50 4084 3
50 4075 10
50 4104 3
50 4220 1
50 4323 5
50 4377 5
50 4240 4
50 4557 5
50 4320 9
50 4857 6
50 4800 5
50 4097 10
50 4336 7
50 4378 4
50 4651 10
50 4015 4
50 4871 1
50 4022 5
50 4173 7
50 4848 6
50 4253 6
50 4111 6
50 4614 6
50 4661 9
50 4784 6
50 4987 3
50 4210 7
50 4496 8
50 4720 9
50 4477 1
50 4593 5
50 4907 8
50 4009 6
50 4320 7
50 4345 3
50 4406 10
50 4966 4
50 4662 5
50 4188 7
50 4530 5
50 4766 5
50 4202 6
50 4038 5
50 4656 5
50 4978 2
50 4147 4
50 4226 1
50 4066 8
50 4818 8
50 4277 7
50 4809 4
50 4884 8
50 4663 6
50 4540 6
50 4459 8
50 4526 8
50 4282 10
50 4902 5
50 4964 10
50 4960 10
50 4041 1
50 4330 4
50 4763 4
50 4242 5
50 4036 1
50 4315 1
50 4596 3
50 4991 4
50 4946 9
50 4272 5
50 4615 5
50 4705 2
50 4235 1
50 4563 6
50 4046 2
50 4573 9
50 4082 5
50 4649 7
50 4017 3
50 4270 6
50 4426 8
50 4843 10
50 4322 2
50 4858 7
50 4985 5
50 4596 8
50 4262 4
50 4743 7
50 4990 6
50 4610 4
50 4758 3
50 4121 6
50 4359 4
50 4394 10
50 4773 8
50 4722 6
50 4329 10
50 4468 1
50 4525 4
50 4776 2
50 4264 2
50 4596 8
50 4798 1
50 4519 1
50 4402 4
50 4357 8
50 4152 7
50 4927 8
50 4351 1
50 4695 6
50 4463 9
50 4034 8
50 4610 1
50 4130 2
50 4323 10
50 4719 3
50 4854 1
50 4145 8
50 4904 8
50 4646 2
50 4298 5
50 4960 7
50 4184 10
50 4042 3
50 4468 5
50 4868 3
50 4761 10
50 4662 3
50 4849 6
50 4843 8
50 4568 7
50 4855 5
50 4996 2
50 4010 6
50 4858 1
50 4910 3
50 4343 8
50 4534 7
50 4747 10
50 4429 2
50 4464 4
50 4339 3
50 4905 3
50 4219 7
50 4261 2
50 4338 2
50 4150 2
50 4072 7
50 4131 3
50 4246 4
50 4130 5
50 4943 10
50 4998 4
50 4400 3
50 4050 3
50 4382 9
50 4143 2
50 4071 3
50 4454 10
50 4701 3
50 4428 10
50 4104 4
50 4823 4
50 4323 1
50 4639 10
50 4137 10
50 4347 1
50 4578 5
50 4003 8
50 4375 7
50 4045 8
50 4355 10
50 4198 7
50 4285 4
50 4633 8
50 4138 2
50 4015 6
50 4503 10
50 4941 8
50 4514 9
50 4370 10
50 4200 1
50 4602 5
50 4220 7
50 4939 7
50 4771 9
50 4547 3
50 4856 3
50 4307 8
50 4864 10
50 4291 6
50 4911 4
50 4145 4
50 4964 4
50 4398 8
50 4634 3
50 4159 1
50 4506 7
50 4291 9
50 4253 5
50 4220 9
50 4217 3
50 4364 4
50 4290 10
50 4817 10
50 4421 4
50 4521 2
50 4048 5
50 4218 5
50 4385 9
50 4128 6
50 4074 10
50 4291 9
50 4189 2
50 4301 2
50 4930 7
50 4357 5
50 4948 8
50 4351 6
50 4498 8
50 4701 8
50 4059 7
50 4046 7
50 4777 2
50 4475 2
50 4865 3
50 4320 9
50 4383 3
50 4908 8
50 4912 6
50 4564 5
50 4826 10
50 4458 1
50 4261 2
50 4139 10
50 4303 5
50 4924 7
50 4475 9
50 4617 4
50 4916 6
50 4826 6
50 4569 7
50 4063 1
50 4854 10
50 4443 1
50 4601 9
50 4870 3
50 4773 2
50 4923 6
50 4085 3
50 4697 7
50 4830 5
50 4172 10
50 4653 6
50 4910 4
50 4460 8
50 4161 10
50 4752 3
50 4202 4
50 4255 5
50 4188 1
50 4277 1
50 4385 5
50 4652 10
50 4847 10
50 4180 4
50 4360 6
50 4795 2
50 4473 4
50 4990 7
50 4919 4
50 4605 6
50 4889 6
50 4288 10
50 4881 9
50 4509 6
50 4978 6
50 4681 10
50 4824 7
50 4288 7
50 4054 10
50 4630 10
50 4074 6
50 4959 6
50 4993 2
50 4265 6
50 4446 4
50 4920 1
50 4690 9
50 4223 2
50 4772 1
50 4580 7
50 4818 9
50 4705 4
50 4245 5
50 4031 10
50 4118 9
50 4552 6
50 4339 8
50 4556 1
50 4148 7
50 4711 10
50 4354 10
50 4958 8
50 4972 2
50 4731 8
50 4322 10
50 4492 2
50 4914 8
50 4932 4
50 4276 3
50 4566 6
50 4370 3
50 4969 6
50 4814 5
50 4132 9
50 4752 7
50 4929 4
50 4223 4
50 4059 2
50 4971 3
50 4944 2
50 4477 3
50 4452 8
50 4100 10
50 4103 2
50 4286 10
50 4865 6
50 4504 10
50 4222 2
50 4501 8
50 4340 4
50 4613 5
50 4292 10
50 4240 3
50 4121 1
50 4436 3
50 4040 2
50 4590 5
50 4052 4
50 4903 4
50 4326 6
50 4743 6
50 4662 1
50 4854 8
50 4630 3
50 4018 10
50 4866 8
50 4490 2
50 4506 8
50 4801 7
50 4681 10
50 4188 4
50 4298 9
50 4298 4
50 4966 6
50 4099 3
50 4321 3
50 4719 10
50 4281 8
50 4224 1
50 4997 4
50 4696 7
50 4828 8
50 4476 7
50 4583 9
50 4393 4
50 4357 3
50 4625 10
50 4472 10
50 4041 5
50 4224 2
50 4466 2
50 4048 3
50 4911 5
50 4242 9
50 4419 8
50 4779 4
50 4141 9
50 4708 10
50 4949 1
50 4352 2
50 4612 10
50 4426 1
50 4239 5
50 4765 2
50 4139 9
50 4578 8
50 4896 6
50 4203 10
50 4684 2
50 4982 6
50 4409 3
50 4285 1
50 4135 10
50 4861 1
50 4037 1
50 4483 8
50 4195 5
50 4805 8
50 4308 5
50 4300 5
50 4018 6
50 4258 8
50 4688 10
50 4948 4
50 4574 8
50 4274 7
50 4267 4
50 4034 9
50 4838 7
50 4976 9
50 4479 9
50 4190 7
50 4552 3
50 4297 4
50 4549 5
50 4121 9
50 4094 3
50 4999 5
50 4175 6
50 4992 4
50 4734 9
50 4505 1
50 4780 9
50 4737 1
50 4352 1
50 4627 7
50 4157 8
50 4980 1
50 4513 7
50 4931 1
50 4666 4
50 4820 10
50 4653 6
50 4049 9
50 4767 4
50 4382 7
50 4820 10
50 4637 5
50 4148 5
50 4193 4
50 4357 8
50 4108 9
50 4953 7
50 4544 10
50 4462 3
50 4652 6
50 4363 7
50 4096 7
50 4626 7
50 4905 5
50 4171 4
50 4736 8
50 4843 2
50 4809 1
50 4941 8
50 4467 3
50 4516 8
50 4190 6
50 4728 2
50 4404 4
50 4775 7
50 4561 10
50 4606 8
50 4530 4
50 4242 1
50 4624 7
50 4182 5
50 4949 8
50 4996 1
50 4854 8
50 4600 7
50 4436 3
50 4559 9
50 4853 7
50 4595 2
50 4223 5
50 4228 5
50 4881 5
50 4332 7
50 4876 2
50 4172 9
50 4559 9
50 4690 1
50 4797 7
50 4940 7
50 4549 3
50 4896 3
50 4647 6
50 4106 10
50 4876 2
50 4740 5
50 4408 1
50 4872 6
50 4791 4
50 4270 3
50 4614 9
50 4214 9
50 4333 3
50 4627 6
50 4158 7
50 4286 2
50 4478 10
50 4860 3
50 4341 8
50 4543 8
50 4288 3
50 4573 3
50 4145 4
50 4442 8
50 4656 3
50 4821 2
50 4651 3
50 4855 10
50 4544 10
50 4617 8
50 4839 4
50 4427 4
50 4124 6
50 4989 1
50 4232 8
50 4261 4
50 4726 6
50 4705 10
50 4110 3
50 4143 3
50 4042 3
50 4407 3
50 4899 2
50 4281 8
50 4117 10
50 4732 9
50 4705 3
50 4921 3
50 4710 4
50 4026 7
50 4459 3
50 4642 9
50 4448 4
50 4785 7
50 4789 10
50 4922 8
50 4981 2
50 4320 8
50 4423 8
50 4176 5
50 4741 7
50 4742 9
50 4810 8
50 4595 3
50 4391 6
50 4820 6
50 4974 3
50 4693 6
50 4140 3
50 4923 2
50 4038 9
50 4067 3
50 4489 1
50 4566 3
50 4642 1
50 4562 9
50 4303 7
50 4766 2
50 4436 7
50 4963 7
50 4621 3
50 4530 2
50 4421 6
50 4719 6
50 4070 1
50 4070 5
50 4979 7
50 4719 9
50 4128 6
50 4049 2
50 4663 1
50 4067 3
50 4035 4
50 4003 3
50 4885 10
50 4890 5
50 4608 5
50 4384 4
50 4990 8
50 4558 9
50 4112 2
50 4769 8
50 4811 10
50 4207 8
50 4190 7
50 4835 5
50 4244 5
50 4305 5
50 4045 5
50 4333 7
50 4199 9
50 4570 6
50 4634 6
50 4653 2
50 4796 6
50 4310 2
50 4745 4
50 4437 5
50 4532 2
50 4393 2
50 4099 7
50 4530 8
50 4817 7
50 4070 4
50 4956 7
50 4206 6
50 4263 4
50 4512 5
50 4799 7
50 4778 2
50 4542 9
50 4172 3
50 4877 2
50 4289 8
50 4633 1
50 4463 4
50 4821 1
50 4781 4
50 4471 5
50 4729 10
50 4215 8
50 4664 9
50 4582 4
50 4824 2
50 4204 9
50 4379 7
50 4712 10
50 4440 7
50 4265 8
50 4432 2
50 4484 5
50 4232 8
50 4695 9
50 4986 1
50 4663 7
50 4655 5
50 4422 4
50 4362 2
50 4854 1
50 4969 4
50 4024 6
50 4853 2
50 4212 2
50 4004 9
50 4594 8
50 4160 8
50 4830 3
50 4005 6
50 4955 2
50 4284 9
50 4609 8
50 4133 7
50 4215 2
50 4658 6
50 4870 1
50 4073 9
50 4041 5
50 4302 2
50 4687 8
50 4118 8
50 4061 4
50 4056 8
50 4062 2
50 4689 4
50 4600 5
50 4770 6
50 4036 3
50 4316 7
50 4616 10
50 4833 6
50 4828 9
50 4381 2
50 4729 5
50 4569 3
50 4189 4
50 4018 4
50 4477 10
50 4242 7
50 4296 7
50 4818 6
50 4259 2
50 4935 10
50 4546 4
50 4223 5
50 4540 7
50 4643 6
50 4220 3
50 4321 9
50 4181 9
50 4720 5
50 4776 2
50 4320 2
50 4667 6
50 4203 9
50 4488 5
50 4849 8
50 4395 10
50 4092 1
50 4970 7
50 4712 6
50 4609 10
50 4532 5
50 4100 8
50 4536 1
50 4703 6
50 4766 9
50 4493 8
50 4117 2
50 4165 8
50 4306 5
50 4287 6
50 4301 6
50 4121 9
50 4598 9
50 4224 7
50 4621 6
50 4372 5
50 4921 1
50 4436 1
50 4937 3
50 4602 4
50 4152 5
50 4756 2
50 4786 6
50 4129 1
50 4931 10
50 4329 10
50 4798 3
50 4825 6
50 4805 8
50 4923 4
50 4080 8
50 4099 3
50 4057 1
50 4580 5
50 4885 8
50 4491 10
50 4041 2
50 4443 10
50 4256 1
50 4368 4
50 4455 5
50 4350 8
50 4421 10
50 4380 3
50 4572 7
50 4348 8
50 4300 4
50 4837 2
50 4461 9
50 4557 3
50 4425 3
50 4208 6
50 4124 1
50 4858 3
50 4207 1
50 4395 4
50 4821 5
50 4021 5
50 4489 9
50 4562 6
50 4507 8
50 4074 2
50 4304 10
50 4347 8
50 4885 7
50 4870 3
50 4699 5
50 4074 7
50 4404 2
50 4682 10
50 4102 10
50 4244 8
50 4587 3
50 4552 3
50 4655 7
50 4373 5
50 4774 4
50 4578 8
50 4820 10
50 4039 3
50 4652 9
50 4608 1
50 4745 7
50 4828 3
50 4025 1
50 4464 3
50 4607 3
50 4568 4
50 4040 1
50 4373 4
50 4965 9
50 4234 5
50 4898 10
50 4017 10
50 4183 3
50 4931 6
50 4732 6
50 4992 2
50 4059 8
50 4669 8
50 4845 6
50 4514 2
50 4417 5
50 4196 1
50 4620 2
50 4525 8
50 4622 10
50 4191 5
50 4678 7
50 4398 8
50 4005 8
50 4377 10
50 4736 1
50 4021 7
50 4126 2
50 4686 9
50 4951 5
50 4752 10
50 4933 7
50 4845 3
50 4685 5
50 4491 7
50 4546 8
50 4244 9
50 4599 5
50 4757 5
50 4767 3
50 4055 10
50 4224 4
50 4770 5
50 4116 3
50 4635 3
50 4090 8
50 4599 6
50 4136 1
50 4185 3
50 4550 2
50 4109 1
50 4134 10
50 4036 8
50 4814 7
50 4275 2
50 4132 1
50 4447 5
50 4350 1
50 4205 4
50 4833 1
50 4252 10
50 4165 6
50 4299 9
50 4766 10
50 4441 1
50 4646 3
50 4425 7
50 4885 6
50 4602 4
50 4424 9
50 4198 6
50 4496 9
50 4409 10
50 4464 9
50 4588 9
50 4520 9
50 4940 1
50 4764 6
50 4435 5
50 4707 1
50 4945 2
50 4293 4
50 4110 3
50 4562 4
50 4867 4
50 4170 7
50 4631 3
50 4260 6
50 4692 2
50 4307 4
50 4398 6
50 4119 9
50 4041 1
50 4219 5
50 4616 8
50 4639 5
50 4372 9
50 4133 3
50 4930 10
50 4597 2
50 4879 2
50 4476 4
50 4616 4
50 4618 10
50 4706 2
50 4135 3
50 4689 3
50 4567 5
50 4773 3
50 4878 2
50 4027 7
50 4455 9
50 4654 4
50 4086 9
50 4380 2
50 4818 5
50 4549 6
50 4221 6
50 4771 10
50 4445 8
50 4168 10
50 4110 2
50 4489 2
50 4594 5
50 4813 9
50 4572 6
50 4443 8
50 4784 9
50 4332 6
50 4857 5
50 4644 3
50 4094 10
50 4546 3
50 4285 9
50 4498 6
50 4147 5
50 4552 3
50 4717 3
50 4929 5
50 4345 7
50 4366 4
50 4635 3
50 4443 2
50 4159 4
50 4284 1
50 4060 2
50 4388 4
50 4875 9
50 4548 5
50 4022 5
50 4206 3
50 4187 8
50 4476 9
50 4204 10
50 4397 5
50 4486 2
50 4938 2
50 4580 6
50 4760 2
50 4416 2
50 4862 2
50 4754 6
50 4806 2
50 4436 1
50 4114 7
50 4337 4
50 4322 1
50 4691 10
50 4871 4
50 4563 7
50 4414 8
50 4057 1
50 4171 2
50 4231 3
50 4486 7
50 4993 3
50 4066 4
50 4037 5
50 4152 7
50 4725 8
50 4225 6
50 4114 7
50 4763 2
50 4480 10
50 4353 5
50 4860 6
50 4092 9
50 4185 10
50 4157 10
50 4923 2
50 4954 9
50 4420 6
50 4590 7
50 4422 2
50 4784 9
50 4665 8
50 4628 4
50 4729 1
50 4505 7
50 4597 7
50 4429 7
50 4159 6
50 4688 2
50 4405 5
50 4969 1
50 4139 2
50 4876 7
50 4550 9
50 4395 7
50 4910 10
50 4191 9
50 4743 4
50 4765 10
50 4794 5
50 4839 1
50 4226 3
50 4865 6
50 4173 5
50 4412 6
50 4419 3
50 4239 4
50 4521 1
50 4961 4
50 4803 4
50 4325 9
50 4379 5
50 4750 10
50 4650 10
50 4392 4
50 4644 8
50 4291 7
50 4072 8
50 4705 2
50 4982 1
50 4321 5
50 4547 6
50 4667 8
50 4707 9
50 4349 6
50 4745 7
50 4879 6
50 4543 7
50 4604 8
50 4398 7
50 4432 4
50 4804 6
50 4114 6
50 4861 5
50 4697 6
50 4932 7
50 4643 7
50 4814 4
50 4132 10
50 4624 2
50 4898 1
50 4187 4
50 4219 9
50 4059 2
50 4737 6
50 4776 3
50 4662 4
50 4394 6
50 4525 5
50 4233 7
50 4530 4
50 4154 3
50 4013 8
50 4840 7
50 4959 4
50 4164 7
50 4930 7
50 4702 10
50 4554 2
50 4019 4
50 4831 10
50 4966 2
50 4458 2
50 4489 6
50 4234 7
50 4029 3
50 4875 9
50 4444 3
50 4034 6
50 4762 7
50 4613 2
50 4572 4
50 4802 9
50 4231 3
50 4139 9
50 4486 1
50 4831 1
50 4506 2
50 4767 3
50 4204 4
50 4179 2
50 4884 6
50 4779 6
50 4760 6
50 4629 8
50 4813 3
50 4659 6
50 4951 1
50 4066 5
50 4518 1
50 4082 3
50 4196 9
50 4195 5
50 4134 7
50 4192 1
50 4326 8
50 4042 6
50 4965 6
50 4864 6
50 4909 7
50 4818 7
50 4245 5
50 4449 4
50 4024 7
50 4966 5
50 4090 2
50 4577 2
50 4093 4
50 4959 1
50 4938 7
50 4548 10
50 4293 5
50 4539 6
50 4909 10
50 4982 4
50 4804 1
50 4852 10
50 4465 3
50 4343 10
50 4304 9
50 4014 2
50 4103 9
50 4433 4
50 4080 7
50 4965 3
50 4002 8
50 4454 7
50 4882 3
50 4385 6
50 4646 1
50 4157 6
50 4190 8
50 4543 2
50 4142 8
50 4399 8
50 4768 9
50 4096 3
50 4737 8
50 4944 6
50 4214 1
50 4132 2
50 4813 8
50 4922 8
50 4081 7
50 4714 5
50 4238 8
50 4903 7
50 4505 6
50 4666 6
50 4829 10
50 4919 7
50 4581 6
50 4185 3
50 4136 7
50 4661 2
50 4379 9
50 4990 9
50 4086 5
50 4318 2
50 4541 8
50 4491 10
50 4932 4
50 4714 3
50 4899 2
50 4211 7
50 4968 6
50 4729 10
50 4879 5
50 4196 9
50 4484 9
50 4731 3
50 4418 6
50 4393 3
50 4959 3
50 4853 7
50 4965 6
50 4592 9
50 4887 9
50 4972 1
50 4704 7
50 4352 5
50 4196 10
50 4890 2
50 4297 8
50 4667 10
50 4972 6
50 4454 4
50 4526 2
50 4553 2
50 4260 5
50 4056 5
50 4361 10
50 4303 3
50 4593 3
50 4138 8
2000
50 3527 1000000000
50 3327 1000000000
50 3621 1000000000
50 3497 1000000000
50 3967 1000000000
50 3004 1000000000
50 3428 1000000000
50 3124 1000000000
50 3873 1000000000
50 3701 1000000000
50 3182 1000000000
50 3808 1000000000
50 3847 1000000000
50 3559 1000000000
50 3013 1000000000
50 3102 1000000000
50 3964 1000000000
50 3074 1000000000
50 3972 1000000000
50 3410 1000000000
50 3313 1000000000
50 3604 1000000000
50 3222 1000000000
50 3554 1000000000
50 3488 1000000000
50 3204 1000000000
50 3988 1000000000
50 3232 1000000000
50 3880 1000000000
50 3815 1000000000
50 3371 1000000000
50 3332 1000000000
50 3342 1000000000
50 3072 1000000000
50 3081 1000000000
50 3946 1000000000
50 3898 1000000000
50 3818 1000000000
50 3246 1000000000
50 3394 1000000000
50 3642 1000000000
50 3761 1000000000
50 3383 1000000000
50 3152 1000000000
50 3101 1000000000
50 3199 1000000000
50 3176 1000000000
50 3849 1000000000
50 3155 1000000000
50 3193 1000000000
50 3930 1000000000
50 3831 1000000000
50 3145 1000000000
50 3863 1000000000
50 3169 1000000000
50 3955 1000000000
50 3916 1000000000
50 3732 1000000000
50 3315 1000000000
50 3792 1000000000
50 3590 1000000000
50 3636 1000000000
50 3459 1000000000
50 3887 1000000000
50 3473 1000000000
50 3929 1000000000
50 3287 1000000000
50 3168 1000000000
50 3881 1000000000
50 3849 1000000000
50 3078 1000000000
50 3444 1000000000
50 3238 1000000000
50 3893 1000000000
50 3743 1000000000
50 3130 1000000000
50 3883 1000000000
50 3042 1000000000
50 3735 1000000000
50 3668 1000000000
50 3429 1000000000
50 3819 1000000000
50 3412 1000000000
50 3502 1000000000
50 3059 1000000000
50 3126 1000000000
50 3882 1000000000
50 3194 1000000000
50 3335 1000000000
50 3722 1000000000
50 3209 1000000000
50 3938 1000000000
50 3273 1000000000
50 3693 1000000000
50 3812 1000000000
50 3450 1000000000
50 3425 1000000000
50 3937 1000000000
50 3753 1000000000
50 3506 1000000000
50 3059 1000000000
50 3918 1000000000
50 3285 1000000000
50 3151 1000000000
50 3934 1000000000
50 3966 1000000000
50 3734 1000000000
50 3700 1000000000
50 3494 1000000000
50 3742 1000000000
50 3083 1000000000
50 3106 1000000000
50 3550 1000000000
50 3482 1000000000
50 3845 1000000000
50 3107 1000000000
50 3003 1000000000
50 3151 1000000000
50 3309 1000000000
50 3550 1000000000
50 3449 1000000000
50 3815 1000000000
50 3679 1000000000
50 3665 1000000000
50 3292 1000000000
50 3716 1000000000
50 3049 1000000000
50 3898 1000000000
50 3376 1000000000
50 3338 1000000000
50 3621 1000000000
50 3958 1000000000
50 3130 1000000000
50 3968 1000000000
50 3746 1000000000
50 3744 1000000000
50 3344 1000000000
50 3780 1000000000
50 3286 1000000000
50 3113 1000000000
50 3567 1000000000
50 3542 1000000000
50 3179 1000000000
50 3147 1000000000
50 3926 1000000000
50 3230 1000000000
50 3958 1000000000
50 3341 1000000000
50 3102 1000000000
50 3019 1000000000
50 3449 1000000000
50 3903 1000000000
50 3279 1000000000
50 3561 1000000000
50 3756 1000000000
50 3981 1000000000
50 3761 1000000000
50 3503 1000000000
50 3796 1000000000
50 3597 1000000000
50 3316 1000000000
50 3213 1000000000
50 3668 1000000000
50 3461 1000000000
50 3668 1000000000
50 3951 1000000000
50 3687 1000000000
50 3250 1000000000
50 3416 1000000000
50 3464 1000000000
50 3744 1000000000
50 3303 1000000000
50 3190 1000000000
50 3143 1000000000
50 3278 1000000000
50 3065 1000000000
50 3358 1000000000
50 3942 1000000000
50 3740 1000000000
50 3461 1000000000
50 3841 1000000000
50 3120 1000000000
50 3154 1000000000
50 3888 1000000000
50 3715 1000000000
50 3732 1000000000
50 3441 1000000000
50 3414 1000000000
50 3925 1000000000
50 3832 1000000000
50 3180 1000000000
50 3021 1000000000
50 3635 1000000000
50 3456 1000000000
50 3364 1000000000
50 3035 1000000000
50 3021 1000000000
50 3287 1000000000
50 3072 1000000000
50 3752 1000000000
50 3723 1000000000
50 3664 1000000000
50 3006 1000000000
50 3856 1000000000
50 3190 1000000000
50 3366 1000000000
50 3467 1000000000
50 3478 1000000000
50 3525 1000000000
50 3424 1000000000
50 3330 1000000000
50 3629 1000000000
50 3125 1000000000
50 3318 1000000000
50 3480 1000000000
50 3762 1000000000
50 3634 1000000000
50 3558 1000000000
50 3023 1000000000
50 3888 1000000000
50 3445 1000000000
50 3522 1000000000
50 3007 1000000000
50 3916 1000000000
50 3535 1000000000
50 3836 1000000000
50 3717 1000000000
50 3069 1000000000
50 3307 1000000000
50 3993 1000000000
50 3639 1000000000
50 3994 1000000000
50 3663 1000000000
50 3729 1000000000
50 3006 1000000000
50 4000 1000000000
50 3597 1000000000
50 3098 1000000000
50 3585 1000000000
50 3373 1000000000
50 3614 1000000000
50 3976 1000000000
50 3247 1000000000
50 3126 1000000000
50 3360 1000000000
50 3139 1000000000
50 3498 1000000000
50 3928 1000000000
50 3348 1000000000
50 3779 1000000000
50 3268 1000000000
50 3470 1000000000
50 3426 1000000000
50 3583 1000000000
50 3089 1000000000
50 3546 1000000000
50 3662 1000000000
50 3554 1000000000
50 3404 1000000000
50 3337 1000000000
50 3717 1000000000
50 3850 1000000000
50 3166 1000000000
50 3854 1000000000
50 3201 1000000000
50 3683 1000000000
50 3631 1000000000
50 3220 1000000000
50 3175 1000000000
50 3059 1000000000
50 3860 1000000000
50 3305 1000000000
50 3533 1000000000
50 3217 1000000000
50 3463 1000000000
50 3818 1000000000
50 3015 1000000000
50 3215 1000000000
50 3788 1000000000
50 3939 1000000000
50 3113 1000000000
50 3821 1000000000
50 3973 1000000000
50 3960 1000000000
50 3928 1000000000
50 3384 1000000000
50 3753 1000000000
50 3050 1000000000
50 3110 1000000000
50 3324 1000000000
50 3461 1000000000
50 3101 1000000000
50 3997 1000000000
50 3153 1000000000
50 3364 1000000000
50 3303 1000000000
50 3008 1000000000
50 3776 1000000000
50 3555 1000000000
50 3277 1000000000
50 3015 1000000000
50 3265 1000000000
50 3708 1000000000
50 3591 1000000000
50 3065 1000000000
50 3970 1000000000
50 3188 1000000000
50 3454 1000000000
50 3431 1000000000
50 3082 1000000000
50 3957 1000000000
50 3446 1000000000
50 3505 1000000000
50 3591 1000000000
50 3106 1000000000
50 3661 1000000000
50 3889 1000000000
50 3700 1000000000
50 3553 1000000000
50 3456 1000000000
50 3756 1000000000
50 3280 1000000000
50 3205 1000000000
50 3310 1000000000
50 3477 1000000000
50 3587 1000000000
50 3882 1000000000
50 3731 1000000000
50 3864 1000000000
50 3611 1000000000
50 3497 1000000000
50 3496 1000000000
50 3897 1000000000
50 3357 1000000000
50 3270 1000000000
50 3774 1000000000
50 3032 1000000000
50 3178 1000000000
50 3157 1000000000
50 3738 1000000000
50 3223 1000000000
50 3520 1000000000
50 3316 1000000000
50 3146 1000000000
50 3806 1000000000
50 3386 1000000000
50 3763 1000000000
50 3013 1000000000
50 3743 1000000000
50 3751 1000000000
50 3124 1000000000
50 3376 1000000000
50 3980 1000000000
50 3639 1000000000
50 3440 1000000000
50 3958 1000000000
50 3853 1000000000
50 3134 1000000000
50 3116 1000000000
50 3302 1000000000
50 3195 1000000000
50 3184 1000000000
50 3219 1000000000
50 3251 1000000000
50 3526 1000000000
50 3024 1000000000
50 3540 1000000000
50 3392 1000000000
50 3602 1000000000
50 3732 1000000000
50 3478 1000000000
50 3211 1000000000
50 3129 1000000000
50 3608 1000000000
50 3240 1000000000
50 3167 1000000000
50 3967 1000000000
50 3035 1000000000
50 3746 1000000000
50 3903 1000000000
50 3585 1000000000
50 3895 1000000000
50 3072 1000000000
50 3048 1000000000
50 3952 1000000000
50 3305 1000000000
50 3510 1000000000
50 3809 1000000000
50 3258 1000000000
50 3087 1000000000
50 3695 1000000000
50 3491 1000000000
50 3940 1000000000
50 3476 1000000000
50 3498 1000000000
50 3939 1000000000
50 3170 1000000000
50 3298 1000000000
50 3185 1000000000
50 3338 1000000000
50 3672 1000000000
50 3933 1000000000
50 3981 1000000000
50 3740 1000000000
50 3362 1000000000
50 3407 1000000000
50 3709 1000000000
50 3855 1000000000
50 3970 1000000000
50 3127 1000000000
50 3911 1000000000
50 3922 1000000000
50 3806 1000000000
50 3779 1000000000
50 3272 1000000000
50 3188 1000000000
50 3500 1000000000
50 3228 1000000000
50 3158 1000000000
50 3079 1000000000
50 3473 1000000000
50 3150 1000000000
50 3155 1000000000
50 3109 1000000000
50 3271 1000000000
50 3513 1000000000
50 3456 1000000000
50 3815 1000000000
50 3262 1000000000
50 3929 1000000000
50 3338 1000000000
50 3015 1000000000
50 3956 1000000000
50 3760 1000000000
50 3274 1000000000
50 3764 1000000000
50 3901 1000000000
50 3331 1000000000
50 3165 1000000000
50 3796 1000000000
50 3045 1000000000
50 3294 1000000000
50 3034 1000000000
50 3284 1000000000
50 3940 1000000000
50 3493 1000000000
50 3570 1000000000
50 3055 1000000000
50 3729 1000000000
50 3855 1000000000
50 3294 1000000000
50 3892 1000000000
50 3409 1000000000
50 3103 1000000000
50 3831 1000000000
50 3172 1000000000
50 3464 1000000000
50 3443 1000000000
50 3725 1000000000
50 3034 1000000000
50 3005 1000000000
50 3541 1000000000
50 3038 1000000000
50 3460 1000000000
50 3186 1000000000
50 3110 1000000000
50 3918 1000000000
50 3224 1000000000
50 3923 1000000000
50 3538 1000000000
50 3278 1000000000
50 3908 1000000000
50 3945 1000000000
50 3775 1000000000
50 3288 1000000000
50 3667 1000000000
50 3884 1000000000
50 3445 1000000000
50 3786 1000000000
50 3392 1000000000
50 3418 1000000000
50 3830 1000000000
50 3302 1000000000
50 3443 1000000000
50 3487 1000000000
50 3408 1000000000
50 3433 1000000000
50 3037 1000000000
50 3515 1000000000
50 3358 1000000000
50 3357 1000000000
50 3041 1000000000
50 3520 1000000000
50 3124 1000000000
50 3299 1000000000
50 3095 1000000000
50 3390 1000000000
50 3350 1000000000
50 3944 1000000000
50 3366 1000000000
50 3960 1000000000
50 3975 1000000000
50 3543 1000000000
50 3155 1000000000
50 3518 1000000000
50 3728 1000000000
50 3728 1000000000
50 3895 1000000000
50 3434 1000000000
50 3252 1000000000
50 3031 1000000000
50 3653 1000000000
50 3611 1000000000
50 3582 1000000000
50 3271 1000000000
50 3654 1000000000
50 3084 1000000000
50 3783 1000000000
50 3610 1000000000
50 3043 1000000000
50 3268 1000000000
50 3009 1000000000
50 3937 1000000000
50 3380 1000000000
50 3041 1000000000
50 3050 1000000000
50 3833 1000000000
50 3304 1000000000
50 3393 1000000000
50 3520 1000000000
50 3013 1000000000
50 3672 1000000000
50 3775 1000000000
50 3546 1000000000
50 3170 1000000000
50 3686 1000000000
50 3023 1000000000
50 3048 1000000000
50 3521 1000000000
50 3289 1000000000
50 3610 1000000000
50 3450 1000000000
50 3421 1000000000
50 3779 1000000000
50 3365 1000000000
50 3685 1000000000
50 3338 1000000000
50 3107 1000000000
50 3586 1000000000
50 3269 1000000000
50 3015 1000000000
50 3962 1000000000
50 3073 1000000000
50 3408 1000000000
50 3598 1000000000
50 3409 1000000000
50 3460 1000000000
50 3014 1000000000
50 3232 1000000000
50 3247 1000000000
50 3623 1000000000
50 3213 1000000000
50 3419 1000000000
50 3723 1000000000
50 3170 1000000000
50 3927 1000000000
50 3646 1000000000
50 3606 1000000000
50 3774 1000000000
50 3509 1000000000
50 3051 1000000000
50 3691 1000000000
50 3354 1000000000
50 3721 1000000000
50 3233 1000000000
50 3522 1000000000
50 3429 1000000000
50 3371 1000000000
50 3087 1000000000
50 3428 1000000000
50 3484 1000000000
50 3298 1000000000
50 3864 1000000000
50 3908 1000000000
50 3829 1000000000
50 3466 1000000000
50 3368 1000000000
50 3898 1000000000
50 3806 1000000000
50 3112 1000000000
50 3764 1000000000
50 3441 1000000000
50 3237 1000000000
50 3011 1000000000
50 3785 1000000000
50 3276 1000000000
50 3319 1000000000
50 3628 1000000000
50 3279 1000000000
50 3592 1000000000
50 3348 1000000000
50 3286 1000000000
50 3968 1000000000
50 3245 1000000000
50 3949 1000000000
50 3001 1000000000
50 3657 1000000000
50 3323 1000000000
50 3769 1000000000
50 3561 1000000000
50 3910 1000000000
50 3238 1000000000
50 3430 1000000000
50 3672 1000000000
50 3691 1000000000
50 3614 1000000000
50 3635 1000000000
50 3525 1000000000
50 3678 1000000000
50 3962 1000000000
50 3875 1000000000
50 3771 1000000000
50 3468 1000000000
50 3470 1000000000
50 3300 1000000000
50 3666 1000000000
50 3106 1000000000
50 3249 1000000000
50 3832 1000000000
50 3676 1000000000
50 3596 1000000000
50 3732 1000000000
50 3228 1000000000
50 3332 1000000000
50 3868 1000000000
50 3511 1000000000
50 3419 1000000000
50 3236 1000000000
50 3511 1000000000
50 3825 1000000000
50 3449 1000000000
50 3017 1000000000
50 3809 1000000000
50 3795 1000000000
50 3922 1000000000
50 3356 1000000000
50 3465 1000000000
50 3052 1000000000
50 3891 1000000000
50 3140 1000000000
50 3179 1000000000
50 3325 1000000000
50 3146 1000000000
50 3450 1000000000
50 3182 1000000000
50 3803 1000000000
50 3514 1000000000
50 3245 1000000000
50 3507 1000000000
50 3912 1000000000
50 3019 1000000000
50 3088 1000000000
50 3219 1000000000
50 3730 1000000000
50 3213 1000000000
50 3666 1000000000
50 3826 1000000000
50 3738 1000000000
50 3343 1000000000
50 3882 1000000000
50 3059 1000000000
50 3479 1000000000
50 3822 1000000000
50 3954 1000000000
50 3060 1000000000
50 3239 1000000000
50 3297 1000000000
50 3256 1000000000
50 3759 1000000000
50 3106 1000000000
50 3652 1000000000
50 3810 1000000000
50 3470 1000000000
50 3995 1000000000
50 3495 1000000000
50 3920 1000000000
50 3099 1000000000
50 3913 1000000000
50 3977 1000000000
50 3667 1000000000
50 3645 1000000000
50 3604 1000000000
50 3743 1000000000
50 3209 1000000000
50 3866 1000000000
50 3329 1000000000
50 3867 1000000000
50 3035 1000000000
50 3441 1000000000
50 3427 1000000000
50 3067 1000000000
50 3920 1000000000
50 3173 1000000000
50 3521 1000000000
50 3169 1000000000
50 3132 1000000000
50 3149 1000000000
50 3522 1000000000
50 3606 1000000000
50 3873 1000000000
50 3949 1000000000
50 3054 1000000000
50 3968 1000000000
50 3627 1000000000
50 3569 1000000000
50 3600 1000000000
50 3085 1000000000
50 3164 1000000000
50 3857 1000000000
50 3580 1000000000
50 3982 1000000000
50 3426 1000000000
50 3480 1000000000
50 3240 1000000000
50 3117 1000000000
50 3584 1000000000
50 3427 1000000000
50 3584 1000000000
50 3196 1000000000
50 3990 1000000000
50 3010 1000000000
50 3793 1000000000
50 3090 1000000000
50 3432 1000000000
50 3647 1000000000
50 3144 1000000000
50 3891 1000000000
50 3154 1000000000
50 3942 1000000000
50 3547 1000000000
50 3800 1000000000
50 3653 1000000000
50 3811 1000000000
50 3954 1000000000
50 3097 1000000000
50 3289 1000000000
50 3347 1000000000
50 3754 1000000000
50 3057 1000000000
50 3938 1000000000
50 3113 1000000000
50 3148 1000000000
50 3397 1000000000
50 3400 1000000000
50 3260 1000000000
50 3413 1000000000
50 3473 1000000000
50 3744 1000000000
50 3920 1000000000
50 3822 1000000000
50 3254 1000000000
50 3250 1000000000
50 3850 1000000000
50 3298 1000000000
50 3711 1000000000
50 3812 1000000000
50 3203 1000000000
50 3110 1000000000
50 3587 1000000000
50 3158 1000000000
50 3089 1000000000
50 3020 1000000000
50 3307 1000000000
50 3859 1000000000
50 3308 1000000000
50 3716 1000000000
50 3692 1000000000
50 3400 1000000000
50 3263 1000000000
50 3897 1000000000
50 3279 1000000000
50 3801 1000000000
50 3041 1000000000
50 3872 1000000000
50 3533 1000000000
50 3743 1000000000
50 3827 1000000000
50 3939 1000000000
50 3461 1000000000
50 3740 1000000000
50 3566 1000000000
50 3903 1000000000
50 3278 1000000000
50 3087 1000000000
50 3613 1000000000
50 3748 1000000000
50 3228 1000000000
50 3669 1000000000
50 3968 1000000000
50 3882 1000000000
50 3777 1000000000
50 3882 1000000000
50 3035 1000000000
50 3407 1000000000
50 3567 1000000000
50 3812 1000000000
50 3059 1000000000
50 3969 1000000000
50 3144 1000000000
50 3954 1000000000
50 3252 1000000000
50 3946 1000000000
50 3566 1000000000
50 3821 1000000000
50 3552 1000000000
50 3254 1000000000
50 3591 1000000000
50 3031 1000000000
50 3213 1000000000
50 3932 1000000000
50 3453 1000000000
50 3584 1000000000
50 3636 1000000000
50 3151 1000000000
50 3608 1000000000
50 3371 1000000000
50 3654 1000000000
50 3706 1000000000
50 3119 1000000000
50 3435 1000000000
50 3591 1000000000
50 3506 1000000000
50 3916 1000000000
50 3448 1000000000
50 3392 1000000000
50 3560 1000000000
50 3752 1000000000
50 3111 1000000000
50 3026 1000000000
50 3550 1000000000
50 3413 1000000000
50 3523 1000000000
50 3947 1000000000
50 3287 1000000000
50 3589 1000000000
50 3785 1000000000
50 3503 1000000000
50 3891 1000000000
50 3731 1000000000
50 3343 1000000000
50 3398 1000000000
50 3175 1000000000
50 3741 1000000000
50 3128 1000000000
50 3627 1000000000
50 3994 1000000000
50 3356 1000000000
50 3083 1000000000
50 3372 1000000000
50 3781 1000000000
50 3709 1000000000
50 3900 1000000000
50 3308 1000000000
50 3745 1000000000
50 3663 1000000000
50 3571 1000000000
50 3519 1000000000
50 3158 1000000000
50 3466 1000000000
50 3670 1000000000
50 3626 1000000000
50 3275 1000000000
50 3424 1000000000
50 3530 1000000000
50 3154 1000000000
50 4000 1000000000
50 3580 1000000000
50 3332 1000000000
50 3107 1000000000
50 3593 1000000000
50 3714 1000000000
50 3362 1000000000
50 3096 1000000000
50 3692 1000000000
50 3643 1000000000
50 3165 1000000000
50 3288 1000000000
50 3302 1000000000
50 3620 1000000000
50 3846 1000000000
50 3701 1000000000
50 3334 1000000000
50 3838 1000000000
50 3661 1000000000
50 3465 1000000000
50 3143 1000000000
50 3758 1000000000
50 3813 1000000000
50 3508 1000000000
50 3536 1000000000
50 3033 1000000000
50 3832 1000000000
50 3035 1000000000
50 3711 1000000000
50 3550 1000000000
50 3829 1000000000
50 3898 1000000000
50 3890 1000000000
50 3574 1000000000
50 3236 1000000000
50 3059 1000000000
50 3077 1000000000
50 3982 1000000000
50 3224 1000000000
50 3519 1000000000
50 3574 1000000000
50 3156 1000000000
50 3340 1000000000
50 3218 1000000000
50 3786 1000000000
50 3730 1000000000
50 3447 1000000000
50 3843 1000000000
50 3994 1000000000
50 3900 1000000000
50 3517 1000000000
50 3091 1000000000
50 3045 1000000000
50 3911 1000000000
50 3845 1000000000
50 3213 1000000000
50 3253 1000000000
50 3746 1000000000
50 3791 1000000000
50 3494 1000000000
50 3906 1000000000
50 3855 1000000000
50 3722 1000000000
50 3900 1000000000
50 3657 1000000000
50 3829 1000000000
50 3539 1000000000
50 3326 1000000000
50 3164 1000000000
50 3956 1000000000
50 3713 1000000000
50 3534 1000000000
50 3724 1000000000
50 3705 1000000000
50 3353 1000000000
50 3826 1000000000
50 3590 1000000000
50 3152 1000000000
50 3848 1000000000
50 3976 1000000000
50 3124 1000000000
50 3348 1000000000
50 3969 1000000000
50 3531 1000000000
50 3504 1000000000
50 3995 1000000000
50 3330 1000000000
50 3130 1000000000
50 3556 1000000000
50 3416 1000000000
50 3630 1000000000
50 3458 1000000000
50 3605 1000000000
50 3339 1000000000
50 3823 1000000000
50 3098 1000000000
50 3512 1000000000
50 3968 1000000000
50 3050 1000000000
50 3389 1000000000
50 3753 1000000000
50 3414 1000000000
50 3307 1000000000
50 3729 1000000000
50 3224 1000000000
50 3674 1000000000
50 3886 1000000000
50 3012 1000000000
50 3690 1000000000
50 3376 1000000000
50 3178 1000000000
50 3041 1000000000
50 3862 1000000000
50 3104 1000000000
50 3081 1000000000
50 3509 1000000000
50 3118 1000000000
50 3633 1000000000
50 3725 1000000000
50 3576 1000000000
50 3674 1000000000
50 3860 1000000000
50 3204 1000000000
50 3304 1000000000
50 3895 1000000000
50 3771 1000000000
50 3639 1000000000
50 3988 1000000000
50 3357 1000000000
50 3699 1000000000
50 3878 1000000000
50 3130 1000000000
50 3335 1000000000
50 3926 1000000000
50 3009 1000000000
50 3836 1000000000
50 3811 1000000000
50 3158 1000000000
50 3910 1000000000
50 3944 1000000000
50 3824 1000000000
50 3017 1000000000
50 3877 1000000000
50 3894 1000000000
50 3862 1000000000
50 3997 1000000000
50 3802 1000000000
50 3968 1000000000
50 3551 1000000000
50 3168 1000000000
50 3724 1000000000
50 3780 1000000000
50 3685 1000000000
50 3241 1000000000
50 3278 1000000000
50 3275 1000000000
50 3520 1000000000
50 3692 1000000000
50 3488 1000000000
50 3125 1000000000
50 3500 1000000000
50 3767 1000000000
50 3325 1000000000
50 3601 1000000000
50 3046 1000000000
50 3599 1000000000
50 3089 1000000000
50 3660 1000000000
50 3872 1000000000
50 3075 1000000000
50 3677 1000000000
50 3113 1000000000
50 3021 1000000000
50 3915 1000000000
50 3154 1000000000
50 3439 1000000000
50 3478 1000000000
50 3076 1000000000
50 3230 1000000000
50 3309 1000000000
50 3058 1000000000
50 3991 1000000000
50 3835 1000000000
50 3312 1000000000
50 3707 1000000000
50 3077 1000000000
50 3149 1000000000
50 3475 1000000000
50 3806 1000000000
50 3700 1000000000
50 3247 1000000000
50 3954 1000000000
50 3496 1000000000
50 3187 1000000000
50 3856 1000000000
50 3081 1000000000
50 3773 1000000000
50 3921 1000000000
50 3821 1000000000
50 3745 1000000000
50 3570 1000000000
50 3635 1000000000
50 3390 1000000000
50 3709 1000000000
50 3389 1000000000
50 3730 1000000000
50 3024 1000000000
50 3614 1000000000
50 3970 1000000000
50 3061 1000000000
50 3037 1000000000
50 3866 1000000000
50 3454 1000000000
50 3272 1000000000
50 3692 1000000000
50 3725 1000000000
50 3698 1000000000
50 3151 1000000000
50 3419 1000000000
50 3421 1000000000
50 3235 1000000000
50 3648 1000000000
50 3249 1000000000
50 3998 1000000000
50 3965 1000000000
50 3991 1000000000
50 3927 1000000000
50 3416 1000000000
50 3541 1000000000
50 3348 1000000000
50 3734 1000000000
50 3744 1000000000
50 3456 1000000000
50 3026 1000000000
50 3847 1000000000
50 3317 1000000000
50 3396 1000000000
50 3791 1000000000
50 3639 1000000000
50 3128 1000000000
50 3861 1000000000
50 3969 1000000000
50 3566 1000000000
50 3318 1000000000
50 3501 1000000000
50 3747 1000000000
50 3975 1000000000
50 3473 1000000000
50 3456 1000000000
50 3174 1000000000
50 3785 1000000000
50 3513 1000000000
50 3574 1000000000
50 3464 1000000000
50 3537 1000000000
50 3072 1000000000
50 3894 1000000000
50 3816 1000000000
50 3597 1000000000
50 3923 1000000000
50 3121 1000000000
50 3529 1000000000
50 3613 1000000000
50 3722 1000000000
50 3935 1000000000
50 3421 1000000000
50 3676 1000000000
50 3887 1000000000
50 3900 1000000000
50 3525 1000000000
50 3700 1000000000
50 3210 1000000000
50 3181 1000000000
50 3380 1000000000
50 3760 1000000000
50 3825 1000000000
50 3294 1000000000
50 3143 1000000000
50 3830 1000000000
50 3806 1000000000
50 3271 1000000000
50 3500 1000000000
50 3628 1000000000
50 3778 1000000000
50 3461 1000000000
50 3441 1000000000
50 3128 1000000000
50 3225 1000000000
50 3651 1000000000
50 3503 1000000000
50 3350 1000000000
50 3098 1000000000
50 3335 1000000000
50 3044 1000000000
50 3567 1000000000
50 3502 1000000000
50 3659 1000000000
50 3320 1000000000
50 3076 1000000000
50 3695 1000000000
50 3206 1000000000
50 3250 1000000000
50 3460 1000000000
50 3870 1000000000
50 3396 1000000000
50 3588 1000000000
50 3105 1000000000
50 3556 1000000000
50 3372 1000000000
50 3178 1000000000
50 3483 1000000000
50 3487 1000000000
50 3698 1000000000
50 3606 1000000000
50 3047 1000000000
50 3707 1000000000
50 3574 1000000000
50 3875 1000000000
50 3813 1000000000
50 3296 1000000000
50 3630 1000000000
50 3940 1000000000
50 3953 1000000000
50 3081 1000000000
50 3182 1000000000
50 3235 1000000000
50 3953 1000000000
50 3642 1000000000
50 3011 1000000000
50 3140 1000000000
50 3352 1000000000
50 3054 1000000000
50 3195 1000000000
50 3173 1000000000
50 3545 1000000000
50 3904 1000000000
50 3437 1000000000
50 3416 1000000000
50 3065 1000000000
50 3069 1000000000
50 3723 1000000000
50 3375 1000000000
50 3369 1000000000
50 3846 1000000000
50 3309 1000000000
50 3476 1000000000
50 3845 1000000000
50 3795 1000000000
50 3018 1000000000
50 3615 1000000000
50 3393 1000000000
50 3467 1000000000
50 3833 1000000000
50 4000 1000000000
50 3987 1000000000
50 3793 1000000000
50 3769 1000000000
50 3263 1000000000
50 3686 1000000000
50 3704 1000000000
50 3889 1000000000
50 3271 1000000000
50 3911 1000000000
50 3178 1000000000
50 3599 1000000000
50 3323 1000000000
50 3364 1000000000
50 3939 1000000000
50 3885 1000000000
50 3363 1000000000
50 3538 1000000000
50 3757 1000000000
50 3252 1000000000
50 3067 1000000000
50 3394 1000000000
50 3400 1000000000
50 3479 1000000000
50 3573 1000000000
50 3822 1000000000
50 3396 1000000000
50 3880 1000000000
50 3511 1000000000
50 3848 1000000000
50 3228 1000000000
50 3116 1000000000
50 3463 1000000000
50 3046 1000000000
50 3520 1000000000
50 3868 1000000000
50 3594 1000000000
50 3039 1000000000
50 3077 1000000000
50 3180 1000000000
50 3250 1000000000
50 3439 1000000000
50 3680 1000000000
50 3777 1000000000
50 3602 1000000000
50 3398 1000000000
50 3501 1000000000
50 3414 1000000000
50 3212 1000000000
50 3314 1000000000
50 3167 1000000000
50 3678 1000000000
50 3458 1000000000
50 3452 1000000000
50 3534 1000000000
50 3184 1000000000
50 3437 1000000000
50 3713 1000000000
50 3418 1000000000
50 3027 1000000000
50 3078 1000000000
50 3364 1000000000
50 3576 1000000000
50 3198 1000000000
50 3943 1000000000
50 3341 1000000000
50 3998 1000000000
50 3061 1000000000
50 3700 1000000000
50 3939 1000000000
50 3832 1000000000
50 3459 1000000000
50 3791 1000000000
50 3736 1000000000
50 3963 1000000000
50 3978 1000000000
50 3937 1000000000
50 3002 1000000000
50 3154 1000000000
50 3620 1000000000
50 3465 1000000000
50 3323 1000000000
50 3965 1000000000
50 3623 1000000000
50 3179 1000000000
50 3056 1000000000
50 3911 1000000000
50 3121 1000000000
50 3422 1000000000
50 3107 1000000000
50 3622 1000000000
50 3692 1000000000
50 3670 1000000000
50 3710 1000000000
50 3891 1000000000
50 3161 1000000000
50 3243 1000000000
50 3080 1000000000
50 3833 1000000000
50 3326 1000000000
50 3605 1000000000
50 3619 1000000000
50 3772 1000000000
50 3549 1000000000
50 3104 1000000000
50 3037 1000000000
50 3631 1000000000
50 3270 1000000000
50 3834 1000000000
50 3916 1000000000
50 3778 1000000000
50 3815 1000000000
50 3220 1000000000
50 3854 1000000000
50 3312 1000000000
50 3264 1000000000
50 3677 1000000000
50 3696 1000000000
50 3701 1000000000
50 3206 1000000000
50 3590 1000000000
50 3425 1000000000
50 3078 1000000000
50 3366 1000000000
50 3038 1000000000
50 3465 1000000000
50 3892 1000000000
50 3839 1000000000
50 3697 1000000000
50 3792 1000000000
50 3895 1000000000
50 3384 1000000000
50 3686 1000000000
50 3663 1000000000
50 3870 1000000000
50 3596 1000000000
50 3047 1000000000
50 3052 1000000000
50 3967 1000000000
50 3087 1000000000
50 3787 1000000000
50 3012 1000000000
50 3326 1000000000
50 3242 1000000000
50 3691 1000000000
50 3111 1000000000
50 3651 1000000000
50 3840 1000000000
50 3259 1000000000
50 3460 1000000000
50 3888 1000000000
50 3787 1000000000
50 3343 1000000000
50 3906 1000000000
50 3981 1000000000
50 3349 1000000000
50 3866 1000000000
50 3461 1000000000
50 3507 1000000000
50 3946 1000000000
50 3050 1000000000
50 3732 1000000000
50 3489 1000000000
50 3619 1000000000
50 3719 1000000000
50 3232 1000000000
50 3572 1000000000
50 3505 1000000000
50 3540 1000000000
50 3370 1000000000
50 3131 1000000000
50 3038 1000000000
50 3425 1000000000
50 3101 1000000000
50 3086 1000000000
50 3214 1000000000
50 3933 1000000000
50 3898 1000000000
50 3286 1000000000
50 3777 1000000000
50 3618 1000000000
50 3469 1000000000
50 3925 1000000000
50 3939 1000000000
50 3577 1000000000
50 3779 1000000000
50 3582 1000000000
50 3905 1000000000
50 3794 1000000000
50 3200 1000000000
50 3105 1000000000
50 3994 1000000000
50 3019 1000000000
50 3122 1000000000
50 3609 1000000000
50 3262 1000000000
50 3092 1000000000
50 3076 1000000000
50 3390 1000000000
50 3493 1000000000
50 3336 1000000000
50 3929 1000000000
50 3667 1000000000
50 3253 1000000000
50 3267 1000000000
50 3508 1000000000
50 3357 1000000000
50 3539 1000000000
50 3299 1000000000
50 3113 1000000000
50 3983 1000000000
50 3451 1000000000
50 3943 1000000000
50 3850 1000000000
50 3774 1000000000
50 3151 1000000000
50 3282 1000000000
50 3368 1000000000
50 3824 1000000000
50 3376 1000000000
50 3745 1000000000
50 3002 1000000000
50 3561 1000000000
50 3277 1000000000
50 3130 1000000000
50 3649 1000000000
50 3235 1000000000
50 3527 1000000000
50 3462 1000000000
50 3424 1000000000
50 3343 1000000000
50 3946 1000000000
50 3165 1000000000
50 3849 1000000000
50 3704 1000000000
50 3163 1000000000
50 3736 1000000000
50 3716 1000000000
50 3497 1000000000
50 3502 1000000000
50 3044 1000000000
50 3499 1000000000
50 3046 1000000000
50 3722 1000000000
50 3843 1000000000
50 3366 1000000000
50 3353 1000000000
50 3570 1000000000
50 3959 1000000000
50 3648 1000000000
50 3598 1000000000
50 3835 1000000000
50 3345 1000000000
50 3871 1000000000
50 3879 1000000000
50 3051 1000000000
50 3788 1000000000
50 3271 1000000000
50 3088 1000000000
50 3501 1000000000
50 3882 1000000000
50 3130 1000000000
50 3434 1000000000
50 3810 1000000000
50 3631 1000000000
50 3126 1000000000
50 3691 1000000000
50 3641 1000000000
50 3484 1000000000
50 3733 1000000000
50 3465 1000000000
50 3797 1000000000
50 3364 1000000000
50 3528 1000000000
50 3007 1000000000
50 3765 1000000000
50 3435 1000000000
50 3037 1000000000
50 3067 1000000000
50 3246 1000000000
50 3773 1000000000
50 3331 1000000000
50 3795 1000000000
50 3367 1000000000
50 3303 1000000000
50 3118 1000000000
50 3499 1000000000
50 3257 1000000000
50 3534 1000000000
50 3931 1000000000
50 3438 1000000000
50 3520 1000000000
50 3338 1000000000
50 3592 1000000000
50 3390 1000000000
50 3183 1000000000
50 3282 1000000000
50 3362 1000000000
50 3336 1000000000
50 3508 1000000000
50 3627 1000000000
50 3504 1000000000
50 3124 1000000000
50 3728 1000000000
50 3952 1000000000
50 3744 1000000000
50 3428 1000000000
50 3758 1000000000
50 3672 1000000000
50 3284 1000000000
50 3526 1000000000
50 3425 1000000000
50 3432 1000000000
50 3737 1000000000
50 3968 1000000000
50 3697 1000000000
50 3515 1000000000
50 3383 1000000000
50 3116 1000000000
50 3112 1000000000
50 3685 1000000000
50 3331 1000000000
50 3126 1000000000
50 3898 1000000000
50 3807 1000000000
50 3094 1000000000
50 3688 1000000000
50 3251 1000000000
50 3273 1000000000
50 3483 1000000000
50 3026 1000000000
50 3069 1000000000
50 3374 1000000000
50 3688 1000000000
50 3571 1000000000
50 3261 1000000000
50 3167 1000000000
50 3770 1000000000
50 3186 1000000000
50 3225 1000000000
50 3566 1000000000
50 3547 1000000000
50 3091 1000000000
50 3007 1000000000
50 3416 1000000000
50 3835 1000000000
50 3259 1000000000
50 3156 1000000000
50 3069 1000000000
50 3944 1000000000
50 3333 1000000000
50 3247 1000000000
50 3673 1000000000
50 3179 1000000000
50 3315 1000000000
50 3339 1000000000
50 3292 1000000000
50 3680 1000000000
50 3031 1000000000
50 3647 1000000000
50 3750 1000000000
50 3408 1000000000
50 3946 1000000000
50 3611 1000000000
50 3498 1000000000
50 3034 1000000000
50 3688 1000000000
50 3193 1000000000
50 3614 1000000000
50 3315 1000000000
50 3899 1000000000
50 3532 1000000000
50 3988 1000000000
50 3742 1000000000
50 3746 1000000000
50 3624 1000000000
50 3228 1000000000
50 3848 1000000000
50 3551 1000000000
50 3305 1000000000
50 3070 1000000000
50 3025 1000000000
50 3563 1000000000
50 3484 1000000000
50 3403 1000000000
50 3982 1000000000
50 3412 1000000000
50 3951 1000000000
50 3876 1000000000
50 3638 1000000000
50 3934 1000000000
50 3172 1000000000
50 3361 1000000000
50 3120 1000000000
50 3403 1000000000
50 3762 1000000000
50 3066 1000000000
50 3365 1000000000
50 3082 1000000000
50 3597 1000000000
50 3450 1000000000
50 3650 1000000000
50 3950 1000000000
50 3102 1000000000
50 3424 1000000000
50 3930 1000000000
50 3091 1000000000
50 3384 1000000000
50 3467 1000000000
50 3372 1000000000
50 3938 1000000000
50 3874 1000000000
50 3221 1000000000
50 3810 1000000000
50 3776 1000000000
50 3267 1000000000
50 3845 1000000000
50 3666 1000000000
50 3249 1000000000
50 3890 1000000000
50 3639 1000000000
50 3549 1000000000
50 3820 1000000000
50 3677 1000000000
50 3388 1000000000
50 3460 1000000000
50 3274 1000000000
50 3243 1000000000
50 3184 1000000000
50 3400 1000000000
50 3438 1000000000
50 3836 1000000000
50 3293 1000000000
50 3685 1000000000
50 3506 1000000000
50 3184 1000000000
50 3526 1000000000
50 3179 1000000000
50 3299 1000000000
50 3443 1000000000
50 3349 1000000000
50 3660 1000000000
50 3155 1000000000
50 3167 1000000000
50 3352 1000000000
50 3483 1000000000
50 3293 1000000000
50 3516 1000000000
50 3155 1000000000
50 3914 1000000000
50 3995 1000000000
50 3134 1000000000
50 3312 1000000000
50 3194 1000000000
50 3765 1000000000
50 3624 1000000000
50 3860 1000000000
50 3438 1000000000
50 3588 1000000000
50 3701 1000000000
50 3633 1000000000
50 3647 1000000000
50 3538 1000000000
50 3137 1000000000
50 3489 1000000000
50 3082 1000000000
50 3496 1000000000
50 3418 1000000000
50 3758 1000000000
50 3903 1000000000
50 3551 1000000000
50 3274 1000000000
50 3457 1000000000
50 3022 1000000000
50 3874 1000000000
50 3899 1000000000
50 3175 1000000000
50 3753 1000000000
50 3702 1000000000
50 3086 1000000000
50 3046 1000000000
50 3237 1000000000
50 3901 1000000000
50 3609 1000000000
50 3950 1000000000
50 3788 1000000000
50 3246 1000000000
50 3302 1000000000
50 3390 1000000000
50 3069 1000000000
50 3990 1000000000
50 3353 1000000000
50 3728 1000000000
50 3912 1000000000
50 3477 1000000000
50 3048 1000000000
50 3137 1000000000
50 3401 1000000000
50 3558 1000000000
50 3427 1000000000
50 3046 1000000000
50 3546 1000000000
50 3984 1000000000
50 3658 1000000000
50 3804 1000000000
50 3309 1000000000
50 3139 1000000000
50 3123 1000000000
50 3835 1000000000
50 3740 1000000000
50 3111 1000000000
50 3328 1000000000
50 3891 1000000000
50 3597 1000000000
50 3329 1000000000
50 3655 1000000000
50 3364 1000000000
50 3763 1000000000
50 3901 1000000000
50 3973 1000000000
50 3858 1000000000
50 3428 1000000000
50 3395 1000000000
50 3345 1000000000
50 3585 1000000000
50 3692 1000000000
50 3586 1000000000
50 3684 1000000000
50 3556 1000000000
50 3092 1000000000
50 3993 1000000000
50 3036 1000000000
50 3683 1000000000
50 3729 1000000000
50 3292 1000000000
50 3864 1000000000
50 3774 1000000000
50 3927 1000000000
50 3548 1000000000
50 3461 1000000000
50 3877 1000000000
50 3859 1000000000
50 3798 1000000000
50 3288 1000000000
50 3352 1000000000
50 3572 1000000000
50 3216 1000000000
50 3142 1000000000
50 3655 1000000000
50 3973 1000000000
50 3847 1000000000
50 3836 1000000000
50 3602 1000000000
50 3194 1000000000
50 3882 1000000000
50 3507 1000000000
50 3718 1000000000
50 3036 1000000000
50 3685 1000000000
50 3506 1000000000
50 3405 1000000000
50 3133 1000000000
50 3435 1000000000
50 3770 1000000000
50 3161 1000000000
50 3858 1000000000
50 3303 1000000000
50 3850 1000000000
50 3822 1000000000
50 3538 1000000000
50 3818 1000000000
50 3338 1000000000
50 3998 1000000000
50 3228 1000000000
50 4000 1000000000
50 3267 1000000000
50 3939 1000000000
50 3962 1000000000
50 3782 1000000000
50 3722 1000000000
50 3660 1000000000
50 3701 1000000000
50 3528 1000000000
50 3060 1000000000
50 3672 1000000000
50 3154 1000000000
50 3905 1000000000
50 3479 1000000000
50 3702 1000000000
50 3241 1000000000
50 3862 1000000000
50 3845 1000000000
50 3904 1000000000
50 3437 1000000000
50 3177 1000000000
50 3308 1000000000
50 3655 1000000000
50 3294 1000000000
50 3699 1000000000
50 3577 1000000000
50 3180 1000000000
50 3922 1000000000
50 3211 1000000000
50 3226 1000000000
50 3870 1000000000
50 3417 1000000000
50 3886 1000000000
50 3222 1000000000
50 3689 1000000000
50 3194 1000000000
50 3641 1000000000
50 3066 1000000000
50 3773 1000000000
50 3635 1000000000
50 3177 1000000000
50 3472 1000000000
50 3164 1000000000
50 3005 1000000000
50 3027 1000000000
50 3939 1000000000
50 3786 1000000000
50 3344 1000000000
50 3912 1000000000
50 3031 1000000000
50 3173 1000000000
50 3155 1000000000
50 3420 1000000000
50 3074 1000000000
50 3970 1000000000
50 3254 1000000000
50 3136 1000000000
50 3921 1000000000
50 3685 1000000000
50 3037 1000000000
50 3351 1000000000
50 3198 1000000000
50 3249 1000000000
50 3360 1000000000
50 3515 1000000000
50 3800 1000000000
50 3003 1000000000
50 3375 1000000000
50 3225 1000000000
50 3345 1000000000
50 3790 1000000000
50 3273 1000000000
50 3059 1000000000
50 3629 1000000000
50 3053 1000000000
50 3296 1000000000
50 3692 1000000000
50 3550 1000000000
50 3707 1000000000
50 3437 1000000000
50 3798 1000000000
50 3203 1000000000
50 3579 1000000000
50 3500 1000000000
50 3147 1000000000
50 3419 1000000000
50 3187 1000000000
50 3577 1000000000
50 3798 1000000000
50 3219 1000000000
50 3080 1000000000
50 3822 1000000000
50 3251 1000000000
50 3099 1000000000
50 3159 1000000000
50 3029 1000000000
50 3572 1000000000
50 3595 1000000000
50 3380 1000000000
50 3161 1000000000
50 3124 1000000000
50 3966 1000000000
50 3980 1000000000
50 3269 1000000000
50 3623 1000000000
50 3949 1000000000
50 3743 1000000000
50 3553 1000000000
50 3648 1000000000
50 3416 1000000000
50 3729 1000000000
50 3901 1000000000
50 3457 1000000000
50 3967 1000000000
50 3346 1000000000
50 3933 1000000000
50 3059 1000000000
50 3216 1000000000
50 3155 1000000000
50 3879 1000000000
50 3147 1000000000
50 3144 1000000000
50 3020 1000000000
50 3879 1000000000
50 3833 1000000000
50 3556 1000000000
50 3189 1000000000
50 3919 1000000000
50 3612 1000000000
50 3209 1000000000
50 3015 1000000000
50 3366 1000000000
50 3157 1000000000
50 3968 1000000000
50 3753 1000000000
50 3703 1000000000
50 3926 1000000000
50 3180 1000000000
50 3949 1000000000
50 3954 1000000000
50 3736 1000000000
50 3522 1000000000
50 3581 1000000000
50 3731 1000000000
50 3295 1000000000
50 3954 1000000000
50 3768 1000000000
50 3025 1000000000
50 3808 1000000000
50 3618 1000000000
50 3426 1000000000
50 3443 1000000000
50 3487 1000000000
50 3295 1000000000
50 3403 1000000000
50 3969 1000000000
50 3828 1000000000
50 3986 1000000000
50 3351 1000000000
50 3769 1000000000
50 3343 1000000000
50 3660 1000000000
50 3575 1000000000
50 3384 1000000000
50 3740 1000000000
50 3325 1000000000
50 3520 1000000000
50 3150 1000000000
50 3803 1000000000
50 3389 1000000000
50 3355 1000000000
50 3384 1000000000
50 3633 1000000000
50 3031 1000000000
50 3821 1000000000
50 3668 1000000000
50 3842 1000000000
50 3038 1000000000
50 3840 1000000000
50 3314 1000000000
50 3795 1000000000
50 3399 1000000000
50 3832 1000000000
50 3638 1000000000
50 3338 1000000000
50 3879 1000000000
50 3396 1000000000
50 3312 1000000000
50 3737 1000000000
50 3316 1000000000
50 3959 1000000000
50 3042 1000000000
50 3429 1000000000
50 3508 1000000000
50 3072 1000000000
50 3244 1000000000
50 3020 1000000000
50 3311 1000000000
