1534
1 853 1736
1 5615 98155
1 1821 3672
1 2504 5038
1 9847 85459
1 5935 97195
1 2478 4986
1 1740 3510
1 9634 86098
1 8062 90814
1 2982 5994
1 3361 6752
1 6486 95542
1 8171 90487
1 3856 7742
1 7100 93700
1 4295 8620
1 6622 95134
1 276 582
1 1699 3428
1 6879 94363
1 6509 95473
1 1272 2574
1 239 508
1 7004 93988
1 3105 6240
1 4893 9816
1 8140 90580
1 4401 8832
1 4241 8512
1 363 756
1 3933 7896
1 9697 85909
1 4437 8904
1 7065 93805
1 8154 90538
1 1147 2324
1 2070 4170
1 9448 86656
1 468 966
1 8017 90949
1 2751 5532
1 2688 5406
1 112 254
1 8867 88399
1 1749 3528
1 1753 3536
1 1396 2822
1 6533 95401
1 9063 87811
1 4346 8722
1 7623 92131
1 360 750
1 8610 89170
1 73 176
1 3234 6498
1 5038 99886
1 1859 3748
1 2743 5516
1 8846 88462
1 547 1124
1 6870 94390
1 9919 85243
1 2462 4954
1 6411 95767
1 3682 7394
1 3651 7332
1 5047 99859
1 6386 95842
1 8557 89329
1 382 794
1 2715 5460
1 102 234
1 4398 8826
1 9266 87202
1 3453 6936
1 8595 89215
1 8793 88621
1 7192 93424
1 9192 87424
1 8144 90568
1 3343 6716
1 6555 95335
1 1034 2098
1 1706 3442
1 6034 96898
1 4008 8046
1 7243 93271
1 3307 6644
1 3862 7754
1 6569 95293
1 2596 5222
1 8517 89449
1 5293 99121
1 2842 5714
1 1993 4016
1 7907 91279
1 7618 92146
1 6978 94066
1 234 498
1 3972 7974
1 79 188
1 3632 7294
1 5399 98803
1 4124 8278
1 3703 7436
1 8689 88933
1 454 938
1 9555 86335
1 67 164
1 1745 3520
1 4273 8576
1 9265 87205
1 599 1228
1 1881 3792
1 8617 89149
1 2445 4920
1 6997 94009
1 7682 91954
1 9639 86083
1 1676 3382
1 7224 93328
1 222 474
1 504 1038
1 7571 92287
1 4657 9344
1 2958 5946
1 9594 86218
1 5096 99712
1 7489 92533
1 6923 94231
1 2726 5482
1 4487 9004
1 9520 86440
1 9317 87049
1 6198 96406
1 9356 86932
1 8170 90490
1 6126 96622
1 5859 97423
1 2321 4672
1 729 1488
1 7107 93679
1 1923 3876
1 1833 3696
1 900 1830
1 4441 8912
1 4002 8034
1 6343 95971
1 7963 91111
1 6426 95722
1 2625 5280
1 2629 5288
1 6907 94279
1 9545 86365
1 2676 5382
1 868 1766
1 5924 97228
1 7683 91951
1 491 1012
1 3498 7026
1 7972 91084
1 3034 6098
1 9047 87859
1 6217 96349
1 5701 97897
1 463 956
1 8413 89761
1 9463 86611
1 7888 91336
1 7882 91354
1 3772 7574
1 2471 4972
1 7422 92734
1 2242 4514
1 2682 5394
1 2872 5774
1 235 500
1 2437 4904
1 2863 5756
1 4665 9360
1 5737 97789
1 8165 90505
1 8259 90223
1 6774 94678
1 6593 95221
1 675 1380
1 6464 95608
1 4028 8086
1 2635 5300
1 167 364
1 4659 9348
1 7885 91345
1 8441 89677
1 4477 8984
1 4321 8672
1 2813 5656
1 6489 95533
1 1797 3624
1 9875 85375
1 2934 5898
1 6600 95200
1 3157 6344
1 3963 7956
1 6499 95503
1 7271 93187
1 8806 88582
1 4532 9094
1 6180 96460
1 9666 86002
1 6485 95545
1 1845 3720
1 4208 8446
1 1385 2800
1 446 922
1 438 906
1 284 598
1 2230 4490
1 8939 88183
1 6654 95038
1 2015 4060
1 4598 9226
1 6 42
1 6032 96904
1 1743 3516
1 6110 96670
1 7617 92149
1 5059 99823
1 3347 6724
1 236 502
1 5901 97297
1 9939 85183
1 6342 95974
1 3381 6792
1 6356 95932
1 1289 2608
1 1283 2596
1 7316 93052
1 8365 89905
1 9492 86524
1 5920 97240
1 652 1334
1 2398 4826
1 2204 4438
1 6848 94456
1 1590 3210
1 8910 88270
1 6049 96853
1 4618 9266
1 9649 86053
1 3811 7652
1 825 1680
1 7671 91987
1 5676 97972
1 7232 93304
1 2170 4370
1 1013 2056
1 9208 87376
1 4306 8642
1 5304 99088
1 1593 3216
1 4465 8960
1 4685 9400
1 7840 91480
1 6832 94504
1 4032 8094
1 1498 3026
1 9888 85336
1 7570 92290
1 4478 8986
1 3103 6236
1 4176 8382
1 2324 4678
1 7078 93766
1 8455 89635
1 869 1768
1 4191 8412
1 3199 6428
1 6637 95089
1 3971 7972
1 4384 8798
1 2334 4698
1 6102 96694
1 6349 95953
1 3630 7290
1 9997 85009
1 8115 90655
1 409 848
1 5548 98356
1 2746 5522
1 7905 91285
1 1093 2216
1 216 462
1 8558 89326
1 5010 99970
1 5205 99385
1 7650 92050
1 272 574
1 196 422
1 9717 85849
1 6920 94240
1 338 706
1 820 1670
1 2828 5686
1 2186 4402
1 6506 95482
1 1649 3328
1 6756 94732
1 506 1042
1 7860 91420
1 7343 92971
1 4515 9060
1 5300 99100
1 9017 87949
1 753 1536
1 7761 91717
1 1300 2630
1 6684 94948
1 4680 9390
1 1829 3688
1 8174 90478
1 2046 4122
1 1276 2582
1 355 740
1 3122 6274
1 9588 86236
1 665 1360
1 4747 9524
1 8379 89863
1 4506 9042
1 7900 91300
1 8018 90946
1 9688 85936
1 5477 98569
1 5100 99700
1 3739 7508
1 108 246
1 68 166
1 4757 9544
1 7267 93199
1 9404 86788
1 1467 2964
1 3184 6398
1 7194 93418
1 5173 99481
1 938 1906
1 1570 3170
1 4682 9394
1 1550 3130
1 5730 97810
1 8487 89539
1 2300 4630
1 8396 89812
1 2100 4230
1 6213 96361
1 7984 91048
1 6798 94606
1 3414 6858
1 3645 7320
1 1453 2936
1 7344 92968
1 7696 91912
1 3020 6070
1 8495 89515
1 7940 91180
1 1621 3272
1 4930 9890
1 1423 2876
1 5297 99109
1 9766 85702
1 9579 86263
1 8424 89728
1 6993 94021
1 4904 9838
1 5767 97699
1 6638 95086
1 2483 4996
1 9313 87061
1 1868 3766
1 7736 91792
1 1071 2172
1 5865 97405
1 8011 90967
1 3769 7568
1 8457 89629
1 8563 89311
1 952 1934
1 2904 5838
1 5093 99721
1 5060 99820
1 8507 89479
1 8742 88774
1 3 36
1 3365 6760
1 8130 90610
1 8995 88015
1 27 84
1 6788 94636
1 4353 8736
1 7792 91624
1 7663 92011
1 7213 93361
1 3467 6964
1 1705 3440
1 9626 86122
1 1622 3274
1 9445 86665
1 5555 98335
1 1190 2410
1 9562 86314
1 1245 2520
1 2488 5006
1 3920 7870
1 7919 91243
1 4907 9844
1 5858 97426
1 3610 7250
1 2132 4294
1 6892 94324
1 5797 97609
1 23 76
1 8045 90865
1 8156 90532
1 2421 4872
1 3558 7146
1 7902 91294
1 7742 91774
1 629 1288
1 8209 90373
1 4153 8336
1 294 618
1 5967 97099
1 4796 9622
1 2234 4498
1 5543 98371
1 9948 85156
1 6984 94048
1 5292 99124
1 5834 97498
1 2012 4054
1 8275 90175
1 4354 8738
1 9528 86416
1 9093 87721
1 5631 98107
1 8005 90985
1 7217 93349
1 3012 6054
1 3955 7940
1 3720 7470
1 5246 99262
1 6418 95746
1 556 1142
1 2235 4500
1 310 650
1 8111 90667
1 3902 7834
1 3079 6188
1 5443 98671
1 2365 4760
1 882 1794
1 1880 3790
1 6505 95485
1 4257 8544
1 4269 8568
1 430 890
1 2184 4398
1 4725 9480
1 6403 95791
1 5484 98548
1 2450 4930
1 1662 3354
1 2276 4582
1 4861 9752
1 8266 90202
1 8367 89899
1 574 1178
1 7171 93487
1 6897 94309
1 949 1928
1 2195 4420
1 8447 89659
1 788 1606
1 5206 99382
1 1451 2932
1 6944 94168
1 4827 9684
1 4409 8848
1 4700 9430
1 2845 5720
1 9440 86680
1 9294 87118
1 2422 4874
1 8021 90937
1 6913 94261
1 7307 93079
1 4524 9078
1 8818 88546
1 7765 91705
1 5721 97837
1 775 1580
1 194 418
1 8290 90130
1 8258 90226
1 9540 86380
1 4149 8328
1 3809 7648
1 7077 93769
1 5401 98797
1 1185 2400
1 1144 2318
1 4871 9772
1 5381 98857
1 5179 99463
1 6414 95758
1 6763 94711
1 7961 91117
1 9552 86344
1 567 1164
1 8969 88093
1 8777 88669
1 7488 92536
1 2322 4674
1 6151 96547
1 5142 99574
1 6950 94150
1 1626 3282
1 9488 86536
1 5271 99187
1 5063 99811
1 5540 98380
1 7368 92896
1 3373 6776
1 3557 7144
1 2605 5240
1 2189 4408
1 2262 4554
1 616 1262
1 5594 98218
1 3416 6862
1 7002 93994
1 2576 5182
1 5247 99259
1 6826 94522
1 6843 94471
1 3308 6646
1 1687 3404
1 447 924
1 8351 89947
1 3778 7586
1 1635 3300
1 6071 96787
1 6690 94930
1 5949 97153
1 530 1090
1 4968 9966
1 8177 90469
1 2774 5578
1 14 58
1 6562 95314
1 4414 8858
1 8280 90160
1 8381 89857
1 3401 6832
1 1679 3388
1 230 490
1 8783 88651
1 1021 2072
1 4105 8240
1 8334 89998
1 635 1300
1 7699 91903
1 2799 5628
1 9744 85768
1 4312 8654
1 4178 8386
1 5588 98236
1 6050 96850
1 6468 95596
1 6963 94111
1 2432 4894
1 6899 94303
1 480 990
1 7897 91309
1 5850 97450
1 830 1690
1 1119 2268
1 2210 4450
1 2438 4906
1 3044 6118
1 5839 97483
1 1702 3434
1 7572 92284
1 6658 95026
1 9604 86188
1 1515 3060
1 4939 9908
1 7837 91489
1 7632 92104
1 8282 90154
1 9609 86173
1 6609 95173
1 9612 86164
1 6735 94795
1 8136 90592
1 9370 86890
1 1474 2978
1 5580 98260
1 5556 98332
1 4580 9190
1 2330 4690
1 7252 93244
1 4851 9732
1 843 1716
1 6579 95263
1 2250 4530
1 5937 97189
1 2912 5854
1 6804 94588
1 9112 87664
1 2004 4038
1 9114 87658
1 8622 89134
1 5348 98956
1 3135 6300
1 2971 5972
1 1667 3364
1 1415 2860
1 7458 92626
1 6739 94783
1 7575 92275
1 575 1180
1 561 1152
1 6977 94069
1 9952 85144
1 7969 91093
1 8752 88744
1 256 542
1 9876 85372
1 5424 98728
1 4944 9918
1 5437 98689
1 5390 98830
1 8565 89305
1 8335 89995
1 5325 99025
1 4950 9930
1 893 1816
1 3731 7492
1 5760 97720
1 1492 3014
1 2103 4236
1 8718 88846
1 9923 85231
1 2343 4716
1 2563 5156
1 8125 90625
1 7481 92557
1 7514 92458
1 4427 8884
1 2096 4222
1 8478 89566
1 694 1418
1 4318 8666
1 2394 4818
1 6972 94084
1 1400 2830
1 3252 6534
1 5336 98992
1 647 1324
1 3206 6442
1 6253 96241
1 3875 7780
1 1876 3782
1 1370 2770
1 3456 6942
1 1920 3870
1 6841 94477
1 7071 93787
1 7916 91252
1 3667 7364
1 6487 95539
1 9480 86560
1 2473 4976
1 4049 8128
1 8191 90427
1 8672 88984
1 7893 91321
1 4737 9504
1 6627 95119
1 7999 91003
1 4513 9056
1 8124 90628
1 4784 9598
1 7822 91534
1 594 1218
1 3904 7838
1 3372 6774
1 4892 9814
1 2153 4336
1 1240 2510
1 7871 91387
1 314 658
1 7428 92716
1 1438 2906
1 7366 92902
1 6245 96265
1 2614 5258
1 1715 3460
1 6943 94171
1 5042 99874
1 7358 92926
1 889 1808
1 6472 95584
1 8061 90817
1 3119 6268
1 2512 5054
1 2692 5414
1 4554 9138
1 4139 8308
1 3393 6816
1 4571 9172
1 2539 5108
1 7791 91627
1 5005 99985
1 6536 95392
1 6688 94936
1 3699 7428
1 2529 5088
1 3712 7454
1 4574 9178
1 8279 90163
1 4067 8164
1 703 1436
1 3487 7004
1 3855 7740
1 1340 2710
1 9044 87868
1 3170 6370
1 3484 6998
1 3235 6500
1 8764 88708
1 5411 98767
1 9377 86869
1 1051 2132
1 8952 88144
1 4800 9630
1 9417 86749
1 9232 87304
1 6959 94123
1 4707 9444
1 5366 98902
1 2198 4426
1 2487 5004
1 3490 7010
1 9055 87835
1 8164 90508
1 5489 98533
1 8582 89254
1 2180 4390
1 7175 93475
1 3884 7798
1 1726 3482
1 2011 4052
1 6188 96436
1 9953 85141
1 9710 85870
1 52 134
1 15 60
1 191 412
1 2298 4626
1 1928 3886
1 7330 93010
1 8475 89575
1 3086 6202
1 174 378
1 2657 5344
1 2976 5982
1 9801 85597
1 4587 9204
1 885 1800
1 8528 89416
1 716 1462
1 7007 93979
1 1540 3110
1 9641 86077
1 4345 8720
1 6595 95215
1 3611 7252
1 4966 9962
1 581 1192
1 1153 2336
1 1900 3830
1 3273 6576
1 9369 86893
1 4012 8054
1 9826 85522
1 4828 9686
1 4934 9898
1 9478 86566
1 586 1202
1 7115 93655
1 8196 90412
1 3436 6902
1 5520 98440
1 9570 86290
1 2024 4078
1 3346 6722
1 3209 6448
1 8824 88528
1 1915 3860
1 8583 89251
1 656 1342
1 6940 94180
1 8116 90652
1 4902 9834
1 3192 6414
1 5663 98011
1 5528 98416
1 6557 95329
1 6755 94735
1 6962 94114
1 6462 95614
1 2390 4810
1 5374 98878
1 1549 3128
1 6711 94867
1 2758 5546
1 5759 97723
1 9709 85873
1 4780 9590
1 9722 85834
1 3394 6818
1 5994 97018
1 1695 3420
1 1742 3514
1 9866 85402
1 6469 95593
1 1609 3248
1 2409 4848
1 8328 90016
1 5132 99604
1 3543 7116
1 5515 98455
1 7756 91732
1 7334 92998
1 3893 7816
1 1401 2832
1 7109 93673
1 132 294
1 8389 89833
1 9529 86413
1 5742 97774
1 3174 6378
1 2482 4994
1 4812 9654
1 6830 94510
1 6028 96916
1 9834 85498
1 2584 5198
1 3883 7796
1 2496 5022
1 7396 92812
1 3114 6258
1 412 854
1 3289 6608
1 7583 92251
1 6905 94285
1 5618 98146
1 2546 5122
1 7772 91684
1 2436 4902
1 8207 90379
1 7954 91138
1 8888 88336
1 4654 9338
1 7200 93400
1 4033 8096
1 3329 6688
1 7753 91741
1 7607 92179
1 8359 89923
1 822 1674
1 2550 5130
1 2325 4680
1 3735 7500
1 2952 5934
1 9616 86152
1 4116 8262
1 9346 86962
1 5983 97051
1 5187 99439
1 1193 2416
1 8641 89077
1 185 400
1 543 1116
1 9815 85555
1 7190 93430
1 961 1952
1 2731 5492
1 9240 87280
1 5845 97465
1 6689 94933
1 8132 90604
1 7714 91858
1 6544 95368
1 6121 96637
1 1404 2838
1 9973 85081
1 9277 87169
1 7157 93529
1 5761 97717
1 4962 9954
1 440 910
1 4877 9784
1 6333 96001
1 6177 96469
1 5684 97948
1 4703 9436
1 5021 99937
1 3233 6496
1 8168 90496
1 8869 88393
1 5828 97516
1 6659 95023
1 4841 9712
1 7098 93706
1 8727 88819
1 4606 9242
1 8931 88207
1 7980 91060
1 1656 3342
1 4878 9786
1 4043 8116
1 5897 97309
1 1776 3582
1 8273 90181
1 5609 98173
1 8993 88021
1 1642 3314
1 7436 92692
1 6572 95284
1 8384 89848
1 3789 7608
1 8532 89404
1 9051 87847
1 9656 86032
1 7146 93562
1 9519 86443
1 7423 92731
1 5947 97159
1 9821 85537
1 7798 91606
1 5193 99421
1 6746 94762
1 1999 4028
1 8966 88102
1 5190 99430
1 4510 9050
1 117 264
1 1251 2532
1 2643 5316
1 8333 90001
1 587 1204
1 9575 86275
1 4073 8176
1 4779 9588
1 9648 86056
1 3216 6462
1 1767 3564
1 1358 2746
1 5831 97507
1 3413 6856
1 4014 8058
1 4289 8608
1 2878 5786
1 1089 2208
1 7938 91186
1 477 984
1 2922 5874
1 815 1660
1 6864 94408
1 4037 8104
1 6617 95149
1 9256 87232
1 9275 87175
1 3517 7064
1 9836 85492
1 7414 92758
1 8577 89269
1 7920 91240
1 8762 88714
1 5299 99103
1 6881 94357
1 9159 87523
1 9684 85948
1 7998 91006
1 1335 2700
1 398 826
1 6511 95467
1 4416 8862
1 7411 92767
1 9490 86530
1 6722 94834
1 5398 98806
1 9780 85660
1 2693 5416
1 9676 85972
1 7661 92017
1 687 1404
1 4493 9016
1 7111 93667
1 9844 85468
1 8925 88225
1 5085 99745
1 9503 86491
1 9396 86812
1 1037 2104
1 2467 4964
1 8992 88024
1 9743 85771
1 2883 5796
1 80 190
1 7778 91666
1 8589 89233
1 2867 5764
1 3222 6474
1 8419 89743
1 7735 91795
1 4526 9082
1 2147 4324
1 1435 2900
1 6785 94645
1 8642 89074
1 6577 95269
1 541 1112
1 2996 6022
1 2532 5094
1 2309 4648
1 7250 93250
1 2305 4640
1 892 1814
1 9181 87457
1 1026 2082
1 9118 87646
1 1264 2558
1 7345 92965
1 2520 5070
1 8907 88279
1 1126 2282
1 9119 87643
1 4435 8900
1 8092 90724
1 6207 96379
1 2661 5352
1 3958 7946
1 8405 89785
1 6322 96034
1 6223 96331
1 1259 2548
1 7951 91147
1 5571 98287
1 809 1648
1 7764 91708
1 6041 96877
1 3880 7790
1 8611 89167
1 9863 85411
1 852 1734
1 6795 94615
1 7654 92038
1 2105 4240
1 9039 87883
1 1288 2606
1 1155 2340
1 4280 8590
1 6983 94051
1 8106 90682
1 1558 3146
1 8884 88348
1 9170 87490
1 3134 6298
1 8755 88735
1 5591 98227
1 9139 87583
1 3275 6580
1 2802 5634
1 1947 3924
1 1548 3126
1 1984 3998
1 4207 8444
1 8391 89827
1 8355 89935
1 1692 3414
1 1663 3356
1 9467 86599
1 2821 5672
1 3154 6338
1 5915 97255
1 2326 4682
1 1310 2650
1 4426 8882
1 4256 8542
1 2911 5852
1 9632 86104
1 6446 95662
1 696 1422
1 9563 86311
1 9072 87784
1 982 1994
1 7099 93703
1 4945 9920
1 6040 96880
1 1201 2432
1 4120 8270
1 2475 4980
1 2268 4566
1 5130 99610
1 3681 7392
1 122 274
1 8319 90043
1 7328 93016
1 271 572
1 9544 86368
1 6025 96925
1 3618 7266
1 7695 91915
1 1405 2840
1 9430 86710
1 5632 98104
1 5923 97231
1 8548 89356
1 3212 6454
1 3568 7166
1 9348 86956
1 1090 2210
1 8770 88690
1 7709 91873
1 9653 86041
1 4876 9782
1 6438 95686
1 8077 90769
1 6465 95605
1 1128 2286
1 3553 7136
1 9297 87109
1 4661 9352
1 4347 8724
1 4767 9564
1 6698 94906
1 8658 89026
1 5396 98812
1 6495 95515
1 9322 87034
1 3951 7932
1 2225 4480
1 2299 4628
1 2749 5528
1 8483 89551
1 3567 7164
1 4834 9698
1 6190 96430
1 6179 96463
1 7716 91852
1 1966 3962
1 5353 98941
1 7177 93469
1 7021 93937
1 5228 99316
1 1764 3558
1 7549 92353
1 9763 85711
1 7381 92857
1 3821 7672
1 5015 99955
1 3425 6880
1 4031 8092
1 7725 91825
1 5278 99166
1 3894 7818
1 6381 95857
1 8876 88372
1 2943 5916
1 4540 9110
1 6914 94258
1 941 1912
1 5365 98905
1 9981 85057
1 9867 85399
1 821 1672
1 390 810
1 3943 7916
1 3335 6700
1 1149 2328
1 1206 2442
1 1315 2660
1 5727 97819
1 3976 7982
1 4520 9070
1 3077 6184
1 2165 4360
1 2172 4374
1 5004 99988
1 6043 96871
1 4896 9822
1 3294 6618
1 1714 3458
1 1053 2136
1 4391 8812
1 199 428
1 7294 93118
1 4975 9980
1 989 2008
1 3185 6400
1 5434 98698
1 7228 93316
1 8820 88540
1 9337 86989
1 5579 98263
1 3757 7544
1 4850 9730
1 1584 3198
1 4509 9048
1 8612 89164
1 3499 7028
1 2812 5654
1 6640 95080
1 144 318
1 5162 99514
1 4688 9406
1 8799 88603
1 9767 85699
1 3991 8012
1 1186 2402
1 9527 86419
1 2199 4428
1 7325 93025
1 8634 89098
1 1730 3490
1 7010 93970
1 1146 2322
1 5982 97054
1 8220 90340
1 7262 93214
1 3609 7248
1 596 1222
1 7936 91192
1 1556 3142
1 2946 5922
1 563 1156
1 4407 8844
1 6379 95863
1 5311 99067
1 4573 9176
1 451 932
1 9933 85201
1 4412 8854
1 7689 91933
1 414 858
1 320 670
1 66 162
1 2125 4280
1 7614 92158
1 7135 93595
1 5542 98374
1 2800 5630
1 5233 99301
1 6060 96820
1 877 1784
1 7589 92233
1 9557 86329
1 566 1162
1 2594 5218
1 5851 97447
1 3014 6058
1 3595 7220
1 3861 7752
1 7519 92443
1 7469 92593
1 3109 6248
1 9874 85378
1 3495 7020
1 8871 88387
1 9972 85084
1 1107 2244
1 1346 2722
1 604 1238
1 170 370
1 2497 5024
1 919 1868
1 7353 92941
1 9355 86935
1 1460 2950
1 9884 85348
1 6372 95884
1 3845 7720
1 3736 7502
1 5157 99529
1 562 1154
1 6352 95944
1 1873 3776
1 5679 97963
1 1419 2868
1 661 1352
1 7803 91591
1 5266 99202
1 7470 92590
1 1326 2682
1 5646 98062
1 2843 5716
1 8865 88405
1 4525 9080
1 6927 94219
1 5604 98188
1 6527 95419
1 6239 96283
1 6918 94246
1 5467 98599
1 929 1888
1 9301 87097
1 8971 88087
1 9635 86095
1 6477 95569
1 7777 91669
1 1629 3288
1 8743 88771
1 2572 5174
1 9778 85666
1 6552 95344
1 4900 9830
1 3534 7098
1 35 100
1 5316 99052
1 3225 6480
1 4709 9448
1 6624 95128
1 8411 89767
1 7387 92839
1 5590 98230
1 1748 3526
1 2139 4308
1 1359 2748
1 3656 7342
1 7188 93436
1 3779 7588
1 2369 4768
1 1931 3892
1 5256 99232
1 6745 94765
1 7517 92449
1 1058 2146
1 1782 3594
1 6857 94429
1 4453 8936
1 9028 87916
1 7349 92953
1 2820 5670
1 7548 92356
1 756 1542
1 778 1586
1 3435 6900
1 3776 7582
1 6796 94612
1 9013 87961
1 7172 93484
1 6212 96364
1 5150 99550
1 5491 98527
1 8458 89626
1 4773 9576
1 3111 6252
1 5992 97024
1 7291 93127
1 3817 7664
1 6910 94270
1 8182 90454
1 266 562
1 9229 87313
1 5879 97363
1 3901 7832
1 8489 89533
1 9316 87052
1 5597 98209
1 8224 90328
1 6682 94954
1 9474 86578
1 1632 3294
1 7147 93559
1 6890 94330
1 2858 5746
1 6917 94249
1 5658 98026
1 3566 7162
1 6222 96334
1 6726 94822
1 3370 6770
1 1523 3076
1 1484 2998
1 7686 91942
1 4281 8592
1 1292 2614
1 3634 7298
1 7880 91360
1 653 1336
1 8883 88351
1 307 644
1 3542 7114
1 6902 94294
1 8051 90847
1 1806 3642
1 5117 99649
1 9389 86833
1 4899 9828
1 3306 6642
1 3692 7414
1 7390 92830
1 2569 5168
1 7159 93523
1 3822 7674
1 536 1102
1 158 346
1 9043 87871
1 206 442
1 5357 98929
1 2552 5134
1 5878 97366
1 6930 94210
1 846 1722
1 7500 92500
1 101 232
1 2664 5358
1 5050 99850
1 5733 97801
1 1036 2102
1 516 1062
1 5137 99589
1 5404 98788
1 9947 85159
1 4253 8536
1 3968 7966
1 6882 94354
1 8428 89716
1 6283 96151
1 560 1150
1 8109 90673
1 1650 3330
1 9700 85900
1 9857 85429
1 926 1882
1 4093 8216
1 7385 92845
1 8412 89764
1 6680 94960
1 5199 99403
1 9731 85807
1 9716 85852
1 486 1002
1 9487 86539
1 1784 3598
1 3069 6168
1 6478 95566
1 4836 9702
1 9329 87013
1 4662 9354
1 7770 91690
1 945 1920
1 9654 86038
1 1445 2920
1 5968 97096
1 4129 8288
1 9771 85687
1 7318 93046
1 6369 95893
1 2509 5048
1 227 484
1 4634 9298
1 7101 93697
1 6560 95320
1 7249 93253
1 6008 96976
1 1822 3674
1 9129 87613
1 2609 5248
1 8497 89509
1 1721 3472
1 8464 89608
1 3193 6416
1 161 352
1 8726 88822
1 4724 9478
1 5938 97186
1 233 496
1 6101 96697
1 2891 5812
1 9194 87418
1 9535 86395
1 3973 7976
1 8601 89197
1 7858 91426
1 8545 89365
1 9719 85843
1 537 1104
1 5771 97687
1 6262 96214
1 9613 86161
1 1985 4000
1 4431 8892
1 7662 92014
1 7926 91222
1 7917 91249
1 2947 5924
1 5222 99334
1 9143 87571
1 3080 6190
1 6809 94573
1 8184 90448
1 3996 8022
1 8205 90385
1 1152 2334
1 2130 4290
1 8863 88411
1 6831 94507
1 8439 89683
1 8102 90694
1 9231 87307
1 8315 90055
1 1639 3308
1 1824 3678
1 4576 9182
1 350 730
1 3118 6266
1 8862 88414
1 1901 3832
1 96 222
1494
1 1048 2126
1 2850 5730
1 6341 95977
1 7710 91870
1 2477 4984
1 3288 6606
1 8493 89521
1 6459 95623
1 6170 96490
1 5377 98869
1 9658 86026
1 2228 4486
1 11 52
1 2258 4546
1 7409 92773
1 8024 90928
1 7590 92230
1 4157 8344
1 5007 99979
1 4775 9580
1 8779 88663
1 8434 89698
1 5756 97732
1 1319 2668
1 6602 95194
1 8975 88075
1 7914 91258
1 6994 94018
1 508 1046
1 202 434
1 7611 92167
1 377 784
1 1932 3894
1 6534 95398
1 3623 7276
1 922 1874
1 5452 98644
1 4527 9084
1 8977 88069
1 4009 8048
1 9029 87913
1 8105 90685
1 3108 6246
1 8137 90589
1 514 1058
1 835 1700
1 7606 92182
1 7310 93070
1 4342 8714
1 2794 5618
1 8937 88189
1 1387 2804
1 7342 92974
1 3503 7036
1 6428 95716
1 6884 94348
1 244 518
1 4132 8294
1 4719 9468
1 448 926
1 5235 99295
1 7625 92125
1 3244 6518
1 4135 8300
1 1159 2348
1 7337 92989
1 1681 3392
1 5587 98239
1 6175 96475
1 6520 95440
1 247 524
1 3673 7376
1 3900 7830
1 1572 3174
1 4806 9642
1 2484 4998
1 3807 7644
1 7677 91969
1 8437 89689
1 5355 98935
1 2663 5356
1 8638 89086
1 6234 96298
1 8027 90919
1 8797 88609
1 5341 98977
1 1927 3884
1 6501 95497
1 1015 2060
1 663 1356
1 1793 3616
1 6592 95224
1 9094 87718
1 6743 94771
1 4508 9046
1 9633 86101
1 1253 2536
1 9932 85204
1 3203 6436
1 1104 2238
1 2099 4228
1 1786 3602
1 9339 86983
1 1774 3578
1 2486 5002
1 349 728
1 7468 92596
1 6449 95653
1 9522 86434
1 9915 85255
1 5695 97915
1 2508 5046
1 1863 3756
1 836 1702
1 5161 99517
1 3404 6838
1 7841 91477
1 4976 9982
1 2368 4766
1 6375 95875
1 2848 5726
1 3018 6066
1 1011 2052
1 3440 6910
1 1643 3316
1 6471 95587
1 2997 6024
1 9574 86278
1 9247 87259
1 9302 87094
1 2284 4598
1 1200 2430
1 4512 9054
1 3569 7168
1 7435 92695
1 3613 7256
1 790 1610
1 9954 85138
1 7434 92698
1 2502 5034
1 2989 6008
1 6877 94369
1 9352 86944
1 3528 7086
1 6461 95617
1 6227 96319
1 2440 4910
1 4751 9532
1 8103 90691
1 3655 7340
1 1318 2666
1 7790 91630
1 9197 87409
1 3823 7676
1 5040 99880
1 12 54
1 1465 2960
1 9774 85678
1 6451 95647
1 6524 95428
1 1779 3588
1 8598 89206
1 3027 6084
1 2945 5920
1 38 106
1 6374 95878
1 5741 97777
1 5474 98578
1 6248 96256
1 6585 95245
1 5356 98932
1 6712 94864
1 3098 6226
1 2506 5042
1 4175 8380
1 9186 87442
1 5062 99814
1 2308 4646
1 8652 89044
1 471 972
1 195 420
1 2087 4204
1 9673 85981
1 7818 91546
1 3694 7418
1 3672 7374
1 9657 86029
1 6837 94489
1 4535 9100
1 3956 7942
1 967 1964
1 7849 91453
1 2829 5688
1 1273 2576
1 3412 6854
1 3422 6874
1 434 898
1 6450 95650
1 6678 94966
1 2377 4784
1 2967 5964
1 5225 99325
1 8175 90475
1 3438 6906
1 6860 94420
1 2367 4764
1 9661 86017
1 7879 91363
1 5513 98461
1 9310 87070
1 1697 3424
1 8960 88120
1 1121 2272
1 9660 86020
1 8607 89179
1 1459 2948
1 2528 5086
1 8737 88789
1 1138 2306
1 8329 90013
1 3458 6946
1 7586 92242
1 3575 7180
1 1835 3700
1 7959 91123
1 5840 97480
1 2376 4782
1 7299 93103
1 1841 3712
1 8648 89056
1 6479 95563
1 1819 3668
1 5429 98713
1 275 580
1 6789 94633
1 5375 98875
1 1349 2728
1 925 1880
1 6868 94396
1 7796 91612
1 9816 85552
1 5718 97846
1 3912 7854
1 8242 90274
1 7732 91804
1 4971 9972
1 5986 97042
1 4287 8604
1 6835 94495
1 779 1588
1 299 628
1 4061 8152
1 193 416
1 8765 88705
1 7031 93907
1 8058 90826
1 8071 90787
1 3250 6530
1 8471 89587
1 2838 5706
1 6070 96790
1 1979 3988
1 3878 7786
1 3451 6932
1 3270 6570
1 6183 96451
1 55 140
1 8823 88531
1 6780 94660
1 8792 88624
1 2644 5318
1 7827 91519
1 5818 97546
1 6247 96259
1 5027 99919
1 2007 4044
1 9030 87910
1 2789 5608
1 9410 86770
1 7644 92068
1 4160 8350
1 6015 96955
1 4299 8628
1 6088 96736
1 7018 93946
1 264 558
1 5090 99730
1 5128 99616
1 7906 91282
1 323 676
1 7270 93190
1 9823 85531
1 450 930
1 5103 99691
1 5757 97729
1 4313 8656
1 2003 4036
1 7593 92221
1 7830 91510
1 9016 87952
1 2026 4082
1 9782 85654
1 6546 95362
1 6596 95212
1 8304 90088
1 3377 6784
1 1330 2690
1 153 336
1 8435 89695
1 3475 6980
1 3725 7480
1 8749 88753
1 5683 97951
1 6630 95110
1 1838 3706
1 7799 91603
1 4739 9508
1 6079 96763
1 1977 3984
1 4334 8698
1 1227 2484
1 5343 98971
1 6696 94912
1 6127 96619
1 8025 90925
1 5929 97213
1 6410 95770
1 164 358
1 2630 5290
1 1164 2358
1 4411 8852
1 2617 5264
1 4597 9224
1 5020 99940
1 8139 90583
1 339 708
1 1383 2796
1 2069 4168
1 4144 8318
1 8247 90259
1 4929 9888
1 8297 90109
1 8453 89641
1 4569 9168
1 7066 93802
1 1935 3900
1 2493 5016
1 5702 97894
1 7 44
1 94 218
1 3073 6176
1 7857 91429
1 4137 8304
1 7566 92302
1 7771 91687
1 1673 3376
1 4550 9130
1 6765 94705
1 9096 87712
1 3406 6842
1 9009 87973
1 8947 88159
1 5086 99742
1 5104 99688
1 662 1354
1 2122 4274
1 6475 95575
1 4024 8078
1 6358 95926
1 570 1170
1 5458 98626
1 3285 6600
1 4442 8914
1 6000 97000
1 5392 98824
1 9252 87244
1 9407 86779
1 5402 98794
1 4221 8472
1 4305 8640
1 2501 5032
1 7072 93784
1 6553 95341
1 7377 92869
1 1228 2486
1 1250 2530
1 2045 4120
1 2092 4214
1 2581 5192
1 1353 2736
1 4993 10016
1 8306 90082
1 6073 96781
1 8964 88108
1 243 516
1 3052 6134
1 5647 98059
1 2212 4454
1 2544 5118
1 7207 93379
1 4339 8708
1 2364 4758
1 1454 2938
1 5403 98791
1 4491 9012
1 4084 8198
1 8839 88483
1 361 752
1 6701 94897
1 6507 95479
1 9682 85954
1 5849 97453
1 3761 7552
1 770 1570
1 888 1806
1 4194 8418
1 3116 6262
1 6773 94681
1 3488 7006
1 8053 90841
1 1028 2086
1 8602 89194
1 7096 93712
1 7153 93541
1 6082 96754
1 6100 96700
1 8600 89200
1 7784 91648
1 2709 5448
1 1130 2290
1 5626 98122
1 7120 93640
1 6439 95683
1 3040 6110
1 8958 88126
1 5028 99916
1 9233 87301
1 2686 5402
1 7807 91579
1 6597 95209
1 1992 4014
1 3302 6634
1 699 1428
1 3521 7072
1 7008 93976
1 3001 6032
1 9073 87781
1 2137 4304
1 3648 7326
1 2404 4838
1 5334 98998
1 9679 85963
1 7876 91372
1 768 1566
1 4359 8748
1 4807 9644
1 8301 90097
1 6305 96085
1 9282 87154
1 7872 91384
1 6423 95731
1 8363 89911
1 8956 88132
1 6338 95986
1 7658 92026
1 8476 89572
1 8070 90790
1 6061 96817
1 220 470
1 7369 92893
1 5070 99790
1 6641 95077
1 3992 8014
1 2113 4256
1 9238 87286
1 5151 99547
1 9957 85129
1 7293 93121
1 2618 5266
1 8169 90493
1 8621 89137
1 3379 6788
1 8803 88591
1 4650 9330
1 1542 3114
1 1983 3996
1 5035 99895
1 8701 88897
1 9962 85114
1 42 114
1 285 600
1 711 1452
1 1512 3054
1 676 1382
1 2593 5216
1 9855 85435
1 2246 4522
1 3392 6814
1 8541 89377
1 7754 91738
1 8093 90721
1 8724 88828
1 281 592
1 4446 8922
1 5133 99601
1 5638 98086
1 2565 5160
1 5888 97336
1 2339 4708
1 9784 85648
1 7395 92815
1 7651 92047
1 6608 95176
1 2780 5590
1 540 1110
1 6750 94750
1 2219 4468
1 5140 99580
1 9879 85363
1 5210 99370
1 1888 3806
1 2846 5722
1 1395 2820
1 2600 5230
1 2227 4484
1 188 406
1 618 1266
1 8000 91000
1 3860 7750
1 758 1546
1 8679 88963
1 4490 9010
1 1761 3552
1 1943 3916
1 2831 5692
1 7027 93919
1 64 158
1 4297 8624
1 5739 97783
1 3491 7012
1 9992 85024
1 6211 96367
1 9390 86830
1 5339 98983
1 3523 7076
1 5899 97303
1 3224 6478
1 7364 92908
1 9965 85105
1 2076 4182
1 5072 99784
1 1942 3914
1 7254 93238
1 7870 91390
1 9022 87934
1 7280 93160
1 119 268
1 679 1388
1 5383 98851
1 1625 3280
1 4445 8920
1 4126 8282
1 5980 97060
1 7306 93082
1 1260 2550
1 6694 94918
1 5693 97921
1 542 1114
1 2577 5184
1 684 1398
1 9288 87136
1 1399 2828
1 6699 94903
1 8326 90022
1 5329 99013
1 9395 86815
1 6896 94312
1 1916 3862
1 4838 9706
1 1641 3312
1 8626 89122
1 5276 99172
1 3911 7852
1 3939 7908
1 3075 6180
1 278 586
1 5234 99298
1 1162 2354
1 3741 7512
1 3937 7904
1 3957 7944
1 9459 86623
1 8885 88345
1 4644 9318
1 538 1106
1 6668 94996
1 3383 6796
1 8594 89218
1 4676 9382
1 2551 5132
1 8486 89542
1 8521 89437
1 2956 5942
1 5628 98116
1 8739 88783
1 6237 96289
1 2981 5992
1 9066 87802
1 8514 89458
1 7130 93610
1 2730 5490
1 8163 90511
1 3113 6256
1 4378 8786
1 501 1032
1 7453 92641
1 1313 2656
1 638 1306
1 1129 2288
1 3295 6620
1 8188 90436
1 4234 8498
1 2636 5302
1 8629 89113
1 1441 2912
1 6413 95761
1 2925 5880
1 2264 4558
1 8108 90676
1 720 1470
1 6346 95962
1 6182 96454
1 5868 97396
1 6129 96613
1 7989 91033
1 1884 3798
1 3245 6520
1 7024 93928
1 5909 97273
1 4483 8996
1 3163 6356
1 4420 8870
1 3713 7456
1 2573 5176
1 1857 3744
1 985 2000
1 5446 98662
1 3782 7594
1 9760 85720
1 899 1828
1 6023 96931
1 2626 5282
1 6847 94459
1 2385 4800
1 6863 94411
1 5634 98098
1 3176 6382
1 4174 8378
1 4036 8102
1 9347 86959
1 5562 98314
1 1178 2386
1 8357 89929
1 4057 8144
1 6539 95383
1 9019 87943
1 9803 85591
1 8932 88204
1 6634 95098
1 5922 97234
1 5988 97036
1 3089 6208
1 2986 6002
1 7054 93838
1 3187 6404
1 3147 6324
1 1406 2842
1 9210 87370
1 2086 4202
1 7148 93556
1 9759 85723
1 9228 87316
1 3056 6142
1 3886 7802
1 7845 91465
1 8038 90886
1 8037 90889
1 683 1396
1 2055 4140
1 9062 87814
1 5114 99658
1 521 1072
1 8344 89968
1 6797 94609
1 2553 5136
1 3760 7550
1 7513 92461
1 6457 95629
1 7125 93625
1 2991 6012
1 2690 5410
1 7304 93088
1 8603 89191
1 8539 89383
1 4484 8998
1 8253 90241
1 229 488
1 9230 87310
1 1544 3118
1 5455 98635
1 4290 8610
1 7976 91072
1 1688 3406
1 1393 2816
1 3059 6148
1 988 2006
1 2893 5816
1 9331 87007
1 9988 85036
1 3828 7686
1 1580 3190
1 228 486
1 5934 97198
1 6681 94957
1 418 866
1 10000 85000
1 8849 88453
1 1003 2036
1 3309 6648
1 6238 96286
1 5502 98494
1 4560 9150
1 928 1886
1 856 1742
1 7946 91162
1 9689 85933
1 2307 4644
1 2856 5742
1 5984 97048
1 1188 2406
1 4655 9340
1 7457 92629
1 4919 9868
1 2084 4198
1 5869 97393
1 2444 4918
1 6777 94669
1 1524 3078
1 7442 92674
1 6033 96901
1 3560 7150
1 4200 8430
1 265 560
1 4766 9562
1 5941 97177
1 8829 88513
1 1969 3968
1 771 1572
1 7319 93043
1 8831 88507
1 2124 4278
1 3326 6682
1 7703 91891
1 2053 4136
1 6635 95095
1 5848 97456
1 4004 8038
1 439 908
1 5785 97645
1 9994 85018
1 5931 97207
1 8477 89569
1 3072 6174
1 3351 6732
1 472 974
1 3865 7760
1 5351 98947
1 4731 9492
1 203 436
1 4482 8994
1 8388 89836
1 8161 90517
1 172 374
1 5748 97756
1 3838 7706
1 4954 9938
1 1194 2418
1 2355 4740
1 6309 96073
1 204 438
1 8442 89674
1 3432 6894
1 8834 88498
1 2897 5824
1 7932 91204
1 6493 95521
1 9935 85195
1 8712 88864
1 4909 9848
1 9307 87079
1 3770 7570
1 4514 9058
1 2056 4142
1 4567 9164
1 794 1618
1 2804 5638
1 5787 97639
1 8356 89932
1 9756 85732
1 8760 88720
1 7212 93364
1 7757 91729
1 3358 6746
1 6420 95740
1 8100 90700
1 149 328
1 8155 90535
1 1173 2376
1 2166 4362
1 2668 5366
1 6605 95185
1 6751 94747
1 2851 5732
1 7691 91927
1 7360 92920
1 7522 92434
1 3403 6836
1 9189 87433
1 2631 5292
1 428 886
1 9219 87343
1 9910 85270
1 2412 4854
1 3753 7536
1 682 1394
1 9891 85327
1 6874 94378
1 9018 87946
1 3480 6990
1 2185 4400
1 9485 86545
1 5308 99076
1 4113 8256
1 8278 90166
1 2306 4642
1 2136 4302
1 8881 88357
1 8150 90550
1 3959 7948
1 6903 94291
1 6258 96226
1 5427 98719
1 7949 91153
1 8573 89281
1 9553 86341
1 4324 8678
1 8001 90997
1 9581 86257
1 9974 85078
1 3303 6636
1 1407 2844
1 6035 96895
1 1877 3784
1 7826 91522
1 9811 85567
1 8015 90955
1 1275 2580
1 9088 87736
1 3082 6194
1 4083 8196
1 8221 90337
1 8084 90748
1 9852 85444
1 6800 94600
1 1409 2848
1 8776 88672
1 3459 6948
1 9077 87769
1 5135 99595
1 1125 2280
1 3660 7350
1 1139 2308
1 6363 95911
1 455 940
1 2479 4988
1 4301 8632
1 5697 97909
1 1853 3736
1 2615 5260
1 8094 90718
1 291 612
1 8946 88162
1 5990 97030
1 3714 7458
1 7444 92668
1 356 742
1 6277 96169
1 7497 92509
1 9466 86602
1 3533 7096
1 6672 94984
1 5034 99898
1 7910 91270
1 816 1662
1 4358 8746
1 4559 9148
1 1825 3680
1 6607 95179
1 672 1374
1 402 834
1 9135 87595
1 143 316
1 1737 3504
1 4645 9320
1 3633 7296
1 2396 4822
1 4988 10006
1 9813 85561
1 328 686
1 7139 93583
1 4849 9728
1 9859 85423
1 2817 5664
1 3574 7178
1 1352 2734
1 7924 91228
1 7851 91447
1 8040 90880
1 6205 96385
1 1801 3632
1 8631 89107
1 7836 91492
1 2992 6014
1 5456 98632
1 7655 92035
1 655 1340
1 4021 8072
1 6347 95959
1 8878 88366
1 3936 7902
1 9081 87757
1 7676 91972
1 1489 3008
1 5449 98653
1 2181 4392
1 7417 92749
1 2416 4862
1 4310 8650
1 578 1186
1 1919 3868
1 4488 9006
1 3417 6864
1 9573 86281
1 4616 9262
1 9060 87820
1 9501 86497
1 41 112
1 8930 88210
1 475 980
1 346 722
1 749 1528
1 4543 9116
1 7966 91102
1 1176 2382
1 7948 91156
1 4542 9114
1 7087 93739
1 4857 9744
1 5196 99412
1 4172 8374
1 7847 91459
1 5413 98761
1 3647 7324
1 8974 88078
1 9323 87031
1 3654 7338
1 296 622
1 9415 86755
1 2252 4534
1 9860 85420
1 2144 4318
1 32 94
1 1440 2910
1 5525 98425
1 823 1676
1 630 1290
1 1482 2994
1 4103 8236
1 8919 88243
1 9267 87199
1 3524 7078
1 1804 3638
1 6752 94744
1 1169 2368
1 4251 8532
1 5238 99286
1 9871 85387
1 1606 3242
1 1002 2034
1 2620 5270
1 6308 96076
1 3723 7476
1 165 360
1 3444 6918
1 5129 99613
1 1856 3742
1 9085 87745
1 4217 8464
1 6286 96142
1 3004 6038
1 9130 87610
1 7269 93193
1 5844 97468
1 9669 85993
1 1295 2620
1 1109 2248
1 8358 89926
1 804 1638
1 5826 97522
1 1184 2398
1 3272 6574
1 8944 88168
1 640 1310
1 9566 86302
1 5687 97939
1 9257 87229
1 863 1756
1 3561 7152
1 4790 9610
1 8987 88039
1 637 1304
1 3527 7084
1 773 1576
1 9175 87475
1 3057 6144
1 5373 98881
1 7312 93064
1 2760 5550
1 5064 99808
1 9315 87055
1 4584 9198
1 5976 97072
1 6814 94558
1 1106 2242
1 1615 3260
1 884 1798
1 6491 95527
1 7455 92635
1 7082 93754
1 9269 87193
1 421 872
1 4365 8760
1 92 214
1 2790 5610
1 9443 86671
1 1727 3484
1 6417 95749
1 405 840
1 9005 87985
1 9958 85126
1 7656 92032
1 6762 94714
1 5245 99265
1 7211 93367
1 2041 4112
1 2598 5226
1 9578 86266
1 6790 94630
1 9158 87526
1 6482 95554
1 1912 3854
1 8905 88285
1 2791 5612
1 6986 94042
1 6445 95665
1 7032 93904
1 4870 9770
1 8667 88999
1 8696 88912
1 1103 2236
1 2894 5818
1 5073 99781
1 9403 86791
1 2950 5930
1 5544 98368
1 2919 5868
1 1796 3622
1 1735 3500
1 1612 3254
1 1789 3608
1 9279 87163
1 6942 94174
1 6139 96583
1 4205 8440
1 6044 96868
1 4557 9144
1 8416 89752
1 9546 86362
1 4631 9292
1 7722 91834
1 1811 3652
1 658 1346
1 6587 95239
1 5560 98320
1 4238 8506
1 2697 5424
1 5184 99448
1 7122 93634
1 4459 8948
1 9227 87319
1 4744 9518
1 1967 3964
1 2023 4076
1 261 552
1 7866 91402
1 9 48
1 7236 93292
1 7960 91120
1 3356 6742
1 5244 99268
1 3573 7176
1 5286 99142
1 9026 87922
1 5046 99862
1 6147 96559
1 4951 9932
1 1652 3334
1 7184 93448
1 6029 96913
1 8498 89506
1 7158 93526
1 2787 5604
1 1422 2874
1 874 1778
1 7070 93790
1 9089 87733
1 9057 87829
1 5887 97339
1 1567 3164
1 1294 2618
1 5714 97858
1 1616 3262
1 9042 87874
1 8935 88195
1 3426 6882
1 549 1128
1 1475 2980
1 5200 99400
1 5476 98572
1 3922 7874
1 5629 98113
1 1596 3222
1 9424 86728
1 3961 7952
1 2757 5544
1 7401 92797
1 8050 90850
1 4058 8146
1 6901 94297
1 267 564
1 9076 87772
1 1903 3836
1 4808 9646
1 2079 4188
1 242 514
1 5011 99967
1 1160 2350
1 6673 94981
1 7362 92914
1 8961 88117
1 2541 5112
1 442 914
1 1956 3942
1 4693 9416
1 1380 2790
1 8041 90877
1 8663 89011
1 5794 97618
1 7801 91597
1 8324 90028
1 1800 3630
1 8686 88942
1 7138 93586
1 6521 95437
1 9949 85153
1 8625 89125
1 1503 3036
1 2387 4804
1 7425 92725
1 2650 5330
1 4648 9326
1 1902 3834
1 3065 6160
1 168 366
1 1720 3470
1 8451 89647
1 306 642
1 6453 95641
1 8581 89257
1 706 1442
1 6757 94729
1 2382 4794
1 5425 98725
1 9180 87460
1 1633 3296
1 2634 5298
1 7053 93841
1 8794 88618
1 4964 9958
1 6427 95719
1 8186 90442
1 3608 7246
1 3025 6080
1 7511 92467
1 8604 89188
1 4969 9968
1 5574 98278
1 3535 7100
1 6703 94891
1 7580 92260
1 1175 2380
1 1840 3710
1 2881 5792
1 7745 91765
1 7528 92416
1 3626 7282
1 9103 87691
1 4652 9334
1 5508 98476
1 2102 4234
1 6589 95233
1 4716 9462
1 420 870
1 416 862
1 1114 2258
1 7323 93031
1 8134 90598
1 417 864
1 9999 85003
1 6114 96658
1 6893 94321
1 2836 5702
1 7855 91435
1 5665 98005
1 5755 97735
1 2267 4564
1 3259 6548
1 4457 8944
1 2302 4634
1 7201 93397
1 7853 91441
1 4274 8578
1 2375 4780
1 9982 85054
1 8985 88045
1 9354 86938
1 2882 5794
1 1791 3612
1 6083 96751
1 3102 6234
1 3775 7580
1 151 332
1 4938 9906
1 2518 5066
1 3794 7618
1 2333 4696
1 8433 89701
1 9392 86824
1 2994 6018
1 3066 6162
1 1837 3704
1 7202 93394
1 1420 2870
1 1981 3992
1 9446 86662
1 9970 85090
1 6086 96742
1 9206 87382
1 9882 85354
1 983 1996
1 5296 99112
1 1281 2592
1 6276 96172
1 6004 96988
1 3204 6438
1 7846 91462
1 7339 92983
1 1568 3166
1 6005 96985
1 1055 2140
1 9757 85729
1 4746 9522
1 4366 8762
1 1630 3290
1 4352 8734
1 7429 92713
1 5016 99952
1 1716 3462
1 9846 85462
1 5367 98899
1 3774 7578
1 1690 3410
1 532 1094
1 7601 92197
1 8786 88642
1 5650 98050
1 2589 5208
1 8809 88573
1 6692 94924
1 7622 92134
1 4122 8274
1 7277 93169
1 7049 93853
1 6064 96808
1 2448 4926
1 8133 90601
1 2341 4712
1 482 994
1 1145 2320
1 7405 92785
1 7117 93649
1 4845 9720
1 4048 8126
1 82 194
1 1057 2144
1 5163 99511
1 3218 6466
1 8569 89293
1 728 1486
1 2522 5074
1 6125 96625
1 3706 7442
1 9157 87529
1 4997 10024
1 8596 89212
1 5636 98092
1 8075 90775
1 3895 7820
1 4953 9936
1 3691 7412
1 9615 86155
1 9292 87124
1 762 1554
1 22 74
1 9184 87448
1 9808 85576
1 5668 97996
1 198 426
1 3106 6242
1 8998 88006
1 4472 8974
1 3522 7074
1 9799 85603
1 6869 94393
1 6915 94255
1 4429 8888
1 4363 8756
1 6538 95386
1 1531 3092
1 6636 95092
1 7486 92542
1 2914 5858
1 17 64
1 4361 8752
1 3191 6412
1 1624 3278
1 7121 93637
1 3594 7218
1 2983 5996
1 4436 8902
1 5798 97606
1 495 1020
1 359 748
1 636 1302
1 5637 98089
1 9290 87130
1 1654 3338
1 7968 91096
1 4304 8638
1 2840 5710
1 1133 2296
1 2908 5846
1 9137 87589
1 2652 5334
1 6663 95011
1 4023 8076
1 6705 94885
1 1019 2068
1 1780 3590
1 4789 9608
1 1528 3086
1 9987 85039
1 9295 87115
1 4727 9484
1 3734 7498
1 2702 5434
1 5220 99340
1 8234 90298
1 7635 92095
1 6887 94339
1 4874 9778
1 1603 3236
1 9271 87187
1 6958 94126
1 6319 96043
1 5670 97990
1 5232 99304
1 1209 2448
1 9576 86272
1 8368 89896
1 5608 98176
1 2016 4062
1 1202 2434
1 8789 88633
1 9453 86641
1 7576 92272
1 9010 87970
1 8868 88396
1 8418 89746
1 487 1004
1 6231 96307
1 5716 97852
1 8056 90832
1 1710 3450
1 1814 3658
1 6695 94915
1 2974 5978
1 2078 4186
1 787 1604
1 9991 85027
1 6781 94657
1 1031 2092
1 4087 8204
1 7763 91711
1 2217 4464
1 1221 2472
1 5420 98740
1 5969 97093
1 4801 9632
1 9569 86293
1 2568 5166
1 3859 7748
1 2533 5096
1 1391 2812
1 3290 6610
1 2879 5788
1 4837 9704
1 1102 2234
1 1964 3958
1 6163 96511
1 7768 91696
1 3384 6798
1 9929 85213
1 8934 88198
1 1950 3930
1 6502 95494
1 8244 90268
1 3022 6074
1 2425 4880
1 8982 88054
1 4447 8924
1 2717 5464
1 5175 99475
1 9741 85777
1 864 1758
1 8180 90460
1 9770 85690
1 1978 3986
1 221 472
1 8887 88339
1 8398 89806
1 4168 8366
1 6642 95074
1 5290 99130
1 2587 5204
1 2871 5772
1 330 690
1 8212 90364
1 6432 95704
1 4064 8158
1 7812 91564
1 6389 95833
1 9525 86425
1 9341 86977
1 5395 98815
1 969 1968
1 6097 96709
1 2320 4670
1 722 1474
1 7915 91255
1 1718 3466
1 3323 6676
1 1578 3186
1 4117 8264
