std: 3/12
vzd: 3/12
1211 745,43 115,54 141,72
1211 745,43 115,54 141,72
1211 823,12 127,58 156,50
1101 4.085,33 902,86 974,18
1101/1 95,76 0,00 0,00
1101/2 37,00 0,00 0,00
1101 4.085,33 902,86 974,18
1101/1 95,76 0,00 0,00
1101/2 37,00 0,00 0,00
1101 4.085,33 902,86 974,18
1101/1 95,76 0,00 0,00
1101/2 37,00 0,00 0,00
1101 4.085,33 902,86 974,18
1101/1 95,76 0,00 0,00
1101/2 37,00 0,00 0,00
1101 4.085,33 902,86 974,18
1101/1 95,76 0,00 0,00
1101/2 37,00 0,00 0,00
1101 4.085,33 902,86 974,18
1101/1 95,76 0,00 0,00
1101/2 37,00 0,00 0,00
1105 940,58 0,00 0,00
1101 4.085,33 902,86 974,18
1101/1 95,76 0,00 0,00
1101/2 37,00 0,00 0,00
1101 4.085,33 902,86 974,18
1101/1 95,76 0,00 0,00
1101/2 37,00 0,00 0,00
1101 4.085,33 902,86 974,18
1101/1 95,76 0,00 0,00
1101/2 37,00 0,00 0,00
1230 400,00 62,00 85,00
