echo 1101 1.098,17 242,69 87,85 
echo 1101/1 123,04 0,00 0,00 
echo 1101/2 54,00 0,00 0,00 
echo 1101 1.098,17 242,69 87,85 
echo 1101/1 123,04 0,00 0,00 
echo 1101/2 54,00 0,00 0,00 
echo 1101 1.098,17 242,69 87,85 
echo 1101/1 123,04 0,00 0,00 
echo 1101/2 54,00 0,00 0,00 
echo 1101 1.098,17 242,69 87,85 
echo 1101/1 123,04 0,00 0,00 
echo 1101/2 54,00 0,00 0,00 
echo 1101 1.098,17 242,69 87,85 
echo 1101/1 123,04 0,00 0,00 
echo 1101/2 54,00 0,00 0,00 
echo 1101 1.098,17 242,69 87,85 
echo 1101/1 123,04 0,00 0,00 
echo 1101/2 54,00 0,00 0,00 
echo 1101 1.098,17 242,69 87,85 
echo 1101/1 123,04 0,00 0,00 
echo 1101/2 54,00 0,00 0,00 
echo 1101 1.098,17 242,69 87,85 
echo 1101 1.098,17 242,69 87,85 
echo 1101/1 123,04 0,00 0,00 
echo 1101/2 54,00 0,00 0,00 
echo 1101 1.098,17 242,69 87,85 
echo 1101/1 123,04 0,00 0,00 
echo 1101/2 54,00 0,00 0,00 
echo 1101 1.098,17 242,69 87,85 
echo 1101/1 123,04 0,00 0,00 
echo 1101/2 54,00 0,00 0,00 
echo 1101 1.098,17 242,69 87,85 
echo 1101/1 123,04 0,00 0,00 
echo 1101/2 54,00 0,00 0,00 
echo 1105 934,00 0,00 0,00 
olajsava: 3500.00
osnova 6765.76
tax: 1082.52
akontacija: 1054.2
28,32
16.059,48 2.912,28 1.082,52 12.064,67 24,87%
