300 150
328399734 511940226 350389465 392580580 253107458 11955391 310701769 702616950 996109515 342124735 351378925 793158257 433194551 328399734 511940226 350389465 392580580 253107458 11955391 310701769 702616950 996109515 342124735 351378925 793158257 433194551 328399734 511940226 350389465 392580580 253107458 11955391 310701769 702616950 996109515 342124735 351378925 793158257 433194551 328399734 511940226 350389465 392580580 253107458 11955391 310701769 702616950 996109515 342124735 351378925 793158257 433194551 328399734 511940226 350389465 392580580 253107458 11955391 310701769 702616950 996109515 342124735 351378925 793158257 433194551 328399734 511940226 350389465 392580580 253107458 11955391 310701769 702616950 996109515 342124735 351378925 793158257 433194551 328399734 511940226 350389465 392580580 253107458 11955391 310701769 702616950 996109515 342124735 351378925 793158257 433194551 328399734 511940226 350389465 392580580 253107458 11955391 310701769 702616950 996109515 342124735 351378925 793158257 433194551 328399734 511940226 350389465 392580580 253107458 11955391 310701769 702616950 996109515 342124735 351378925 793158257 433194551 328399734 511940226 350389465 392580580 253107458 11955391 310701769 702616950 996109515 342124735 351378925 793158257 433194551 328399734 511940226 350389465 392580580 253107458 11955391 310701769 702616950 996109515 342124735 351378925 793158257 433194551 328399734 511940226 350389465 392580580 253107458 11955391 310701769 702616950 996109515 342124735 351378925 793158257 433194551 328399734 511940226 350389465 392580580 253107458 11955391 310701769 702616950 996109515 342124735 351378925 793158257 433194551 328399734 511940226 350389465 392580580 253107458 11955391 310701769 702616950 996109515 342124735 351378925 793158257 433194551 328399734 511940226 350389465 392580580 253107458 11955391 310701769 702616950 996109515 342124735 351378925 793158257 433194551 328399734 511940226 350389465 392580580 253107458 11955391 310701769 702616950 996109515 342124735 351378925 793158257 433194551 328399734 511940226 350389465 392580580 253107458 11955391 310701769 702616950 996109515 342124735 351378925 793158257 433194551 328399734 511940226 350389465 392580580 253107458 11955391 310701769 702616950 996109515 342124735 351378925 793158257 433194551 328399734 511940226 350389465 392580580 253107458 11955391 310701769 702616950 996109515 342124735 351378925 793158257 433194551 328399734 511940226 350389465 392580580 253107458 11955391 310701769 702616950 996109515 342124735 351378925 793158257 433194551 328399734 511940226 350389465 392580580 253107458 11955391 310701769 702616950 996109515 342124735 351378925 793158257 433194551 328399734 511940226 350389465 392580580 253107458 11955391 310701769 702616950 996109515 342124735 351378925 793158257 433194551 328399734 511940226 350389465 392580580 253107458 11955391 310701769 702616950 996109515 342124735 351378925 793158257 433194551 328399734
20
11
66
118
64
18
23
112
91
110
0
1
2
3
10
50
100
150
149
148
133
