300 33
731956334 439728362 759749440 431695598 316717772 496148231 751676221 600157956 381382710 866927868 534573095 945901406 399722506 486402328 551344969 96560879 72484895 606233484 220792220 698105558 60548941 930534981 156821065 105009859 624172837 33827028 143599333 904660263 614760209 282142019 844818302 594647893 204772954 731956334 439728362 126738889 431695598 316717772 496148231 751676221 600157956 381382710 923224559 534573095 945901406 399722506 126823426 551344969 96560879 711441651 606233484 220792220 698105558 60548941 930534981 156821065 105009859 624172837 33827028 143599333 904660263 614760209 282142019 844818302 871879034 204772954 731956334 439728362 625267352 834752354 316717772 496148231 751676221 600157956 381382710 923224559 534573095 945901406 399722506 126823426 67696316 59347240 711441651 606233484 220792220 698105558 60548941 930534981 40682225 105009859 624172837 33827028 143599333 904660263 614760209 282142019 844818302 871879034 204772954 731956334 439728362 625267352 834752354 316717772 496148231 751676221 600157956 381382710 923224559 661226515 945901406 399722506 126823426 825432428 327907805 711441651 606233484 220792220 698105558 60548941 930534981 40682225 741432781 624172837 33827028 143599333 267739948 614760209 282142019 844818302 871879034 204772954 679867029 439728362 625267352 834752354 316717772 496148231 751676221 214935339 381382710 267114310 661226515 945901406 399722506 126823426 825432428 327907805 711441651 606233484 220792220 698105558 22199168 930534981 40682225 741432781 624172837 33827028 143599333 267739948 614760209 282142019 844818302 871879034 204772954 679867029 439728362 889442303 834752354 316717772 496148231 917975985 214935339 381382710 267114310 661226515 945901406 399722506 126823426 825432428 327907805 711441651 606233484 488539320 698105558 22199168 930534981 40682225 741432781 808950706 33827028 143599333 781270947 614760209 282142019 844818302 871879034 204772954 679867029 439728362 889442303 834752354 316717772 496148231 917975985 214935339 381382710 267114310 661226515 945901406 399722506 126823426 825432428 327907805 711441651 606233484 488539320 603038083 22199168 930534981 40682225 741432781 569722864 33827028 143599333 781270947 614760209 282142019 616066296 478064167 204772954 679867029 439728362 889442303 470736514 316717772 496148231 455840302 214935339 381382710 267114310 154367268 913020191 399722506 126823426 825432428 327907805 711441651 606233484 488539320 603038083 22199168 930534981 40682225 741432781 47428452 33827028 143599333 781270947 614760209 282142019 616066296 478064167 204772954 679867029 512397754 889442303 470736514 316717772 496148231 455840302 214935339 381382710 750362461 154367268 913020191 399722506 126823426 988403758 327907805 711441651 606233484 488539320 603038083 22199168 930534981 40682225 561693159 366516252 33827028 143599333 781270947 614760209 282142019 616066296 478064167 204772954 679867029 512397754 889442303
20
5
4
3
2
1
6
3
26
4
15
9
1
28
10
33
22
33
33
31
4
