300 19
32439516 993079175 88064813 253340053 402528878 354067368 94317648 115180491 964670077 376306997 288653489 32439516 993079175 88064813 354440592 402528878 354067368 94317648 115180491 964670077 376306997 437602437 32439516 993079175 88064813 354440592 402528878 354067368 94317648 115180491 964670077 376306997 437602437 879713182 993079175 88064813 354440592 796033827 354067368 94317648 115180491 964670077 376306997 437602437 32439516 993079175 463481624 354440592 402528878 354067368 94317648 115180491 964670077 376306997 437602437 32439516 993079175 88064813 354440592 402528878 354067368 94317648 115180491 964670077 376306997 437602437 32439516 993079175 88064813 354440592 402528878 979625759 94317648 115180491 964670077 596647227 133509033 672979278 885451643 212309235 167660653 235060540 596647227 133509033 672979278 885451643 212309235 32284410 235060540 596647227 133509033 672979278 885451643 212309235 167660653 235060540 596647227 153408734 672979278 885451643 212309235 167660653 235060540 993395618 133509033 672979278 885451643 212309235 167660653 235060540 596647227 133509033 672979278 885451643 212309235 167660653 235060540 450736035 133509033 672979278 885451643 212309235 167660653 235060540 596647227 133509033 672979278 885451643 212309235 167660653 235060540 596647227 133509033 672979278 885451643 212309235 167660653 235060540 145092791 133509033 672979278 672475133 212309235 167660653 14507052 215015684 133509033 985970151 885451643 212309235 167660653 235060540 596647227 133509033 672979278 885451643 212309235 167660653 235060540 596647227 133509033 672979278 885451643 212309235 167660653 235060540 596647227 716325077 672979278 885451643 533264561 167660653 291659271 596647227 133509033 672979278 885451643 212309235 167660653 235060540 596647227 133509033 672979278 885451643 212309235 167660653 235060540 596647227 622386613 672979278 885451643 212309235 167660653 235060540 596647227 133509033 672979278 773251528 212309235 167660653 988320513 596647227 133509033 672979278 885451643 212309235 167660653 235060540 596647227 133509033 672979278 885451643 212309235 167660653 235060540 596647227 133509033 672979278 885451643 212309235 167660653 235060540 596647227 133509033 672979278 354067368 191308175 115180491 964670077 376306997 437602437 32439516 993079175 88064813 354440592 402528878 354067368 94317648 793300122 964670077 189067068 437602437 32439516 993079175 88064813 347982636 402528878 354067368 94317648 115180491 964670077 376306997 437602437 32439516 993079175 88064813 354440592 402528878 354067368 94317648 115180491 964670077 376306997 437602437 126088807 993079175 88064813 97581759 402528878 642472705 94317648 115180491 964670077 376306997 437602437 32439516 993079175 88064813 354440592 402528878 354067368 94317648 758243819 964670077 376306997 532508594 32439516 993079175 88064813 354440592 402528878 354067368 94317648 961288363 964670077 376306997 437602437 32439516 993079175 88064813
20
9
14
5
8
18
15
12
6
17
1
10
13
4
11
19
2
3
0
7
16
