300 16
87292694 302818994 278570349 693466793 727296844 782538421 951981056 392532868 319538838 342088919 617939059 257462607 257971996 249171746 223248062 343105346 684180553 681558125 167083075 793948626 94500875 71271217 753501867 736363478 239147375 211823653 142196527 852466452 94409525 574549094 87292694 302818994 278570349 693466793 727296844 782538421 951981056 392532868 319538838 342088919 617939059 257462607 257971996 249171746 223248062 343105346 684180553 681558125 167083075 793948626 94500875 71271217 753501867 736363478 239147375 211823653 142196527 852466452 94409525 574549094 964284170 155032873 361303639 570655592 602136158 411042019 97790989 951622621 162929292 837529872 291402079 221017696 671288020 774136146 567430117 130155186 589574404 400641233 829447889 641561769 920128683 117559690 337886570 623251936 654734418 146446374 106835765 683746059 518447425 916356579 87292694 302818994 278570349 693466793 727296844 782538421 951981056 392532868 319538838 342088919 617939059 257462607 257971996 249171746 223248062 130155186 589574404 400641233 829447889 641561769 920128683 117559690 337886570 623251936 654734418 146446374 106835765 683746059 518447425 916356579 87292694 302818994 278570349 693466793 727296844 782538421 951981056 392532868 319538838 342088919 617939059 257462607 257971996 249171746 223248062 87292694 302818994 278570349 693466793 727296844 782538421 951981056 392532868 319538838 342088919 617939059 257462607 257971996 249171746 223248062 130155186 589574404 400641233 829447889 641561769 920128683 117559690 337886570 623251936 654734418 146446374 106835765 683746059 518447425 916356579 404672692 125256467 751421601 613581455 640611347 230357127 105966510 216834062 56694699 352283635 870826844 984722120 447843291 217068775 348718338 87292694 302818994 278570349 693466793 727296844 782538421 951981056 392532868 319538838 342088919 617939059 257462607 257971996 249171746 223248062 343105346 684180553 681558125 167083075 793948626 94500875 71271217 753501867 736363478 239147375 211823653 142196527 852466452 94409525 574549094 87292694 302818994 278570349 693466793 727296844 782538421 951981056 392532868 319538838 342088919 617939059 257462607 257971996 249171746 223248062 130155186 589574404 400641233 829447889 641561769 920128683 117559690 337886570 623251936 654734418 146446374 106835765 683746059 518447425 916356579 130155186 589574404 400641233 829447889 641561769 920128683 117559690 337886570 623251936 654734418 146446374 106835765 683746059 518447425 916356579 343105346 684180553 681558125 167083075 793948626 94500875 71271217 753501867 736363478 239147375 211823653 142196527 852466452 94409525 574549094 404672692 125256467 751421601 613581455 640611347 230357127 105966510 216834062 56694699 352283635 870826844 984722120 447843291 217068775 348718338 404672692 125256467 751421601 613581455 640611347 230357127 105966510 216834062 56694699 352283635 870826844 984722120 447843291 217068775 348718338
20
0
1
13
14
4
3
6
4
3
6
8
3
6
3
2
15
6
4
12
9
