300 150
20 27 9 28 12 18 10 13 16 2 10 12 21 25 2 21 18 25 18 8 12 14 22 28 14 2 5 30 12 27 2 30 19 4 27 16 9 6 29 12 10 21 21 17 11 1 2 23 21 12 4 13 21 29 26 22 5 28 15 25 12 7 26 30 8 29 9 3 5 25 24 2 8 22 17 3 27 29 14 14 9 11 23 21 30 8 26 29 30 26 30 15 20 5 6 19 7 11 19 2 11 7 25 7 4 4 12 26 14 17 27 12 18 29 10 30 24 2 24 18 3 23 4 20 21 29 22 2 25 4 26 23 27 18 12 30 17 30 5 28 3 27 26 17 29 4 26 10 4 7 8 28 20 8 28 7 30 27 19 9 16 3 19 23 15 9 1 27 17 14 19 22 21 24 18 10 23 16 23 14 10 4 19 27 19 9 12 20 2 16 9 4 22 28 14 23 6 19 3 8 23 5 20 3 9 29 6 26 2 23 17 21 1 11 28 24 23 14 22 20 21 6 14 4 16 16 10 28 11 13 23 5 5 28 19 25 19 29 3 6 23 29 6 27 13 3 16 7 2 18 21 2 1 9 2 24 10 23 3 7 19 12 1 4 27 22 3 6 12 27 12 21 11 30 13 9 9 25 24 13 17 11 1 24 20 23 5 9 15 29 24 29 8 17 1 30 12 18 21 3
20
59
20
138
98
2
72
17
139
94
18
85
15
0
50
150
149
148
147
146
145
