2000
804289383 -153069114 681692778
714636915 957747793 424238336
-280114614 649760492 596516650
189641421 25202362 350490028
-216631310 102520059 44897764
967513926 365180540 540383427
-695910828 303455736 35005212
-478404632 -705297433 726956430
-663534218 -138978470 278722863
-766334877 -854825934 468703136
101513929 801979802 315634023
-364276942 369133069 125898168
59961393 -910981545 628175012
656478042 131176229 653377374
-140515579 914544919 608413785
-243101463 734575198 973594325
-850201685 -961335631 129566414
-815196474 -587223909 424268981
911759956 -250758127 137806863
-957000830 -17093004 135497282
-488297695 -915579076 937477085
827336327 -427339664 159126506
-194249154 632621729 100661314
433925857 141616124 84353896
-60180418 -998899456 998898815
548233367 -389484566 585990365
374344043 -239686250 477171088
-643573192 -54882724 889947179
780695788 -290606416 491705404
918502651 -247607246 474612400
-946000069 264095060 411549677
843993368 -56052261 984210013
-144363774 749698586 469348095
956297539 36140795 463480571
-959348567 975960378 317097468
892066601 376710097 927612903
330573317 -396429508 687926653
-339739244 -40002699 485560281
-597275714 -406790559 194953866
-105570311 -635771556 947346620
-778441560 -729255271 63958032
633108117 -885261904 7905772
469834481 -177109325 610120710
-208301073 -368295433 498777857
255179497 -475127647 327254587
572276965 -730544694 703964684
-647593781 600028624 160051529
-959667130 -887194268 120048830
-621590497 -484469981 713258271
573363368 409959708 77486716
373226340 631518149 200747797
-710299277 117142618 168002246
-849877154 -560506549 990892922
760243555 231192379 622597489
-888462236 -661111772 147469842
-561207650 911165193 269441501
-857242967 -883912236 869470125
-844675086 -991063013 982275857
275373743 -612653509 350322228
-158851635 960709859 760281937
-228848568 186452551 244316438
-28100772 476153275 213975408
139901474 626276121 653468859
-869205606 239036029 884661238
605908235 350573793 76065819
605894428 789366143 987231012
875335928 784639529 103318777
597322404 939964443 112255764
432114613 67854538 352118607
782436840 909002904 165344819
395235128 -467329312 351797370
-507932083 504569917 680466997
-293956676 -503012257 159259471
359512183 -519701510 398295500
96689772 -913793276 601385645
172755590 544617505 243268140
12502954 272469786 27907670
-31661918 -277691458 820388465
-66889803 -993060493 740759356
285228804 789376348 502278612
450573622 37127828 34949300
-345112657 529195746 392035569
335354340 -912244578 889023312
494613810 447267605 369321802
-254574339 -603526270 308044879
346811305 569229320 705178737
590079444 -565751374 977648523
470503465 402586708 552473417
143408282 -811786742 559412925
884167637 473442062 201305625
-761037400 -223467964 238433453
273911899 431419379 620145551
665947468 -380709929 707900974
-592512869 -886096120 7684931
776808933 -288154106 404158661
-62629837 -941342802 973387982
642548899 501252996 260152960
472713773 -175727187 662739669
-974812811 967681095 850952927
-562883534 704365084 176911341
-361577910 943327684 953443377
876855542 69755936 237379108
-650482555 -411780244 856669180
57418418 -4293113 823089413
65103348 -374967828 387451660
469262009 562402336 298625211
295166342 57467587 799878207
555319301 -617302287 476667373
70575321 -739598745 296864820
-225955401 -302482279 1229905
950955939 335939811 797073941
756915667 65311705 719346229
-153188873 414829150 307565985
-444003342 -675236080 155789225
-768397578 389867269 780821397
-380945919 -288354370 195740085
-82320708 -993188029 253207673
-429926150 414647625 635905386
46741222 -662260701 896306641
343606042 111783898 446340714
197352298 -84743810 782280525
-153057410 -475311791 700108582
566288819 371499336 114937733
-273628845 927495994 292218005
-117839621 -988385231 682085274
662981776 -369331150 246247256
858721860 548348142 105575580
-35554116 -881578008 520223206
-547132379 17679567 857962505
-798309387 -786198039 822262755
-351968674 411154259 737518945
-717171798 -889386798 114723507
-17063216 676902021 486222843
-49609132 -744210472 266235190
242608872 137949908 277849959
-222789502 -346551964 908518809
23457753 -635313752 309383304
129033333 329132133 280321649
-498227110 781999754 150517568
-787748254 983690368 364319530
34514500 -515761954 775473789
-375450203 -232933751 886086991
-260726697 750003033 415505364
-921987503 -447089747 671294893
344247686 795519125 661761153
-525386004 -574754025 315209189
-764350843 448703729 679895437
545032460 -569746586 861543922
-322129540 -67973696 496060029
-171611973 144278050 332266749
192707556 -968691098 816504795
-179302303 -344141301 583571044
-440698961 395132002 186090429
974806403 473144500 739000682
498617647 -330091462 387036160
-987104849 144522535 812282135
328104339 380171692 113502216
-139483873 -222279496 543755630
722060049 455590964 328298286
-929363571 -863504657 472576336
-597096823 329202900 503885239
219407971 -997583051 12260290
-344504633 -438282012 407392293
841585795 -610959257 733053145
433102829 887658390 402961683
-327344660 900553541 400000570
-662546174 81174232 780172262
450956042 941690360 410409118
-152771977 516266761 866000082
175526309 586903190 2495426
-499381004 989806367 184214678
-995495767 61730690 186631627
-983235477 717226057 748349615
276673168 411328205 137390359
-990273689 -303052614 877565101
265204346 369602726 630634995
665204916 707056552 564325579
297893529 10528946 358532291
708302647 857756970 874799052
426819080 -114200369 314218594
281830857 386418627 156541313
-681438114 243439214 70788356
505193512 112720090 788014413
106059479 -758090390 51858970
95966189 -895847726 748806356
-173952359 369356620 970925434
-690801013 -112922112 530498339
-126475434 -962512230 541027285
232056856 745790417 251300607
-40627740 25125849 137100238
-873892795 -840526941 376035218
282648518 -521965055 471990784
353436873 983228458 584710874
-6032363 -58195711 826620484
-954173394 -962229523 930772758
647149314 -283665529 152645730
-529408900 25533459 39723619
1089438 899058025 77211389
-605366926 -16368767 675518158
645933681 943003493 553160359
635550270 -930889302 712633418
-135898161 204275569 190668364
336092622 -589771206 26413174
-226680153 404196431 968217463
-547543318 302539390 858504293
-764254209 -197794943 427355116
388391521 272796157 452888575
280631491 -873598053 204462952
210359231 -478964979 40610538
-261606260 -980514946 983614031
291554098 655035325 905241082
-995812485 -628346484 962033003
47372231 707746139 372261797
-926214597 -666417662 628974581
894519218 -213960979 931513971
605539862 21784812 586235380
-967105024 -737307315 859031537
338299904 543324176 985433484
-604720793 -393800241 358984858
-564110256 344593499 378469912
-727979873 -511336050 33505237
-970222440 -654632182 257675106
-8189437 392740049 965421245
-783411289 319041805 151519935
-154436709 66077375 937558956
-370406386 -475866411 959343769
215828993 -590455082 74552806
-72623118 747844822 617876983
-234673283 -856875971 76593094
124311574 -568469874 421186594
502781486 -296449747 909850544
388803074 -266672186 107734714
646478179 725138377 500474763
464415775 941727088 672032920
615935710 -360193268 738110295
-593988983 269400346 114760236
-782128863 -662254309 524305154
-707576057 265122573 124666329
910300925 -969550710 120306711
986894018 7277217 551836837
260596963 -637424945 255387091
22963858 751378130 988714905
130698571 250372661 566369634
-516310315 -432695211 360613074
155722604 -964243149 419806
-253650750 -558232132 122336504
-138890515 -340360994 460082196
385414639 -47937051 577721121
510080967 -285119774 460686764
630387677 -445709404 467963982
-965259135 814887560 830539037
290127955 -309632230 434433519
131359211 821066342 537322533
-449754804 -842727621 104627322
910858270 312994984 140384173
763794427 -940655767 582152041
-261352717 -227029928 94307399
-948754170 -989098937 46370348
-371033050 520982030 761250574
89653714 3886059 168057523
-589865953 38626924 982945083
-906810565 -818728768 525829205
527622954 312630443 199411899
-935054515 862875640 356684279
22089159 626250262 669679263
-985010317 242561041 581539849
597141723 981208324 207026273
691449122 -967545847 217927336
-409664179 -486062543 738909366
-795897253 603591171 595311777
-627839731 -986274783 633938702
-792378297 -893085348 815209934
-266549093 487053959 980356729
-67137194 404515797 695748721
289547084 -720878692 174515335
-188257302 -705889009 417076377
-754201102 891252715 250801053
-547174829 435218189 135771560
-329247494 -974445991 649709017
-737821776 -917826891 105816540
-142510000 -545666622 972058110
-656054947 -338044919 931489115
-988328662 395405989 271059427
-7971933 -819214853 675575224
687776787 470332231 954696533
862292122 -865408719 101323876
131884850 -619609821 992576591
-764797746 -166784650 280311132
370973813 503967857 158381495
-126800819 766146081 240554604
979015720 -523847567 694887983
-196409819 -179902513 209359416
735079296 -168231175 604765405
-993861279 823796892 785550552
534230297 364090032 108399135
341443181 78898506 242990416
442767057 -936700292 623380596
287859999 -701498038 309112298
-579312517 669475776 813080155
579068977 -604808691 431742588
-327860068 -773276618 907895022
-780455734 30313563 580508861
-571096318 -382090789 412277686
-966330915 -523435715 88590931
671735990 -989205418 305197315
-367348524 204754116 384095821
875641892 -499962475 447395529
351538839 787897525 745897491
660651136 -938898640 267889619
326247643 640170337 663080929
-389493418 -835173379 889804311
-629082045 -615629112 772634226
-48573185 -186725430 390543438
-783779147 -300539992 867107723
304811783 -776287650 730418658
610009097 -143636173 787689127
-153378731 -415477929 287726652
-853466851 936060910 928140529
892430639 449228398 989241889
12836610 -372007607 481928578
-471566110 238498976 646755200
-729245448 609416931 31126088
43388777 -586639901 844400658
-713551434 -370419048 396377018
-993927359 934392735 620089369
736491298 396918184 476453196
-623303224 -903944195 60975267
664423428 -757411046 849552529
-554919692 -864980408 151297279
434322197 372555 779289673
916250774 528806445 870305001
-584477675 799560997 332238284
446648412 -304533873 745598383
143565421 -18085307 375179335
539942439 -12012666 162088422
-987451841 -423005015 411522958
489001354 -46308239 507578763
402492972 -529368459 750167717
104561852 -84288150 737703663
-891624518 -797449601 738076218
887665154 -881198828 119399016
-389513494 -613160149 771476365
-57275210 833488263 466942492
688323172 -170429963 301373538
-83981141 -777971172 289360872
-921892721 -765423013 866355857
-657853410 723578341 672563971
-150274648 -21412335 143195512
599893069 -916850484 58907362
-809886917 -955958649 113974113
928189300 931706506 85291639
-99895333 -605290636 472131490
671581032 337434154 158136105
-8960125 -121726321 987706142
292413412 794292538 209734970
-565709364 724916170 444311957
-846837156 -932937241 20406650
-174273186 -230695535 998994315
968922326 -778286114 934660184
880346039 -588173031 978701536
994320152 -807467379 762924394
-920388211 92637289 10150110
-595740369 -383265327 347584265
-437604265 607774548 78374296
550101877 -247295687 872666834
-387646802 186994949 450099356
-943334846 340157793 369678469
-70411844 -981599040 138982934
-218901177 987323286 213213172
-431724642 720185677 625040141
-600506755 567022181 817572762
-985066010 499150323 910210051
-974915900 903409954 379461076
372668364 -681677958 987235625
451042659 868423919 592456290
176225844 -666706531 779451239
-521158449 -757525024 972125384
848520019 172063133 990526344
840019304 953161956 830365982
-946767526 -626046334 403068012
-469211033 -226553088 970090193
348361729 -211619098 321756869
111088131 -186534998 77683175
490549207 -961350282 396005217
330301183 489692377 116945488
922757472 -481565427 450238958
554725062 -2723875 692713934
-620633203 -301687504 717293419
369893141 -609151847 522971727
-947224526 -703403020 896925394
-544156515 -172614052 670372306
-721549970 -971735971 311269560
600206898 139352160 124734563
-469593576 -517582281 163384281
926411641 812718902 505593011
-104126520 587992726 24027584
-801371211 -4765860 21303709
891342723 374600938 572132558
-538847507 -402989569 962980711
-15875780 -350214095 259577691
881049613 105629391 86963639
403938270 384079421 115227668
715207829 -163197329 107096181
-307541257 367209095 589513900
855843024 146137088 254749155
-786047614 -957989432 695258233
237979969 -906844290 690492374
111800030 984498433 917609664
683932587 -701832721 514620095
-500570351 282291499 16922352
759007339 15857464 122551743
698487330 -727687914 359147516
666231349 987519915 195950187
-374156119 -467504989 415675635
-932125867 -759145613 561812723
322623287 -545193227 456339644
-982118482 692786742 549495355
560890244 -342896876 386510140
-668983741 -806447937 684677419
845636353 -307018288 819485270
862558705 -695494596 835342734
-162373201 -997007267 107654820
196774315 521740435 947691088
-754759147 -999899331 332702451
-339083513 -932025198 573556838
-924754438 390598089 28363611
531585205 260995960 573666705
-66403089 -325597443 230769830
-827376597 5418816 424321893
857300821 -296428478 117303606
-470697557 -581353421 274325362
-782838472 256273378 129834448
-822667300 -694435955 651574883
-874976214 -449195101 651675552
-689757411 211721386 719650354
-116200574 286966948 962764795
912163036 -328931494 76277108
-661653908 604665417 750679665
569115921 777288820 756098481
-154045834 487105994 312186355
-184225877 -983591564 730832934
90099484 -913913683 987106313
219933931 -736580983 145186710
-275974835 -759040844 695991609
-771782931 -448798255 907712996
947867422 435001171 47196296
-236851431 199680559 718264802
-160574324 538026652 175446572
590105340 -40341075 805251744
198720172 805613091 144874090
510906527 -526096434 13798879
-905744188 564003050 99885197
-918637877 -363546667 363304214
-920934814 360478499 604263371
-224943206 588695568 155465116
-464713859 389079342 442982640
582482437 -995255737 642663199
153263590 -155830061 33206203
-818773487 -713208369 992865129
-13521743 485511804 650994572
131352346 -151065317 124898139
145151225 -56809505 541417541
245036421 -122931028 30387227
608340634 -43865842 390865726
-934879644 731190952 832077646
220585472 -881006554 73673340
663568111 701475883 78417604
158747661 -292744175 922587543
-955529784 -111517661 209379175
-962664657 874960596 547407331
540846267 -141170706 396342014
518260757 -996019482 192048861
-87805350 101533292 69117833
-57418124 -437609721 25251991
-814036047 -372489365 608959296
18041598 848096107 727952742
91714937 364180570 281944977
170132540 -624555416 989200802
-907279918 -580085200 730199493
154615609 -690233504 457676441
702022939 850612763 316505736
-49118696 221389873 173002607
142930164 -866415478 127052252
-935435651 -71317249 689442531
-910183662 114646704 316953166
551291986 -867311699 17565626
131761079 76919591 234262548
-733777593 -900431516 609707132
-892060439 -955195081 29621932
-161860947 199420528 339388428
295815494 -246040181 42517544
-535162419 704841123 116423769
637840187 -299712361 102524644
764892438 -235148012 31207395
-693148680 -292815320 145854099
623804486 -889006982 131058753
-506113537 242754098 60494696
-271850990 508976505 160063180
337856142 616916066 204868099
-780005575 -692428528 256804979
559382853 603386966 10764798
-545583252 -931775454 568122273
-429159484 558581086 268409913
-326634841 175989877 33261901
704572553 482841197 592962933
702943003 -40837965 703955952
686518107 453048498 946710050
-400470846 -966286139 308202907
759592334 371570003 777635326
-183023216 591564428 85206798
73781763 3463633 541110116
-915453441 457880381 461851015
-494814815 -971279104 20432101
773595097 -445397592 48938330
659373349 -888308687 384295880
-895147366 814634316 343457915
-191191415 353668775 649022766
-391965014 953197930 682736627
916237892 565306616 54306630
-453610431 -765200248 498387410
631596366 308581515 354367396
-974777167 245644428 812247777
-512926153 750829613 693485027
-639977700 376941062 100603787
408960629 -111169237 212295101
793256508 -6316603 26929417
-10769225 802491982 233114545
638253540 -736956680 38828827
-826493482 -968202435 456651795
-919670501 -421812866 691451547
578716908 -937700147 33063
933084303 -912477314 98193843
597848432 -425403466 701539808
143849810 -65381166 78480870
244453596 -803904185 819827985
456748696 989352324 813511383
336194465 -168900549 468519717
-578174639 -678130657 731563038
460654187 -504624139 763360603
917305981 -424294640 194064089
-538726121 -993061380 256363942
-686176707 940022924 343886629
412017135 390387708 918483163
-886443059 -613246130 853101997
-955445838 631207466 49197812
-283101500 -59527485 891066488
-617073766 -870816668 574682291
851445950 -448991307 896551634
435525339 -988337121 391927495
51402293 781485213 967632855
245466382 -904724556 974571476
501830323 -590901262 767110752
845716951 821115873 10014812
-383283535 787189168 396768682
-677665187 684259683 880492500
-775951023 -746325465 820965015
-884884537 -363399231 950148347
-457685893 -659436928 353673392
438865740 776088411 217852624
-316690413 -319992943 999337837
-496541207 925473439 94613282
-669453380 279820114 356228372
-902342630 -21946582 29860597
-39811466 594769883 817049765
-790526433 917104697 353825801
89966067 -858846327 607500336
-236552567 -891214511 96617458
-433887868 -496384051 437180530
-80214477 942481690 65785293
137638147 -521692371 745792350
-10507665 -18233578 523782141
-63378032 312313043 803602256
292850339 262486766 634172026
322710936 -924808347 81458261
-7722948 -715334780 998562958
-801380796 374631287 992232984
806119540 -861921280 953534827
902736997 -443292795 309667128
-807566122 476492728 104665170
-741780830 -533352773 582972799
4011520 456139563 564739222
527793660 -754722117 729568617
183912267 538128223 992055383
818084292 -286644489 67247036
899542553 705632563 204428609
750621862 904251768 579059896
595371198 562887660 569654969
401422376 318141009 126362174
711089503 510574887 455371255
815754673 768794057 922018482
-748756177 -374678071 230674397
815983044 -994368058 475952281
-601931988 189544209 866596856
-757360253 -139855146 579952367
-837596866 -387796241 138101282
-633168258 -784658027 894869402
945891638 810713171 310273414
368062958 64651899 628414423
346941484 -371742245 991505662
-345170910 -703471220 612816072
-570636077 -452227397 238138001
660038320 -783728000 243769943
-11493048 -385659988 285830505
855103807 -143020241 145975359
287572525 19382894 758179118
-721809842 386214636 973521091
173059560 184622626 636750615
483332973 -594798063 553918866
-35736252 752143421 182176621
955769409 -740511137 478705401
-578898168 -311147214 26478005
659239833 -798592542 95266357
-244473873 189914410 709606369
41356631 -102465431 566586129
-960151659 -962376554 438485375
798027458 -684186395 824700011
624064901 488873165 861838990
113331867 -175277510 267040927
667250732 788986238 871700700
-298056295 597272000 131189563
-966834543 -981626169 820042349
-940356540 530130017 21449808
-992573831 -861827503 63880570
-282967462 179529128 961415140
-863864982 219377470 999038586
-425379608 -130078720 167368543
-748163246 -653497467 656241708
113675743 459834400 333480551
-766766979 -20398515 122466789
104933720 681545190 572255141
-911360366 714710647 443145326
908681983 626870461 825791695
782648142 634296630 963964192
-300954937 -796154480 143493321
-487023446 -660019462 215387143
-635468508 -85399070 85308423
-468099966 166437685 284327309
-959341906 -867370220 744161709
-625861356 -634137198 576279546
-650878216 470796522 110341088
921376925 559436157 825051736
217038602 320634492 304438549
-957169705 -44201014 791251531
-140689160 654844049 995097052
-144679488 -979663044 335077590
-929292347 -615131552 102194873
-991467573 -83231518 268632558
-854623912 -42573424 401262338
889537797 331565220 767125140
-681666306 680687005 90438015
-571325218 454580282 502390524
-893757131 -475864764 823025016
410681417 -580518116 631340354
-945550701 278792724 138700755
49546350 -865886765 159037711
-762859708 -942662759 543906159
-660664836 918386023 460674642
607967721 -936237890 270617570
-138253590 805816260 602182791
-518612098 -875850046 135386148
571825916 -594658911 442482782
-925783562 -488416042 966618018
749757806 922265375 386099902
-766385489 976714674 517408979
-627684735 -121222623 504038567
-468647024 115917669 413892162
75259134 455252833 184794537
-611549873 -84263094 101073000
-340932303 777483316 906889261
-886233161 -888612430 883555568
249152986 683213486 141413009
691635767 609946277 652996967
-489229864 212220435 427778694
896870037 445834946 257009720
-733204633 818150212 135787097
-229166066 -797980460 104221118
184726095 277278674 559473951
369520631 665728802 327727209
470593630 -822687149 105210526
229999242 -708920310 69114448
-33928839 540232676 752327935
107484169 84384795 214790564
760481135 595154931 279527352
-959223820 344541320 725362298
-702214100 611336688 396028862
433572996 -765313026 598048402
537794114 419413069 727843429
-50215584 -358549948 246088583
277511625 -887956319 423401434
235238502 194559277 714481124
304352949 -986853210 107230152
-90802765 120630960 191614947
-876012202 -266371553 639286230
-743968498 -225595372 983827550
981393799 72190528 447680590
229939013 -641720124 682367564
-319496234 896073990 954296985
408347194 -301625241 595747037
654435776 975886384 560307072
-922162792 63641238 607382701
-355165316 -779489461 620529491
-247935165 129707775 741160451
943679781 106211926 327305251
-564517638 362243428 101709879
-728173736 196153579 26416759
719506853 -721391056 384696635
254390769 -40887289 133286978
-938795895 -780023743 831661737
656951142 874412034 660064473
69774565 804765595 723705711
677157265 -697883368 944216250
-849796893 54181467 926440377
891363558 -149622399 32652303
-928814840 285859963 247412083
172895038 557686227 296082015
199311796 129709433 574690959
584008430 -763383446 533803670
717295407 -702179341 753779928
-598526505 954771801 480708314
61537967 -122937282 137990261
-362239971 -593263665 440106893
-565507369 -443060557 346804713
360933007 -699180647 197182314
246101662 -627995487 335558629
-653969904 544899551 893244857
-357887890 -403272301 875470642
216803069 -966747519 112087196
-396876910 750547889 409907855
-790580631 -995462264 217196009
690127682 66075704 94258727
-319365705 703835733 353511415
-879258814 -861671637 910450858
-679937749 351777724 211270211
517244564 -549604262 583274724
852803193 -203574166 980690627
598564401 438537945 577418326
-673448606 -492142634 610670807
438638589 110980456 213735048
-298937205 320399826 218272785
918258803 -136956140 136864841
865033882 543678155 840700574
-928938352 516935695 831545291
-18487495 836997946 35839367
-954700933 206758863 486235105
628573790 -87921592 135177291
-538219232 -636840839 573715236
-960800908 -310289445 81572602
502386251 -871650857 45069411
-431362349 -318071709 217985589
786910435 -547296553 81029449
923775275 -829746319 477223957
616992200 -758684671 994159652
301053842 222827834 683673950
-810590440 268126901 742949165
675644664 -250782957 655027573
810821955 210997811 18186734
237053542 102713256 560413641
171142496 -542384141 541279137
-931271742 26253510 223207429
-713286154 -334319703 675910876
367743294 -558028076 846164557
844967250 -941035876 87479886
691643253 212534319 162824072
227833555 401943880 283467325
970782719 -69895104 32684368
478326644 -406556797 96198531
349029729 830496746 198911787
909443370 -145844406 656527646
-696761142 -77116148 535297509
526446286 209597698 200977806
54873513 -570142656 642949731
-246445579 -872659053 554430208
-306449342 818984200 619480879
856374729 -100665893 21424759
-860157948 -277366821 804046008
25042772 -946523825 397489211
121241302 402505904 80502309
-827330560 164465626 934657903
829197086 467704485 710058107
-782989054 -153332877 919655805
417988751 901540637 202029502
-86545167 -492388590 329370449
-679598608 201162069 871001
-60117729 -89946850 900205109
-186176619 -97588444 622838288
617869388 927454328 676314463
-132125049 -98788017 931336719
948377259 73881423 95802346
735551514 -244405139 416023183
-701874028 -27394193 115206658
-929701871 -756889089 16747295
-727672370 156565744 376875058
-398301922 476967137 578037127
-397430922 -730634240 340606629
502774186 83189141 243018185
-21871175 -446425118 22988866
-493040361 421449833 924200849
438296358 222343444 850598624
386615055 -189588690 606193486
-344845411 108537283 431315645
-229638754 178835412 674426556
-360375107 451163042 830992301
16499950 -947138881 160475790
-552946572 -492053450 429841550
-212339944 -989279264 365547043
-969321760 -158634086 919121925
-93816542 348325554 193088110
-317099342 -360861736 415431555
533499281 -974246682 78359217
-7790882 -466575740 186896500
423524763 303785506 218248264
-902048683 943410399 669411306
781459970 -187573299 574788778
-205547889 259480129 82735329
-923189988 -952859815 945972418
-557642945 930334779 639854684
361478979 -310965411 988180238
554567089 371935247 479834854
-177485005 -242049120 358104525
-99125789 750159999 891528785
-912229290 26201114 47830644
-841464674 -23331216 991241043
827946632 -389354893 656184097
255251761 405097218 915664226
190503441 481907231 815320764
-11007790 924264286 598171895
628846894 138259617 139722836
469543483 -454656942 511658083
949378337 367858053 122125316
-840000787 -878751383 872285315
51527998 -938464320 751002781
99358641 -779928994 727671565
-56883965 -951982363 190833024
599300131 155785752 595930243
367480709 -801194455 930353826
35317824 187797756 707134464
-513993929 -330838998 845394081
-374271094 -861295516 243253492
-862613012 940599174 611111545
-887971344 -899401613 732360162
984313970 4642738 793895842
-412166898 -895998622 13966849
-831978982 -100366234 914500839
-641145958 -648549750 922802943
954784284 718930959 121608489
-262345539 -393234865 161922597
444788924 92771206 831083599
142699356 718500113 822304436
385952847 708403454 615419963
-150419256 820432110 568534703
-565542743 657262432 573177441
-919130549 -902388114 529695172
-905163702 -734367096 281845290
861853489 -375513054 633295540
-362827216 -568212418 204742851
758781272 169442043 811507987
920703868 -533252681 904279193
-395696182 609446676 475295658
426608253 -152084125 36215464
-957971786 697496619 709163926
-536920731 -868046124 218942710
-963743292 -934660320 316554596
418468232 -987307669 582187501
700313522 874545820 206674447
-813874587 -635765044 638462030
-609131736 -876983773 660420425
202376250 896236448 127167745
-40828206 -646943382 589130773
-713016196 779664872 437046648
323199267 674209439 987059620
-967636808 -862711292 971529849
-896177746 -973938231 36869529
-579623150 297046355 49561860
2564350 -150123771 776624032
-938244852 36001642 140858989
700217177 426869906 116391569
-786846046 -518237492 865144370
340321698 440934303 218200988
929452470 727918107 850382212
219015469 -96366274 377108004
-941408560 -211486729 366913065
30121288 -107664474 245491187
-933009185 312712376 542537542
-30930973 -832206922 244930123
745693059 -770451774 280931766
-260931601 929765404 560318024
855459967 -857080643 42080533
-426879312 335757408 335531188
791321676 117726230 63449295
-505779761 -810741949 819599373
-128671758 -752150508 608112645
238241306 277970780 352964523
483732493 197477949 665676899
-121213614 -980936672 833469977
123716509 764756387 63018203
-742835374 -643658862 845299959
-182517351 -935682542 840735669
859563181 -362561854 29009429
-952389280 -718723826 146735659
-888939987 -224503586 188510063
-216824261 646824656 436359555
-756195265 -262417685 714330335
-403230743 -926168840 764324636
-885037493 -47382454 783387965
948432483 -923665946 400660704
863967037 -813984967 757001843
561783348 3497683 821319301
255035368 -284422784 458757447
-863438851 -236812063 740033622
-864186841 -273235697 368046388
-675676779 509940042 14871044
-239317225 753744777 604969711
-672470538 -796969614 678800871
91854097 -682007107 631418418
875242061 -881058272 560268825
-871580883 982908766 746283859
-114579041 397208466 602297894
706740259 -495239814 317875110
18014057 -358678665 81063047
-389435970 -222865505 660343703
-21389583 101457716 22800097
-154002187 862140492 776544875
450967523 -957813694 979575261
-870231607 134040403 150084507
613703163 -138201183 269026235
26488339 -9782066 104451353
-374711451 875638893 501659819
227586442 434895504 6420006
-602022096 -694574087 500257693
-668442698 -84010056 277392188
-8098996 894600361 231366257
14701101 -406885474 93506749
-356237673 -955917951 135693055
-524146061 -973633205 122249810
-374061555 492586311 984048627
-105035320 -628408998 826782913
-583968 -3120448 554938158
-646407797 -923017654 989833662
-787471440 -525039750 147775928
-287213748 -193482447 63765872
990178440 798418557 810882585
-925938952 -334363990 403997112
-979915852 309398337 300595514
-991706446 785252277 179478662
130543363 -736292926 524581325
-32891658 158671754 896172327
793891254 -989395861 893051879
-798654236 -635803658 970034226
-956304223 -423275098 297510828
-808528296 289511154 104028381
255237575 132205946 754963291
-933879841 206266994 420599301
322633623 226351142 582513991
-524254512 234644696 220282620
655224149 -782295588 483989694
-967678175 184812754 642661449
-71505849 -168779640 653265588
-325937618 32566124 17461930
-503387041 76261902 446703184
-205876214 267733606 736214338
898152167 -624512466 720936637
-494368191 -705875954 927203631
926231109 616757669 6071126
-638738549 -907496844 93232174
-418455930 600243658 310936586
65533764 632565483 495749340
-439288436 -586424014 179486053
-933506497 87638368 212052177
-916044569 584251327 140830431
-616825033 -769108534 408564038
-880610697 -870956368 784051572
-307157708 -512808206 78175618
-527437725 -734060745 547449639
478633400 -372799293 492469148
571865573 208744777 945229158
882802159 -873205107 430310993
231067850 -312493543 843886979
410553902 -246000040 931525348
-524877569 -309528256 368293027
-384047139 73646711 599184493
-975483103 45552368 580744478
661084821 738394660 67936272
591776790 -936526713 186391880
-8257220 542106687 813592587
-663271721 -33511387 22337364
281957436 -298192876 1648610
712268428 932874974 689155067
-591328241 195945229 443155028
-807286542 671067660 133626772
561006484 -860463127 59789836
12707329 -983429876 105342204
-554031842 677654945 696253216
-633579218 121948088 759726504
-447187339 -886309133 154349543
366405247 -697064500 120838156
241258962 584892936 675161632
242907571 149677717 460552959
932062638 558349476 656498188
227734017 751062934 180082200
213877140 164585770 319619073
-873816673 -970190549 336189197
-915958118 -524222390 866360495
780295098 -157801608 988308583
392537953 395011053 954515803
-600596153 -386067348 109967655
-627241645 855191614 694860592
47919986 -49384462 697054661
508472944 -264805472 107920489
17487483 962928545 858983423
-949913966 29322037 876085545
369705107 155505365 905894997
-441589345 239547247 381672607
424771149 -127641303 76387351
265596083 -882586998 471398404
72628238 -483183150 85331056
182595892 -110424795 793039022
-270027165 937495191 596170912
427027495 298484488 331365440
534947983 -831511677 146810337
246447757 -781425642 28648727
-877466699 588279465 184154092
-119055350 -853309881 276217691
-884866392 423977622 148576389
-808479042 -457909943 265989391
662919361 614718295 782806241
600766768 -350169460 524897798
246322141 379803375 314909342
842493053 -340652777 613393830
26374844 -953188442 781882153
-974298467 293259316 456511
-945649741 268308970 441252328
238504350 -998230028 440458801
514722040 -883096420 716952775
-484185220 -691575462 259042832
781804171 971343899 726277480
417126763 424627019 376108020
942024561 -476534488 608427747
-890549746 -781525083 267774970
722844083 244849762 314586529
357242587 270551295 460362197
210215450 324901554 728671167
-496015871 -584077744 730441139
944442929 930644296 847344719
-486087945 -701024571 8285609
772954887 -919220401 979629508
-648251282 350422715 256772879
727856737 144963628 780238391
-811199165 254413882 998713309
456575805 -170225683 96079423
-376321315 -960466743 219147070
84040881 249748707 544048624
-334771601 753732836 959970880
-751814111 550692118 743131528
-904469394 -935395828 42106957
-896183786 690075412 975402909
935962074 -958175871 178341977
45251304 622197219 175821957
-321993954 810998055 430235840
-470764294 120090212 112526509
625315128 743768897 152059766
844462197 -319673870 401808473
241027172 345554529 8057662
53514403 593740418 411266132
-350837717 541787377 328386657
-456214409 498119944 18462070
-628295148 286598370 912802552
550046828 -815633974 387516124
725868784 -137627928 51030531
8620975 391607779 23637095
121147484 -130560741 767405992
273207249 -433582191 300248474
-472467926 807444981 645803003
535589735 -286524263 92059773
946855866 362638020 486363502
-872241126 906423611 984483446
-853779058 -869355185 123598168
911539847 680691643 307964194
151572322 259076780 22852618
-944880796 -879785893 414460397
-921243702 241361591 136416009
846162289 -632914807 702833818
-853589239 -105382733 362795151
644730116 -717276646 76270888
-410693760 -917904428 291425260
75669741 -790145554 50365224
-87330462 -791408258 181010039
-963732296 -879868412 861701683
196748250 124220263 973294815
219600867 179339467 93508922
-513422384 258095765 187386866
-377006376 -43225594 554472059
325827441 -44298480 449089326
688622591 -547052012 731812680
-382590169 42254228 813908252
-91164910 -882076032 23762698
-40799687 -116890141 84870792
140210352 -228106084 57518733
-145571614 968642166 181738996
827723200 40759385 213594815
-226251527 527337001 471690580
-38864662 -997153023 280981338
515607396 328674418 236682858
-182786927 -130186638 689630846
-598457896 487223193 584401426
-932033293 -751425365 554841747
-908270596 207774949 437951606
-970883452 -799498347 62361874
-913364719 54930039 31004040
268374276 -264830409 924279778
481969091 508918064 304133131
-193823978 -677430245 306980109
87157360 838177151 635654527
-823643431 -492093423 357984241
865987415 -90551319 845207434
-697094808 -22584611 93782070
-142253061 -78338854 154073371
-851785104 -49222306 354575024
-789423230 37412975 262021415
-905902839 -841696396 997191006
18376938 640272695 358625422
322510069 -701034931 681195177
629490177 386122429 371888681
117661055 562478999 879795258
475645296 280982766 789243939
173369081 583887958 619175680
119667502 -705848751 540836826
-873742776 -557633854 344130873
480832247 -347057084 381543848
742853661 -252959923 539847452
-407438982 765417016 32636499
-48813560 -59556563 331601569
632381616 -577550034 570240350
-995729705 540111021 132719349
-263418095 -131727331 266218467
-621657804 -958358250 702622778
-2482125 13825605 996774027
-609128947 140082830 439140173
-264998075 -526568571 92083089
-883454229 -931198557 691639519
508909576 -338637539 309572887
-605937574 612548901 250016324
725663994 97446870 672466290
-851579304 -45766482 65093663
-866343604 690815424 933366333
399874863 -930842381 827524436
-897502361 -80808153 693866393
-48211982 310062900 833949223
-756555457 -954935176 159897005
-811956017 -985873051 228698448
-120316499 375552878 890060909
189256387 769615304 355126163
-708210938 347795651 452573033
964255351 496216347 259322903
-118134634 629872743 950138327
-332251950 -117736042 871812299
-652211163 -162722050 643520499
41655229 789065969 953583399
-271879196 -967489489 851164577
-111982192 -926929153 717807879
116716255 -47245651 945877109
-993222838 -857989265 568008765
-785580323 -713683849 915804416
666992709 -896912146 264537115
926315612 -15046780 746926211
728970290 652701270 629190169
453298941 -999509894 318984472
-903180562 -105338311 108050441
902919189 622782493 993077305
606600117 -636683347 66148152
176924347 480032908 871418853
-877198546 339326423 865945942
-456673428 553746101 152262093
-688352661 73255162 255349947
576184454 -147912874 92819520
-824372984 -566426231 745520790
804817184 886872710 598527250
-876198346 836208501 345705291
-915631554 591644042 968487784
929962103 50760512 184320789
848626607 -919798789 664353697
-427438189 -944480981 856196472
438507752 -401154409 262458925
-556713804 -89507070 335714088
698636143 -660806264 40317566
791455662 -485179248 473891335
389492803 -827845711 213280397
-159463596 -851527704 49488898
186241694 -914642904 493649293
7245829 -984680802 396926157
191566617 716462158 477127368
-291563335 -858459678 532646387
564633137 580048074 131491978
827092061 -976665730 41984909
15322500 574486766 233694997
55640066 218458780 748515750
529531400 -539532065 920670039
742811797 301004340 69142335
644817046 -660237614 154499431
-9017310 347008216 22334983
387908846 -608908815 591313493
865036214 99527851 732853815
-749801048 -483322660 165418242
381690930 -803714247 41268865
276192190 211608254 615755631
509887186 -880235328 686730763
-889080713 649296072 147198698
31589325 244624221 300719390
-899268341 -258042380 640481777
107747442 732940310 987489993
-869917577 -26634491 231097530
-426087731 -309081925 330625381
306766083 -58882973 847302721
472184324 -824675691 43588475
513453188 451516499 107713081
-18274830 -186079962 227477753
668455932 -75160675 729290177
-331829018 956428651 973914399
-31109629 909676663 568388371
609372147 -130059543 153845033
449378491 -147460766 127210542
680476021 426451503 818128617
-136382247 -414266062 611761997
-436563174 -942081738 787086306
-540458348 423887803 91119158
567254732 -741870674 905039196
-352751164 926585258 829878521
376539012 -552727408 638823524
202969762 416162964 401016539
771358132 -121948537 123473349
925203165 -820053693 976012583
-95069942 860422328 254980438
-424424973 -423443567 840714376
187337023 139993259 751148991
974423328 599534911 27553147
-934457516 19305995 285682473
-176901968 666554831 64784083
-494507095 -104389804 512056676
-855683573 -901420043 928219640
397849319 722454443 658787455
521322667 500173960 838733762
-650148399 -742379630 551672442
-395167962 -166804603 128228876
445546413 -979467581 120738487
-950788244 847472101 720273399
-923235098 765530938 592095746
-637552626 -558854677 111166930
-572768544 -53361772 6777126
-60711869 -56528992 957873436
-279975878 -806163321 532844231
378811577 715159346 33018191
-929938310 -934989054 143154914
-378265868 -477640663 976350311
749963007 967905751 849399084
870701493 -982882494 549387537
443491243 -906117592 167434827
-964413012 -691153865 608580150
-853246083 -263922409 555218378
6047395 675365723 351205739
963920830 -752093803 545042418
-650718587 626717774 112718117
-765184045 696779465 30245416
-622029132 -828970051 552604754
354321179 920992956 373026857
-943763386 644210801 242660716
-394375850 -59781603 189059477
-226941024 -171678262 497905612
381639126 -172407992 233983203
-210626145 833639403 761865278
140579593 650076585 9771476
685622011 999357998 489005602
798340127 -913309694 38301419
828585542 -535338826 209331368
-766293353 818982353 130324324
-393266497 875218967 627051478
-150605782 -666640531 419786227
38453694 106418446 248107965
536359305 -659426076 75699973
-377141140 129947779 761855728
384724137 -876956275 264448665
-752988036 808665736 116323016
-263982434 459522215 203013322
-225681016 140624109 667674496
-16349648 374330757 339173202
-33508973 981064260 66908521
-553941144 -317025169 400267991
-134154918 721428525 359202789
-886046955 110304183 699776713
-957830631 733163043 829724492
656541449 -29596468 952768217
-226493534 217415497 613950305
889829481 953433063 925988872
-54640846 -419731601 66612982
-534449999 563918751 293460091
804723202 -617073869 127040703
-275851925 -171015013 810015534
-875583936 694830070 383960412
-663864795 661299468 346780947
35911917 555985191 79943990
-281847240 65042992 902863874
-476562671 838549458 120279371
-862612368 580895291 926228786
-84107143 -621229203 359013538
-164977810 -155679201 922932289
-871517721 -498439647 158374772
108039334 225708428 987359760
-229428780 202640845 534706182
-992952017 538776050 48522002
-646171071 -572795681 604507193
-713710730 145357080 522066538
189153143 668794409 213132348
161948866 658698394 794027640
-59305997 -572892397 25314789
299707540 262129793 869635588
75156181 243128425 371195942
233530952 -796315888 449420722
-926592937 -25744668 652061568
-391886756 -18696685 43353970
-343364754 335132244 470558290
-886341210 621421514 468431722
-364274673 -336908991 137226131
-151142325 825039875 648440877
-504598334 -381749769 75548481
-479283546 917957771 190194626
390352042 -154369696 285839404
-385935665 -920838744 489523516
63485056 -994915328 463778848
-431937025 -386802083 297598515
611416945 269833163 632730759
-65508414 383491953 106668625
402923307 -980782720 769759634
392665789 -279408692 447315862
-106376983 215992974 65566093
-178312151 736709428 836040216
-988117526 -20422178 534186873
-849761770 593642157 465864482
-360238255 -490356434 470949154
-896459409 77706541 84147071
-746344542 -458360162 206496586
886386216 476131424 589988540
-154428808 -268428917 461722173
-532152823 -875763129 34829833
915163038 -129623758 250822807
833245482 692064091 840048587
521802050 556462918 819626410
-944011079 706701148 265784919
-625630245 -801020755 775428485
-154681092 -844963811 705651379
929465979 -591308353 247291217
-864037437 -852405785 575938994
578467455 -6834593 307510077
-107294021 461012585 284263302
-72464189 228691975 7155896
-969125031 -85546190 699219987
-129076444 -711227788 108199258
-456933683 -802722514 667416758
808851235 -428352759 866396004
436796072 416966149 21432193
-857552551 198948480 430123841
242255018 187427397 577718056
818194011 -381588796 423399816
-21779560 511117184 884412401
-884999907 -708830653 965620728
-877844012 -677955683 880074538
821375974 192967873 21363102
-217908417 736034190 218640588
449508341 397401777 790287829
-831579304 -313285799 59770331
189852888 -318321997 258718811
-527506920 923933022 298662560
-949788865 594643385 917073765
-673872697 -574619823 280707301
-936943945 -459619730 571876648
28676782 -337463742 893920965
-238732328 -663571415 86888838
-217369227 118520168 675439380
1271361 -579455139 925357510
791559189 -411034443 612071711
851329519 778818446 146266067
-37435318 -896172122 70199089
261227241 -993444634 517358826
-969182643 -667317331 942739004
-688475343 -604261276 335635626
-116598695 424415507 998171885
777322269 -961800469 334600470
716727459 -179169696 305636990
244683190 822101665 726181852
-977442949 466177207 315147409
634628762 170023078 946482207
780894828 -867412241 50310086
703610268 246331354 56865452
73485445 277148711 389548122
-131259200 588673369 785286846
204376426 -675408974 62218705
-944935338 -898086706 100418236
389665131 671157106 921248541
695302120 -231643351 595866558
-725999677 -209086300 914560117
589147732 -721941186 84583196
-611853710 -941046359 69687308
438456375 615080262 168535014
-652161821 -458917940 298200078
737386300 409822860 886873447
375189497 -533284362 63980825
-710075446 -478219700 18410472
390342789 911445431 689567579
164107681 459263904 310440580
-387509409 733264227 101354280
527050707 174928311 379413095
464150254 563074602 290883089
386353914 -145952671 758479704
-592594721 201885508 299561764
-294394644 -208211840 561900976
-555004846 -980505990 28616615
-491024022 -690581436 550396915
-472613550 699761353 314358699
-930529620 -283614613 626138955
-620089041 328875978 211919534
481265238 -291556963 386847846
-286805316 -974890356 802438800
-995922228 411463558 656486129
-384926172 818868837 710887990
914635591 -623009454 502676150
-670947082 -178014300 522170160
357669532 330961679 831588724
-239417201 858348129 383866430
-925058504 927818509 100251817
-446403197 -839754180 281644147
-234483664 641511058 990087184
-995119467 -792777905 15196828
-192680668 -936183780 279176738
-683678187 -321109952 950561928
27209802 -553958009 327552474
-617597697 -224905091 2054526
904572463 -867235559 333016205
588677538 -254136407 43880686
-174939681 -326678558 824215547
-222171513 226918245 984461367
-940527368 992434581 478488778
902076169 997315115 685710873
769789348 -342849201 749527093
-98517562 -26527388 428417141
852044365 -999317587 874459132
32113190 -764398930 502070393
34167715 -859826468 487351187
-780299728 581367423 233214780
263580957 -741055905 906536222
-912203497 36772582 985970819
-75225778 -51238432 830921753
403262999 -296645911 680753220
-911026130 -674340211 337904019
-308982685 227142227 163892984
-880565546 -68297056 17091750
846409938 963816134 252692820
-799003317 -149499798 245382705
-311652131 70200474 826750129
921562649 -813702217 85694224
680615222 -873389361 974983158
-480897607 51384862 923744726
350024145 -692835787 479615167
-969222637 -751345563 805274957
221197734 -60328248 32417184
385090717 -88377440 816636481
402182467 -389451150 632968967
654875286 -188454467 483469169
900257991 499893403 406185995
579524471 273972404 592483779
517735046 -192896022 719094418
-654765445 326206371 770479280
-878504367 -471253132 77643494
-398889201 -587959416 178814283
406385755 633238319 118486035
291319291 -129154612 30108595
-892044230 -874455793 493173798
-406558911 780419494 304719331
-923089743 533193837 657129086
-664387396 -34765340 931101490
-71903618 -664513942 590721821
647190800 -319279387 916928192
270186431 -197783754 298191413
200346276 403327046 710231997
379160558 -337770847 195986668
-649837055 953548444 66832057
-767212109 914020567 192376264
-274038312 -640021991 825312110
-969318982 -710595381 211022299
-459673544 -374982777 176256959
-676055702 553113606 511743017
-85333882 52820758 44979983
-315889339 -824476459 847196229
-17697927 375869818 103039627
692534070 -392453272 765268781
888520737 -42290327 571333577
-192130855 190497565 337870497
-999754592 916459253 697848506
-321926130 799656624 987253125
-110903831 -807500567 612270348
-934646874 -483556269 17900306
429612496 431109849 70721064
474592478 -884779491 98760958
-825694942 -49961064 474630776
-722655315 -504910642 82177504
42613465 -763873553 892403530
613947041 43995593 82901095
951817537 -103242646 851876700
-497817606 574831224 504049677
489435518 -683556255 696549110
-45777782 -765686775 65509193
972122523 663925721 496619042
895359939 -8965449 464355904
994120896 165339609 266911192
321268023 442684294 762000550
255961878 -662185889 998126998
-999118241 951761153 42122591
-916217148 756095042 791396297
788175905 -889206211 218743873
144741933 600229307 535187619
-306192606 -593032123 769500844
-240683414 -768393247 285942917
-891548021 -873033309 276977468
572807882 973603940 294833429
839719074 147388315 737517724
-545764025 -744133455 75331835
452362972 -743251695 879609340
347001914 -806952490 488220735
-861601791 981223415 599014524
-790341565 -21518300 51760183
-255153947 672289094 458728061
514346896 -715877968 690334814
800289812 -607425989 669817858
-70216369 965381894 495938150
224617059 657617320 495842817
-185348866 -888146706 751709362
-257500679 416732620 8457667
-525374988 -383749114 201505178
962845746 -392834551 35244945
414376621 -183176116 13726646
-681346844 561669937 538532092
777381216 -71466815 822654125
320232381 -418660651 67744488
-157433410 511122980 33126382
-808978909 -411743609 543260054
-313136093 402907526 507629702
438573268 -854593154 776878674
-700452713 -527451789 393129560
501052464 -712089690 295009
-611186240 702286931 669635245
-744943243 -979059914 83821534
793588849 650837655 12354719
468759325 -176413612 593694068
536503812 666152978 957333400
422146546 857174069 545589792
-182077049 -603445672 801013670
-821930996 835127597 798936869
-45052323 -865325117 271485080
-799406411 488243700 559395390
-946595051 877057460 114198674
-276959806 -867885783 987655113
-193138273 778219419 491009121
819216446 99495096 314595509
265426865 -511484740 833264840
-924723383 910661806 542955261
620866408 -418898890 939509590
-725603571 -240829886 627153539
73333297 714117792 614344775
-802665272 914711381 102588475
756730118 968116330 832162287
-276554857 -456327124 816792857
711100255 350534604 447528628
-945374273 22267402 399540076
369221236 -859789381 888055337
-944997573 -784512764 651233495
-402042313 836353644 232334605
537467276 -889249928 991504720
-982862834 36599722 558138864
-368518060 233934451 325366597
-413413234 -156819079 145999279
-728734595 566626064 689672156
-911941740 130242671 892723112
388103241 184868399 914990514
787643316 -593394013 55201133
-471784996 -538391586 123204722
179448499 59566101 959558366
-735700545 -550450270 922824792
-891679474 -533313104 811940866
666459389 98168837 45875317
-155657663 684755603 741572590
990341616 956021008 160715006
532530123 896595622 290957678
-722230414 137215215 328342429
-954723549 -222625117 734948416
-899522418 305589888 196556830
-923801344 -662445261 108639283
-964242979 -398145806 558189013
811098165 -289825279 24875910
-524444618 -770849538 123044747
-626052949 73492800 660316702
115519640 -83649232 468854063
276234646 -698602757 217966037
-580291325 -420833171 207697604
-251948897 -375556720 985072487
482999518 -422562785 143178727
-467927301 -346364128 480733466
-359288019 -458090754 82587661
198900994 -794476237 792762382
-923706745 -318920855 21912844
-948145647 55026196 947921996
712171054 -976937811 864272764
33541468 299296835 18186359
-895976144 719005510 597353188
-688278541 -680427035 221796468
296793946 802572483 799233684
439972672 -812838466 305385908
920706138 -172126485 847295154
-144189850 -973225492 52818917
-498911117 -896932237 733898062
-624481922 -992561531 641440611
323440074 719609524 664502800
40229189 -394332656 963799635
58415548 -290308799 535321497
655768735 21412660 854894462
-269918445 -829277042 509983297
-618168410 610695631 697144831
-312782503 383918121 377534698
534512650 -907755377 256825560
-560152082 -406666494 212409676
-973737669 -31148416 219848146
-332297059 -855191990 939457670
332205740 185037200 397641366
148521726 -904030900 107332567
-463640426 751737835 128745228
-756229613 -665664258 151984538
753753683 -283832668 762680169
303414865 403384829 999114642
680949563 -209586169 91359265
937775122 230261749 684692771
-997298851 256524081 506060708
-777450706 924227022 650868718
-985476685 108949115 835905918
-587835319 -890012807 931875018
519497247 -353653232 536129206
500758826 -109882845 870464948
652743364 -503612809 439148633
267939884 799802056 842533462
-880429122 333267971 485463646
210930142 123559445 715725395
-251860735 126260595 824765828
254199972 348809889 601509203
905068689 363333205 710458318
593490959 775497886 820445511
377882328 147511485 319308631
-233472115 -499213336 209425787
-510490815 -993953620 705812978
-71342183 273986264 358131386
-376292370 393557142 543915710
109171275 -542996363 667475155
-322586978 205142902 646252102
502178849 -688140774 995061992
-896311950 -930555733 210911549
666662720 662935226 838925787
339624583 -106666093 986437272
658933213 659861792 339740288
-279124649 -998112671 345786668
-720795320 -69454854 619772933
637336066 554252777 865846427
-966231873 -484059596 322850064
701243281 193353426 380509318
-799988265 -451951372 692368544
-952409922 -495746969 761812812
258501626 -976567896 277264390
-902572589 363056687 170598297
936381035 -125493748 682976442
-871362325 595381604 684863771
-525575658 874586284 615408918
-905802727 364438702 22178047
-187439947 398206829 538118451
-864589885 -48033537 583988230
-631564214 151978198 132036858
60804329 199568276 636289889
822617140 -689413746 659721993
-900118471 -739469982 875295032
122996178 -950572595 749801285
805972619 -821934920 197699241
-656647258 -347510577 924801877
958761659 -400796951 141756932
-166543943 411763102 539963761
-775909141 399689571 344446576
-191920912 768125357 496424774
940115945 -318553962 548509402
428922186 -643420469 859095656
-58839470 -691022587 119625674
816455562 431973591 169053080
418773198 90462563 347118160
-531011210 433815305 999607583
393790666 245093316 451326985
535547597 -921450628 863090087
-71972290 -844843416 115296010
272474285 -36764327 735937719
-378584589 -244132030 417383758
169924812 -962693492 773963289
-970979533 -21532961 82940702
1162493 -352561047 367430645
-977268076 -933787850 310409560
369850084 -612282707 744224865
221974018 781507959 841834533
673301002 169571909 772900258
388907441 -902400382 928056843
-643280198 222590256 891292516
92657521 844005667 499676838
-637442370 -133553168 536983347
-863479083 -252016348 515450386
-928022030 749146145 15405691
291924967 771878070 81617842
602334527 -5755494 321851487
199075743 -931265124 103359446
-959089725 742035879 125447707
-333673115 -16540328 75563678
594383727 340179474 150670287
338192594 -714646653 994675954
837869432 -352089023 713639138
-772630870 -363051753 461622790
742819515 -438557430 63285288
758225205 853367538 687679710
692359398 308218417 681924216
-985789117 -640189488 750659092
970086681 -746762860 345211323
-51949260 -80435974 181187347
-976385584 -633535895 521366822
-973198945 704656700 806720169
-978522992 395042484 307147499
-412367502 622411614 944095746
-950744713 217747481 505538317
-34943073 -171510962 211422207
652736636 -626635212 372156976
187177203 -759907976 731967488
-209647354 -937304943 985204629
-864436032 10745797 904768655
-830732333 -113123433 123749112
690634488 -86322378 828405812
349871009 -212329017 75964648
657018507 375303482 550892614
-546369396 277075122 768640095
959168920 -905351599 449645485
23107478 747385037 823010273
395264453 -212921408 63102297
-872768060 577431238 125797355
-35047079 565511559 136543152
-277762073 734779227 875936071
-154012962 277930067 789613694
-473090798 -519682572 429801029
602873849 -862664066 805104511
-993717185 -556517108 934695985
774922909 -744831836 29344386
-922915254 278275643 629245775
-99904982 -473943552 416324367
963197315 -494195259 846271958
-58488979 470757662 264299869
-69429476 -954488059 999079096
806506595 -108501020 129525516
448636640 418408182 609842944
878437668 -126201617 599695232
536058531 -119918802 43178124
-676729133 -492479540 150862640
352615253 -415394794 429138283
981861027 484700224 955194732
250701746 300413891 313515825
-903026298 -905558736 784273488
-786210077 25011789 829785429
-934614629 -315965264 573800761
194910886 -867328625 992208943
-342729819 863625396 718523679
-890518236 252200279 598604877
-994823761 575471147 106125337
-843961121 -219397248 543246895
585177161 -385019869 27947120
392888244 865681877 180877363
706404069 815171932 275318628
343193908 -971038145 152846769
25495688 -905652774 836881505
599296449 141774465 822069233
444021743 799044646 538210981
-984938227 908526411 790411261
613666650 913702650 218398760
572308338 -930258472 999001512
-884444768 507435043 466497995
996018704 -247160361 184696225
29412418 -688239940 999868157
-842752603 654953968 881346365
-689905835 -467033991 828209944
146975669 -867737543 822500761
969044901 428800553 474061760
-640227766 443862327 235104523
-997300154 -89954671 1323525
221098605 -665129981 71065055
72616468 -697058396 431016450
539114462 -848523340 36372441
723810686 180889079 348132502
576195195 338136476 3086470
310057911 648230642 388568831
-9215793 -352277337 373347641
813284967 -530716083 802148195
-860136922 -170943849 98526874
-625032400 -168244003 8572203
-623708875 -947145399 195958574
-700127469 -22012578 498900179
730888980 -630381764 650376839
767261420 -906571078 831265918
-884606080 522140470 21918747
970996743 -315285267 522665741
-787918075 675498940 170388404
-414570434 341300260 639672321
-759905888 481163338 321244824
338620985 856130939 153000821
199709539 -915061584 58371775
395668112 -615189053 36359197
894568290 -884300074 258493786
-602538519 735477699 204439061
-918756250 703387973 726579531
103162496 526901068 263810616
625828236 738982993 939309557
-351267008 -823071089 133126169
-859078336 -582976977 466805859
-537833512 755644008 175453150
615167308 -192130101 260391566
-473944565 -943945636 645202513
-585069017 950622654 613418792
-326575232 -799399513 201412844
-122136172 -718155762 904800817
-543040290 385006734 284218237
-279229674 -136648677 875717582
-487403766 512084315 52646494
645722402 653005979 469669517
-887471741 -884827534 77829878
-859502238 582856128 885699777
-599110673 -891088438 941754141
46091840 -623641102 744893148
659510631 49783667 945493635
860923474 927647495 79854225
618240642 -762876442 464860960
-245024770 -42106116 180728635
630692812 470490118 692812950
-464144343 -31271128 198335281
-994474828 -66226516 166024101
-64128598 74271246 601396581
-325912469 475160574 562824496
-531641977 -626231234 939183394
-934232478 -966720604 988967061
-988738844 746719224 769130909
-908884620 217476218 6254467
408492692 972451449 816664703
589221326 455660613 139671173
134550627 991516270 108400045
-814597740 849557795 42173529
351426360 -362054450 968961128
952822940 312033081 296638054
-631836213 780391104 670406820
307347180 846158627 556202569
148830593 709936136 155438145
-229522147 653567869 372914364
-370751329 -85423086 197882165
445913373 -643685408 506059130
585584545 490865220 350091752
-453499059 676267480 52165899
-558809179 -119789808 690111449
410151948 -314450516 2144530
706790001 53713271 635051987
-770286828 -786423197 333726966
-214084259 362407396 896179454
-58646115 -867114752 402263675
-833215400 -385349728 316840589
364666764 -939436356 673155182
870725893 498664542 16536754
-926666004 -954834518 545320586
-874500105 -661127343 425530778
-184388657 749024605 111080262
-329727775 308330959 17309885
-842159437 538044131 230886688
491567528 -823523776 445810437
-759736667 117830110 431212038
-357472993 284614710 45862311
959367596 -498202173 958942308
485039129 -774959928 310123203
-645907766 -701625931 207805038
-100587181 -576126036 546677695
-822540052 239485307 148218653
-858943439 909757532 456549612
158366445 -932401906 847110095
-758230516 411681975 23586320
-312420080 651945308 141416430
118791958 -853011332 278547492
-982829380 -893643737 780345319
-23887073 443911745 5385392
286236129 798003979 156275813
494041167 -450066850 580149777
-959281140 -272606902 819635084
-958546135 -131550341 581908969
498003476 -973183897 502023416
-802370077 -878898060 766221744
221216242 -191318139 270683404
215149023 927473819 417672072
-653787134 944644439 376544688
-873441816 -226726282 820456433
984459928 -940490153 470976764
-859264261 406067367 20909914
-426598132 299302580 600819364
-754446697 340756446 469269023
827462271 -308723726 348601479
182002039 -111093803 469703420
948223782 -889877562 130901633
-928576463 177787814 58375452
-510904391 524000681 855536243
-134359704 503075218 481326313
-461386919 340051498 393352513
-990410157 333303590 799419880
883016110 906705458 951238813
-663648175 -995224887 144511611
805620848 832237385 835787885
6738678 -133244224 724694083
-671041551 -332504090 687332874
-540139919 -261080553 717637041
-629248116 228015056 94154074
-921195522 -906344648 597229292
-439869209 -515215214 789797142
-46516697 -653109018 123100732
-394580465 -917576556 882322542
556658347 -581224730 887097655
701169957 -923087530 571851392
-610525807 83651148 291123520
-885831726 412609598 958619430
654017501 872469679 697538878
-775829107 -904262084 778070286
-681675034 -825457606 724241991
915554257 -265326815 209026777
-442132250 688156489 555917760
-466515167 -853907624 638341204
-731676274 702750723 57116474
-992062268 256437032 134028944
579789124 645911225 70196445
870912643 612595853 335322395
-317951575 119129706 60308426
-767896346 343300599 156046342
10173939 661625565 330588737
734415930 429696174 65261922
-204040942 987563924 605934763
-795606831 -626434891 752027139
842734373 -358111165 307294214
752367198 -350173433 563731246
738912494 -917867957 62158824
-338374710 953044687 527271029
-3052316 -512390536 646400735
57256109 -280286882 842217686
213302451 729887057 356359603
543891187 316819339 786055777
-538330540 -887221603 626136053
67604223 -830312081 999701162
819631361 -987577709 494106349
-873074426 617305843 143932916
543173172 208734689 226064960
-542151653 870359979 31625999
-14880625 -280175985 519235463
-515963539 777080124 91464933
326254146 -157101073 821351990
682613748 -760693534 990687682
321185876 -299024073 955982432
-200161720 768580150 125670351
-347944207 440727863 990608996
146162141 420169790 460431191
-857388591 -184140685 669165880
368676368 273707662 392042211
-747181282 -888656610 111866226
772054180 -404620149 741462702
863519112 921633998 436877982
537387453 456764098 676184448
-619408514 -369533673 377160375
336573917 430304607 998256877
-685239380 -917639600 291501093
305369615 81038894 711670883
765800805 223650303 380046550
287483036 -555156977 653754213
-467958402 -302338259 765097603
-503575825 -677767727 212993806
-909596772 -961732263 134627804
-472718791 575655191 443908255
203465657 956246677 74374582
-566857617 145336947 357195541
431399260 460097567 292072294
722900352 -382016466 225627541
287087586 -763699309 449277844
667134136 523783727 894120868
173404700 -944174676 444298961
-208981346 -595234148 766531235
4012459 -504830920 804798972
-8843385 22450290 232970515
-712418779 -921567701 41733545
-785527846 -488425318 187070492
571667694 942973942 499684411
-283743660 518390646 117667945
-58116120 -342005415 353968636
-756321925 -822354927 730268715
-862201059 351049773 638610392
-565385745 -857931574 43376244
